episode,is_optimal,expected,unexpected
1,1,0.693247,0.000000
2,0,0.698260,0.000000
3,1,0.703302,0.000003
4,0,0.708341,0.000003
5,0,0.713421,0.000002
6,0,0.718535,0.000002
7,0,0.723670,0.000001
8,0,0.728818,0.000001
9,1,0.733965,0.000001
10,0,0.739132,0.000001
11,0,0.744273,0.000029
12,0,0.749381,0.000098
13,0,0.754446,0.000203
14,1,0.759454,0.000187
15,1,0.764571,0.000150
16,0,0.769788,0.000160
17,0,0.774868,0.000263
18,0,0.779811,0.000430
19,1,0.784612,0.000398
20,0,0.789602,0.000488
21,0,0.794399,0.000660
22,0,0.798999,0.000887
23,0,0.803397,0.001150
24,1,0.807580,0.001090
25,0,0.812111,0.001174
26,0,0.816354,0.001355
27,1,0.820304,0.001196
28,1,0.824676,0.000957
29,0,0.829412,0.000839
30,1,0.833734,0.000671
31,0,0.838434,0.000586
32,0,0.842684,0.000711
33,0,0.846498,0.000972
34,0,0.849889,0.001314
35,0,0.852865,0.001701
36,0,0.855430,0.002106
37,0,0.857588,0.002512
38,0,0.859341,0.002907
39,0,0.860688,0.003286
40,0,0.861629,0.003645
41,0,0.862165,0.003981
42,1,0.862297,0.003615
43,1,0.863666,0.002892
44,0,0.866076,0.002493
45,0,0.867856,0.002407
46,0,0.869039,0.002535
47,0,0.869656,0.002802
48,0,0.869735,0.003152
49,1,0.869306,0.002723
50,1,0.870283,0.002178
51,1,0.872434,0.001743
52,0,0.875565,0.001394
53,1,0.877890,0.001115
54,1,0.881148,0.000892
55,0,0.885191,0.000714
56,0,0.888345,0.000571
57,0,0.890681,0.000642
58,0,0.892268,0.001011
59,1,0.893167,0.000809
60,1,0.895132,0.000647
61,1,0.898010,0.000518
62,0,0.901669,0.000414
63,0,0.904450,0.000331
64,0,0.906431,0.000611
65,0,0.907679,0.001132
66,0,0.908259,0.001788
67,0,0.908228,0.002505
68,0,0.907636,0.003231
69,0,0.906531,0.003931
70,0,0.904956,0.004584
71,1,0.902948,0.004222
72,1,0.902376,0.003378
73,0,0.903052,0.002909
74,1,0.903073,0.002327
75,1,0.904263,0.001862
76,0,0.906465,0.001489
77,1,0.907870,0.001191
78,0,0.910240,0.000953
79,1,0.911799,0.000762
80,1,0.914281,0.000610
81,0,0.917562,0.000488
82,0,0.919955,0.000390
83,1,0.921544,0.000312
84,0,0.923995,0.000250
85,1,0.925639,0.000200
86,0,0.928117,0.000160
87,1,0.929788,0.000128
88,1,0.932266,0.000102
89,1,0.935448,0.000082
90,1,0.939238,0.000065
91,1,0.943549,0.000052
92,0,0.948301,0.000042
93,1,0.952062,0.000034
94,0,0.956272,0.000027
95,1,0.959553,0.000021
96,1,0.963288,0.000017
97,0,0.967407,0.000014
98,1,0.970623,0.000011
99,1,0.974230,0.000009
100,0,0.978166,0.000007
101,1,0.981234,0.000006
102,0,0.984638,0.000005
103,0,0.987236,0.000382
104,0,0.989108,0.000981
105,1,0.990324,0.001091
106,1,0.992001,0.000881
107,1,0.994084,0.000705
108,0,0.996517,0.000718
109,0,0.998254,0.001031
110,0,0.999366,0.001520
111,1,0.999915,0.001555
112,1,1.000922,0.001293
113,0,1.002336,0.001378
114,1,1.003163,0.001160
115,1,1.004395,0.000928
116,0,1.005983,0.000891
117,1,1.006980,0.000712
118,0,1.008329,0.000776
119,1,1.009119,0.000621
120,1,1.010260,0.000496
121,0,1.011703,0.000482
122,0,1.012598,0.000705
123,1,1.013001,0.000648
124,1,1.013745,0.000518
125,1,1.014788,0.000415
126,1,1.016086,0.000332
127,1,1.017596,0.000265
128,1,1.019275,0.000212
129,1,1.021081,0.000170
130,0,1.022972,0.000136
131,1,1.024367,0.000109
132,1,1.025831,0.000087
133,0,1.027330,0.000070
134,1,1.028423,0.000056
135,0,1.029535,0.000139
136,0,1.030310,0.000324
137,1,1.030793,0.000420
138,1,1.031300,0.000461
139,1,1.031814,0.000470
140,1,1.032317,0.000469
141,0,1.032789,0.000539
142,1,1.033067,0.000591
143,1,1.033295,0.000636
144,1,1.033454,0.000686
145,1,1.033530,0.000747
146,0,1.033505,0.000784
147,1,1.033442,0.000852
148,0,1.033244,0.000867
149,1,1.033068,0.000931
150,1,1.032730,0.001032
151,1,1.032228,0.001160
152,0,1.031557,0.001153
153,0,1.031042,0.001049
154,1,1.030686,0.001061
155,1,1.030099,0.001153
156,1,1.029292,0.001298
157,1,1.028270,0.001479
158,1,1.027039,0.001682
159,1,1.025599,0.001899
160,1,1.023951,0.002125
161,1,1.022094,0.002356
162,1,1.020026,0.002589
163,1,1.017744,0.002825
164,1,1.015248,0.003060
165,1,1.012534,0.003297
166,1,1.009601,0.003533
167,1,1.006448,0.003769
168,1,1.003074,0.004004
169,1,0.999480,0.004239
170,0,0.995667,0.003841
171,1,0.992961,0.003687
172,1,0.989908,0.003707
173,0,0.986529,0.003129
174,0,0.984329,0.002503
175,1,0.983214,0.002017
176,1,0.981542,0.001919
177,1,0.979363,0.002083
178,1,0.976719,0.002416
179,1,0.973651,0.002851
180,0,0.970195,0.002481
181,1,0.968110,0.002466
182,1,0.965524,0.002686
183,1,0.962483,0.003054
184,0,0.959028,0.002572
185,1,0.957042,0.002497
186,1,0.954528,0.002692
187,1,0.951536,0.003058
188,1,0.948114,0.003524
189,0,0.944302,0.003010
190,0,0.942108,0.002408
191,1,0.941361,0.001926
192,1,0.939949,0.001839
193,1,0.937940,0.002079
194,1,0.935393,0.002525
195,1,0.932363,0.003087
196,1,0.928898,0.003704
197,1,0.925044,0.004331
198,1,0.920840,0.004939
199,1,0.916324,0.005509
200,1,0.911527,0.006031
201,1,0.906479,0.006498
202,1,0.901208,0.006910
203,1,0.895739,0.007267
204,1,0.890092,0.007573
205,0,0.884290,0.006479
206,1,0.880681,0.005875
207,0,0.876709,0.004700
208,1,0.874730,0.003760
209,1,0.872226,0.003362
210,1,0.869253,0.003355
211,1,0.865860,0.003605
212,1,0.862092,0.004013
213,1,0.857991,0.004509
214,1,0.853594,0.005042
215,1,0.848934,0.005577
216,1,0.844042,0.006089
217,1,0.838947,0.006565
218,1,0.833672,0.006995
219,1,0.828242,0.007376
220,0,0.822676,0.006033
221,1,0.819506,0.005301
222,1,0.815977,0.004999
223,1,0.812128,0.004991
224,1,0.807997,0.005175
225,0,0.803617,0.004140
226,1,0.801515,0.003343
227,1,0.798966,0.003093
228,1,0.796020,0.003214
229,1,0.792719,0.003571
230,1,0.789103,0.004069
231,0,0.785208,0.003255
232,1,0.783551,0.002612
233,0,0.781428,0.002089
234,1,0.781296,0.001671
235,0,0.780555,0.001337
236,1,0.781607,0.001070
237,1,0.781942,0.000856
238,1,0.781629,0.000740
239,1,0.780734,0.001124
240,1,0.779316,0.001819
241,1,0.777428,0.002686
242,1,0.775121,0.003628
243,1,0.772440,0.004575
244,1,0.769425,0.005482
245,1,0.766114,0.006319
246,1,0.762541,0.007071
247,0,0.758736,0.005680
248,0,0.757127,0.004544
249,0,0.757411,0.003635
250,1,0.759332,0.002908
251,1,0.760497,0.002326
252,1,0.760978,0.001861
253,1,0.760842,0.001744
254,1,0.760152,0.002118
255,1,0.758962,0.002795
256,1,0.757324,0.003638
257,0,0.755285,0.002910
258,1,0.755142,0.002462
259,0,0.754458,0.001970
260,1,0.755483,0.001576
261,0,0.755858,0.001261
262,0,0.757793,0.001009
263,0,0.761084,0.000807
264,1,0.765554,0.000645
265,1,0.769059,0.000516
266,1,0.771687,0.000413
267,1,0.773518,0.000402
268,1,0.774628,0.001017
269,1,0.775086,0.002009
270,1,0.774956,0.003199
271,1,0.774296,0.004460
272,1,0.773160,0.005704
273,1,0.771595,0.006876
274,1,0.769647,0.007940
275,1,0.767357,0.008876
276,1,0.764759,0.009677
277,1,0.761889,0.010342
278,1,0.758776,0.010878
279,0,0.755447,0.009140
280,1,0.754061,0.008143
281,1,0.752292,0.007663
282,1,0.750178,0.007531
283,1,0.747758,0.007624
284,1,0.745065,0.007852
285,1,0.742128,0.008149
286,1,0.738976,0.008471
287,1,0.735633,0.008787
288,1,0.732121,0.009077
289,1,0.728461,0.009329
290,1,0.724672,0.009537
291,1,0.720770,0.009699
292,0,0.716771,0.007759
293,1,0.714849,0.006338
294,1,0.712635,0.005566
295,1,0.710161,0.005246
296,1,0.707454,0.005233
297,1,0.704543,0.005417
298,0,0.701449,0.004334
299,1,0.700323,0.003467
300,1,0.698841,0.002802
301,1,0.697042,0.002679
302,1,0.694959,0.002914
303,1,0.692623,0.003372
304,1,0.690061,0.003955
305,1,0.687301,0.004592
306,1,0.684364,0.005235
307,1,0.681272,0.005850
308,1,0.678043,0.006417
309,1,0.674695,0.006922
310,1,0.671244,0.007362
311,1,0.667703,0.007733
312,1,0.664086,0.008037
313,1,0.660403,0.008279
314,0,0.656666,0.006623
315,0,0.655000,0.005298
316,1,0.655125,0.004239
317,1,0.654823,0.003391
318,1,0.654136,0.002713
319,1,0.653103,0.002170
320,1,0.651761,0.002092
321,1,0.650141,0.002396
322,1,0.648274,0.002935
323,1,0.646186,0.003602
324,1,0.643903,0.004322
325,1,0.641446,0.005041
326,1,0.638836,0.005724
327,0,0.636091,0.004579
328,1,0.635255,0.003663
329,1,0.634113,0.002988
330,1,0.632695,0.002858
331,1,0.631031,0.003086
332,1,0.629147,0.003536
333,1,0.627068,0.004109
334,1,0.624817,0.004733
335,1,0.622412,0.005360
336,1,0.619872,0.005957
337,0,0.617213,0.004765
338,1,0.616437,0.003812
339,0,0.615369,0.003050
340,1,0.615967,0.002440
341,1,0.616144,0.001952
342,1,0.615941,0.001562
343,1,0.615396,0.001321
344,1,0.614544,0.001585
345,1,0.613416,0.002166
346,1,0.612042,0.002925
347,1,0.610447,0.003764
348,1,0.608656,0.004615
349,1,0.606691,0.005431
350,1,0.604570,0.006183
351,1,0.602313,0.006852
352,1,0.599935,0.007432
353,1,0.597451,0.007918
354,1,0.594874,0.008314
355,1,0.592217,0.008624
356,1,0.589490,0.008855
357,1,0.586703,0.009014
358,1,0.583865,0.009110
359,1,0.580984,0.009151
360,1,0.578067,0.009144
361,1,0.575121,0.009096
362,1,0.572151,0.009015
363,1,0.569163,0.008907
364,1,0.566162,0.008777
365,1,0.563151,0.008629
366,1,0.560135,0.008469
367,1,0.557118,0.008299
368,1,0.554101,0.008124
369,1,0.551088,0.007944
370,1,0.548082,0.007764
371,1,0.545084,0.007584
372,1,0.542097,0.007406
373,1,0.539122,0.007231
374,1,0.536161,0.007060
375,1,0.533216,0.006895
376,1,0.530287,0.006734
377,1,0.527375,0.006579
378,1,0.524482,0.006430
379,1,0.521608,0.006287
380,1,0.518755,0.006150
381,1,0.515922,0.006019
382,1,0.513110,0.005894
383,1,0.510321,0.005775
384,1,0.507553,0.005661
385,1,0.504808,0.005552
386,1,0.502086,0.005448
387,1,0.499386,0.005349
388,1,0.496710,0.005254
389,1,0.494057,0.005164
390,1,0.491428,0.005077
391,1,0.488822,0.004995
392,1,0.486240,0.004915
393,1,0.483681,0.004839
394,1,0.481146,0.004766
395,1,0.478634,0.004696
396,1,0.476146,0.004628
397,1,0.473681,0.004563
398,1,0.471239,0.004500
399,1,0.468821,0.004438
400,1,0.466425,0.004379
401,1,0.464053,0.004322
402,1,0.461703,0.004266
403,0,0.459376,0.003412
404,1,0.458742,0.002730
405,1,0.457961,0.002184
406,1,0.457047,0.001747
407,1,0.456016,0.001398
408,1,0.454879,0.001118
409,1,0.453648,0.000895
410,1,0.452335,0.000940
411,1,0.450950,0.001176
412,1,0.449500,0.001528
413,1,0.447994,0.001939
414,1,0.446438,0.002369
415,1,0.444841,0.002792
416,1,0.443207,0.003189
417,1,0.441541,0.003549
418,1,0.439849,0.003866
419,1,0.438135,0.004137
420,1,0.436402,0.004363
421,1,0.434655,0.004544
422,1,0.432896,0.004683
423,0,0.431127,0.003747
424,1,0.430904,0.002997
425,1,0.430520,0.002398
426,1,0.429991,0.001918
427,1,0.429333,0.001535
428,1,0.428559,0.001228
429,1,0.427682,0.001117
430,1,0.426713,0.001270
431,1,0.425662,0.001586
432,1,0.424539,0.001994
433,1,0.423351,0.002440
434,1,0.422107,0.002889
435,1,0.420813,0.003317
436,0,0.419476,0.002654
437,1,0.419581,0.002123
438,1,0.419505,0.001698
439,1,0.419266,0.001359
440,1,0.418882,0.001087
441,1,0.418365,0.000870
442,1,0.417732,0.000991
443,1,0.416992,0.001337
444,1,0.416159,0.001811
445,1,0.415242,0.002344
446,1,0.414251,0.002889
447,0,0.413193,0.002311
448,1,0.413506,0.001849
449,1,0.413626,0.001479
450,1,0.413571,0.001183
451,1,0.413359,0.000947
452,1,0.413006,0.000885
453,1,0.412526,0.001148
454,1,0.411931,0.001609
455,1,0.411235,0.002174
456,1,0.410448,0.002780
457,1,0.409579,0.003379
458,1,0.408638,0.003943
459,1,0.407634,0.004452
460,1,0.406572,0.004897
461,1,0.405460,0.005272
462,1,0.404304,0.005578
463,1,0.403110,0.005817
464,1,0.401882,0.005993
465,1,0.400624,0.006112
466,1,0.399341,0.006181
467,1,0.398037,0.006204
468,1,0.396714,0.006189
469,1,0.395375,0.006141
470,1,0.394024,0.006066
471,1,0.392662,0.005968
472,1,0.391292,0.005853
473,1,0.389915,0.005724
474,1,0.388533,0.005584
475,1,0.387149,0.005437
476,1,0.385763,0.005285
477,1,0.384376,0.005130
478,1,0.382990,0.004975
479,1,0.381605,0.004821
480,1,0.380223,0.004669
481,1,0.378844,0.004520
482,1,0.377469,0.004375
483,1,0.376098,0.004235
484,1,0.374733,0.004100
485,0,0.373374,0.003280
486,1,0.373320,0.002624
487,1,0.373142,0.002099
488,1,0.372852,0.001679
489,1,0.372461,0.001343
490,1,0.371979,0.001075
491,1,0.371417,0.000860
492,1,0.370782,0.000700
493,1,0.370082,0.000787
494,0,0.369325,0.000630
495,1,0.369774,0.000504
496,1,0.370053,0.000403
497,1,0.370178,0.000323
498,1,0.370166,0.000258
499,1,0.370028,0.000206
500,1,0.369778,0.000202
501,1,0.369427,0.000496
502,1,0.368986,0.000968
503,1,0.368464,0.001533
504,1,0.367869,0.002130
505,1,0.367209,0.002718
506,1,0.366491,0.003268
507,1,0.365722,0.003765
508,1,0.364907,0.004198
509,1,0.364052,0.004564
510,1,0.363162,0.004863
511,1,0.362239,0.005098
512,1,0.361290,0.005272
513,1,0.360316,0.005392
514,1,0.359321,0.005463
515,1,0.358308,0.005491
516,1,0.357280,0.005483
517,1,0.356238,0.005442
518,1,0.355185,0.005376
519,1,0.354123,0.005289
520,1,0.353054,0.005184
521,1,0.351978,0.005066
522,1,0.350898,0.004938
523,1,0.349814,0.004802
524,1,0.348727,0.004663
525,1,0.347640,0.004520
526,1,0.346551,0.004377
527,1,0.345463,0.004235
528,1,0.344376,0.004095
529,1,0.343291,0.003957
530,1,0.342207,0.003823
531,1,0.341127,0.003694
532,1,0.340049,0.003569
533,1,0.338975,0.003449
534,1,0.337905,0.003334
535,1,0.336840,0.003224
536,1,0.335778,0.003119
537,1,0.334721,0.003020
538,1,0.333670,0.002925
539,1,0.332623,0.002836
540,1,0.331582,0.002751
541,1,0.330546,0.002671
542,1,0.329515,0.002595
543,1,0.328491,0.002523
544,0,0.327472,0.002018
545,1,0.327577,0.001615
546,1,0.327575,0.001292
547,1,0.327477,0.001033
548,1,0.327293,0.000827
549,1,0.327031,0.000661
550,1,0.326699,0.000529
551,1,0.326305,0.000423
552,1,0.325854,0.000366
553,1,0.325353,0.000508
554,1,0.324808,0.000772
555,1,0.324222,0.001102
556,1,0.323601,0.001459
557,1,0.322949,0.001815
558,1,0.322269,0.002152
559,1,0.321564,0.002458
560,1,0.320838,0.002727
561,1,0.320092,0.002956
562,1,0.319330,0.003144
563,0,0.318554,0.002515
564,1,0.318833,0.002012
565,1,0.318994,0.001610
566,1,0.319050,0.001288
567,1,0.319010,0.001030
568,1,0.318884,0.000824
569,1,0.318681,0.000659
570,1,0.318408,0.000613
571,1,0.318072,0.000793
572,1,0.317681,0.001109
573,1,0.317240,0.001497
574,1,0.316754,0.001911
575,1,0.316228,0.002321
576,1,0.315666,0.002705
577,1,0.315073,0.003051
578,1,0.314451,0.003351
579,1,0.313805,0.003602
580,1,0.313137,0.003806
581,1,0.312449,0.003962
582,1,0.311745,0.004076
583,1,0.311026,0.004150
584,1,0.310294,0.004189
585,1,0.309551,0.004197
586,1,0.308798,0.004179
587,1,0.308038,0.004138
588,1,0.307270,0.004079
589,1,0.306497,0.004005
590,1,0.305719,0.003919
591,1,0.304937,0.003824
592,1,0.304153,0.003722
593,1,0.303366,0.003615
594,1,0.302578,0.003506
595,1,0.301789,0.003395
596,1,0.301000,0.003284
597,1,0.300211,0.003175
598,1,0.299422,0.003067
599,1,0.298635,0.002962
600,1,0.297849,0.002859
601,1,0.297065,0.002761
602,1,0.296282,0.002665
603,1,0.295502,0.002574
604,1,0.294724,0.002487
605,1,0.293949,0.002404
606,1,0.293176,0.002325
607,1,0.292407,0.002249
608,1,0.291641,0.002178
609,1,0.290877,0.002111
610,1,0.290117,0.002047
611,0,0.289361,0.001637
612,1,0.289569,0.001310
613,1,0.289685,0.001048
614,1,0.289716,0.000838
615,1,0.289672,0.000671
616,1,0.289560,0.000537
617,1,0.289387,0.000429
618,1,0.289159,0.000343
619,1,0.288881,0.000275
620,1,0.288559,0.000348
621,1,0.288197,0.000561
622,1,0.287800,0.000854
623,1,0.287371,0.001185
624,1,0.286914,0.001522
625,1,0.286431,0.001846
626,1,0.285927,0.002143
627,1,0.285402,0.002407
628,1,0.284860,0.002633
629,1,0.284303,0.002820
630,1,0.283732,0.002968
631,1,0.283149,0.003081
632,1,0.282555,0.003161
633,1,0.281953,0.003211
634,1,0.281343,0.003235
635,1,0.280727,0.003236
636,1,0.280105,0.003217
637,1,0.279478,0.003181
638,1,0.278847,0.003133
639,1,0.278213,0.003073
640,1,0.277576,0.003005
641,1,0.276938,0.002930
642,1,0.276298,0.002850
643,1,0.275657,0.002768
644,1,0.275016,0.002683
645,1,0.274375,0.002598
646,1,0.273734,0.002513
647,1,0.273093,0.002429
648,1,0.272454,0.002346
649,1,0.271815,0.002266
650,1,0.271178,0.002188
651,1,0.270542,0.002113
652,1,0.269908,0.002040
653,1,0.269276,0.001971
654,1,0.268646,0.001904
655,1,0.268017,0.001841
656,1,0.267391,0.001781
657,1,0.266768,0.001724
658,1,0.266146,0.001669
659,1,0.265527,0.001618
660,1,0.264911,0.001569
661,1,0.264297,0.001523
662,1,0.263686,0.001479
663,1,0.263077,0.001438
664,1,0.262472,0.001399
665,1,0.261868,0.001362
666,1,0.261268,0.001327
667,1,0.260671,0.001293
668,0,0.260076,0.001035
669,1,0.260334,0.000828
670,1,0.260510,0.000662
671,1,0.260612,0.000530
672,1,0.260647,0.000424
673,1,0.260621,0.000339
674,1,0.260541,0.000271
675,1,0.260412,0.000217
676,1,0.260239,0.000174
677,1,0.260026,0.000166
678,1,0.259778,0.000320
679,1,0.259498,0.000571
680,1,0.259189,0.000871
681,1,0.258855,0.001187
682,1,0.258498,0.001497
683,1,0.258120,0.001786
684,1,0.257725,0.002045
685,1,0.257314,0.002269
686,1,0.256888,0.002456
687,1,0.256450,0.002606
688,1,0.256000,0.002722
689,1,0.255541,0.002806
690,1,0.255074,0.002860
691,1,0.254599,0.002888
692,1,0.254117,0.002893
693,1,0.253630,0.002879
694,0,0.253138,0.002303
695,1,0.253454,0.001842
696,1,0.253685,0.001474
697,1,0.253840,0.001179
698,1,0.253926,0.000943
699,1,0.253951,0.000755
700,1,0.253919,0.000604
701,1,0.253837,0.000483
702,1,0.253710,0.000417
703,1,0.253541,0.000548
704,1,0.253337,0.000799
705,1,0.253099,0.001114
706,1,0.252832,0.001453
707,1,0.252538,0.001790
708,1,0.252221,0.002107
709,1,0.251883,0.002392
710,1,0.251526,0.002640
711,1,0.251152,0.002847
712,1,0.250764,0.003015
713,1,0.250362,0.003144
714,1,0.249948,0.003236
715,1,0.249525,0.003296
716,1,0.249092,0.003327
717,1,0.248651,0.003333
718,1,0.248203,0.003316
719,1,0.247750,0.003282
720,1,0.247290,0.003232
721,1,0.246827,0.003170
722,1,0.246360,0.003098
723,1,0.245889,0.003019
724,1,0.245416,0.002935
725,1,0.244940,0.002847
726,1,0.244463,0.002757
727,1,0.243984,0.002666
728,1,0.243504,0.002576
729,1,0.243024,0.002486
730,1,0.242543,0.002398
731,1,0.242062,0.002313
732,1,0.241581,0.002230
733,0,0.241100,0.001784
734,1,0.241384,0.001427
735,1,0.241592,0.001142
736,1,0.241732,0.000913
737,1,0.241810,0.000731
738,1,0.241833,0.000585
739,1,0.241805,0.000468
740,1,0.241732,0.000374
741,1,0.241618,0.000299
742,1,0.241468,0.000346
743,1,0.241285,0.000536
744,1,0.241073,0.000810
745,1,0.240833,0.001124
746,1,0.240571,0.001447
747,1,0.240287,0.001759
748,1,0.239984,0.002046
749,1,0.239664,0.002301
750,1,0.239329,0.002519
751,1,0.238981,0.002700
752,1,0.238620,0.002844
753,1,0.238249,0.002953
754,1,0.237869,0.003029
755,1,0.237481,0.003077
756,1,0.237085,0.003099
757,1,0.236683,0.003099
758,1,0.236276,0.003080
759,1,0.235864,0.003046
760,1,0.235447,0.002998
761,1,0.235027,0.002940
762,1,0.234604,0.002873
763,1,0.234179,0.002801
764,1,0.233751,0.002724
765,1,0.233322,0.002645
766,1,0.232891,0.002563
767,1,0.232460,0.002481
768,1,0.232027,0.002400
769,1,0.231594,0.002320
770,1,0.231161,0.002241
771,1,0.230728,0.002164
772,1,0.230294,0.002090
773,1,0.229861,0.002018
774,1,0.229429,0.001949
775,1,0.228997,0.001884
776,1,0.228566,0.001821
777,1,0.228135,0.001761
778,1,0.227706,0.001704
779,1,0.227277,0.001650
780,0,0.226850,0.001320
781,1,0.227137,0.001056
782,1,0.227354,0.000845
783,1,0.227509,0.000676
784,1,0.227606,0.000541
785,1,0.227651,0.000433
786,1,0.227650,0.000346
787,1,0.227607,0.000277
788,1,0.227527,0.000221
789,1,0.227412,0.000227
790,1,0.227267,0.000388
791,1,0.227094,0.000641
792,1,0.226897,0.000942
793,1,0.226678,0.001257
794,1,0.226439,0.001564
795,1,0.226183,0.001850
796,1,0.225910,0.002105
797,1,0.225624,0.002325
798,1,0.225325,0.002509
799,1,0.225014,0.002656
800,1,0.224694,0.002769
801,1,0.224365,0.002850
802,1,0.224029,0.002903
803,1,0.223685,0.002929
804,1,0.223336,0.002934
805,1,0.222981,0.002919
806,1,0.222621,0.002889
807,1,0.222258,0.002845
808,1,0.221891,0.002791
809,1,0.221521,0.002728
810,1,0.221148,0.002660
811,1,0.220774,0.002586
812,1,0.220397,0.002510
813,1,0.220020,0.002432
814,1,0.219641,0.002353
815,1,0.219261,0.002275
816,1,0.218880,0.002197
817,1,0.218499,0.002121
818,1,0.218118,0.002047
819,1,0.217737,0.001976
820,1,0.217356,0.001906
821,1,0.216975,0.001840
822,1,0.216594,0.001777
823,1,0.216214,0.001716
824,1,0.215834,0.001658
825,1,0.215455,0.001603
826,1,0.215077,0.001552
827,1,0.214700,0.001502
828,1,0.214323,0.001456
829,1,0.213947,0.001412
830,1,0.213573,0.001370
831,1,0.213199,0.001330
832,1,0.212826,0.001293
833,1,0.212455,0.001258
834,1,0.212084,0.001225
835,1,0.211715,0.001193
836,1,0.211346,0.001163
837,1,0.210979,0.001135
838,1,0.210614,0.001107
839,1,0.210249,0.001082
840,1,0.209886,0.001057
841,1,0.209523,0.001034
842,1,0.209163,0.001011
843,1,0.208803,0.000990
844,1,0.208445,0.000969
845,1,0.208088,0.000949
846,1,0.207732,0.000930
847,1,0.207377,0.000912
848,1,0.207024,0.000894
849,1,0.206672,0.000877
850,1,0.206322,0.000860
851,1,0.205972,0.000844
852,1,0.205624,0.000828
853,1,0.205277,0.000812
854,1,0.204932,0.000797
855,1,0.204588,0.000783
856,1,0.204245,0.000768
857,1,0.203903,0.000754
858,1,0.203563,0.000740
859,1,0.203224,0.000727
860,1,0.202886,0.000713
861,1,0.202549,0.000700
862,1,0.202214,0.000688
863,1,0.201880,0.000675
864,1,0.201547,0.000663
865,1,0.201215,0.000650
866,1,0.200885,0.000638
867,1,0.200556,0.000627
868,1,0.200228,0.000615
869,1,0.199901,0.000604
870,1,0.199576,0.000592
871,1,0.199251,0.000581
872,1,0.198928,0.000570
873,1,0.198606,0.000559
874,1,0.198286,0.000549
875,1,0.197966,0.000538
876,1,0.197648,0.000528
877,1,0.197331,0.000518
878,1,0.197015,0.000508
879,1,0.196700,0.000498
880,1,0.196386,0.000488
881,1,0.196074,0.000479
882,1,0.195762,0.000469
883,1,0.195452,0.000460
884,1,0.195143,0.000451
885,1,0.194835,0.000442
886,1,0.194528,0.000433
887,1,0.194222,0.000424
888,0,0.193917,0.000339
889,1,0.194216,0.000271
890,1,0.194455,0.000217
891,1,0.194642,0.000174
892,1,0.194780,0.000139
893,1,0.194875,0.000111
894,1,0.194931,0.000089
895,1,0.194952,0.000071
896,1,0.194941,0.000057
897,1,0.194901,0.000046
898,1,0.194835,0.000076
899,1,0.194746,0.000232
900,1,0.194636,0.000460
901,1,0.194507,0.000722
902,1,0.194361,0.000991
903,1,0.194201,0.001250
904,1,0.194027,0.001488
905,1,0.193840,0.001697
906,1,0.193643,0.001875
907,1,0.193436,0.002021
908,1,0.193221,0.002135
909,1,0.192997,0.002219
910,1,0.192767,0.002277
911,1,0.192531,0.002310
912,1,0.192290,0.002322
913,1,0.192043,0.002316
914,1,0.191793,0.002294
915,1,0.191539,0.002259
916,1,0.191281,0.002215
917,1,0.191021,0.002162
918,1,0.190758,0.002103
919,1,0.190493,0.002040
920,1,0.190226,0.001973
921,1,0.189958,0.001905
922,1,0.189688,0.001837
923,1,0.189418,0.001768
924,1,0.189146,0.001701
925,1,0.188874,0.001635
926,1,0.188601,0.001570
927,1,0.188328,0.001509
928,1,0.188054,0.001449
929,1,0.187781,0.001392
930,1,0.187507,0.001338
931,1,0.187233,0.001287
932,1,0.186960,0.001238
933,1,0.186686,0.001193
934,1,0.186413,0.001149
935,1,0.186140,0.001109
936,1,0.185868,0.001071
937,1,0.185596,0.001035
938,1,0.185324,0.001002
939,1,0.185053,0.000970
940,1,0.184783,0.000941
941,1,0.184513,0.000913
942,1,0.184244,0.000887
943,1,0.183975,0.000863
944,1,0.183707,0.000840
945,1,0.183440,0.000819
946,1,0.183173,0.000798
947,1,0.182907,0.000779
948,1,0.182642,0.000761
949,1,0.182377,0.000744
950,1,0.182113,0.000728
951,0,0.181850,0.000582
952,1,0.182143,0.000466
953,1,0.182380,0.000373
954,1,0.182569,0.000298
955,1,0.182714,0.000238
956,1,0.182818,0.000191
957,1,0.182886,0.000153
958,1,0.182921,0.000122
959,1,0.182927,0.000098
960,1,0.182907,0.000078
961,1,0.182862,0.000140
962,1,0.182796,0.000319
963,1,0.182711,0.000564
964,1,0.182608,0.000837
965,1,0.182490,0.001114
966,1,0.182358,0.001378
967,1,0.182213,0.001619
968,1,0.182057,0.001830
969,1,0.181891,0.002009
970,1,0.181715,0.002155
971,1,0.181532,0.002270
972,1,0.181341,0.002354
973,1,0.181145,0.002411
974,1,0.180942,0.002444
975,1,0.180734,0.002456
976,1,0.180522,0.002449
977,1,0.180306,0.002428
978,1,0.180086,0.002393
979,1,0.179863,0.002349
980,1,0.179637,0.002296
981,1,0.179409,0.002238
982,0,0.179179,0.001790
983,1,0.179485,0.001432
984,1,0.179737,0.001146
985,1,0.179938,0.000917
986,1,0.180095,0.000733
987,1,0.180211,0.000587
988,1,0.180291,0.000469
989,1,0.180338,0.000375
990,0,0.180355,0.000300
991,1,0.180878,0.000240
992,1,0.181325,0.000192
993,1,0.181704,0.000154
994,1,0.182020,0.000123
995,1,0.182279,0.000098
996,1,0.182488,0.000079
997,1,0.182651,0.000063
998,1,0.182772,0.000280
999,1,0.182855,0.000664
1000,1,0.182905,0.001134
1001,1,0.182924,0.001635
1002,1,0.182915,0.002129
1003,1,0.182882,0.002591
1004,1,0.182826,0.003006
1005,1,0.182750,0.003365
1006,1,0.182656,0.003667
1007,1,0.182546,0.003910
1008,1,0.182421,0.004098
1009,1,0.182284,0.004235
1010,1,0.182134,0.004326
1011,1,0.181974,0.004376
1012,1,0.181804,0.004390
1013,1,0.181626,0.004374
1014,1,0.181440,0.004333
1015,1,0.181247,0.004271
1016,1,0.181049,0.004193
1017,1,0.180845,0.004102
1018,1,0.180636,0.004001
1019,1,0.180422,0.003893
1020,1,0.180205,0.003781
1021,1,0.179985,0.003667
1022,1,0.179761,0.003552
1023,1,0.179535,0.003437
1024,1,0.179307,0.003324
1025,1,0.179076,0.003214
1026,1,0.178844,0.003107
1027,1,0.178610,0.003004
1028,1,0.178375,0.002904
1029,1,0.178139,0.002810
1030,1,0.177901,0.002719
1031,1,0.177663,0.002633
1032,1,0.177424,0.002552
1033,1,0.177185,0.002474
1034,1,0.176945,0.002401
1035,1,0.176705,0.002332
1036,1,0.176465,0.002267
1037,1,0.176224,0.002206
1038,1,0.175984,0.002147
1039,1,0.175743,0.002093
1040,1,0.175502,0.002041
1041,1,0.175262,0.001991
1042,1,0.175022,0.001945
1043,1,0.174781,0.001901
1044,1,0.174542,0.001858
1045,1,0.174302,0.001818
1046,1,0.174063,0.001780
1047,1,0.173824,0.001743
1048,1,0.173585,0.001708
1049,1,0.173347,0.001674
1050,1,0.173110,0.001641
1051,1,0.172872,0.001610
1052,1,0.172636,0.001579
1053,1,0.172400,0.001550
1054,1,0.172164,0.001521
1055,1,0.171929,0.001493
1056,1,0.171694,0.001465
1057,1,0.171460,0.001438
1058,1,0.171226,0.001412
1059,1,0.170993,0.001386
1060,1,0.170761,0.001361
1061,1,0.170529,0.001336
1062,1,0.170298,0.001312
1063,1,0.170067,0.001287
1064,1,0.169837,0.001264
1065,1,0.169608,0.001240
1066,1,0.169379,0.001217
1067,1,0.169151,0.001194
1068,1,0.168923,0.001171
1069,1,0.168696,0.001149
1070,1,0.168470,0.001127
1071,1,0.168244,0.001105
1072,1,0.168019,0.001083
1073,1,0.167795,0.001062
1074,1,0.167571,0.001041
1075,1,0.167348,0.001020
1076,1,0.167125,0.000999
1077,1,0.166903,0.000979
1078,1,0.166682,0.000959
1079,1,0.166461,0.000939
1080,1,0.166241,0.000920
1081,1,0.166022,0.000900
1082,1,0.165803,0.000881
1083,1,0.165585,0.000862
1084,1,0.165367,0.000844
1085,1,0.165150,0.000825
1086,1,0.164934,0.000807
1087,1,0.164718,0.000790
1088,1,0.164503,0.000772
1089,1,0.164289,0.000755
1090,1,0.164075,0.000738
1091,1,0.163862,0.000721
1092,1,0.163649,0.000705
1093,1,0.163438,0.000689
1094,1,0.163226,0.000673
1095,1,0.163015,0.000657
1096,1,0.162805,0.000642
1097,1,0.162596,0.000627
1098,1,0.162387,0.000612
1099,1,0.162179,0.000598
1100,1,0.161971,0.000584
1101,1,0.161764,0.000570
1102,1,0.161557,0.000556
1103,1,0.161351,0.000543
1104,1,0.161146,0.000530
1105,1,0.160941,0.000517
1106,1,0.160737,0.000504
1107,1,0.160534,0.000492
1108,1,0.160331,0.000480
1109,1,0.160128,0.000468
1110,1,0.159926,0.000456
1111,1,0.159725,0.000445
1112,1,0.159524,0.000434
1113,1,0.159324,0.000423
1114,1,0.159125,0.000412
1115,1,0.158926,0.000402
1116,1,0.158727,0.000392
1117,1,0.158530,0.000382
1118,1,0.158332,0.000372
1119,1,0.158136,0.000363
1120,1,0.157939,0.000353
1121,1,0.157744,0.000344
1122,1,0.157549,0.000335
1123,1,0.157354,0.000327
1124,1,0.157160,0.000318
1125,1,0.156967,0.000310
1126,1,0.156774,0.000302
1127,1,0.156581,0.000294
1128,1,0.156390,0.000286
1129,1,0.156198,0.000279
1130,0,0.156008,0.000223
1131,1,0.156291,0.000179
1132,1,0.156528,0.000143
1133,1,0.156724,0.000114
1134,1,0.156881,0.000091
1135,1,0.157004,0.000073
1136,1,0.157096,0.000059
1137,1,0.157160,0.000047
1138,1,0.157199,0.000037
1139,1,0.157215,0.000030
1140,1,0.157210,0.000024
1141,1,0.157187,0.000139
1142,1,0.157147,0.000333
1143,1,0.157093,0.000568
1144,1,0.157025,0.000816
1145,1,0.156944,0.001058
1146,1,0.156853,0.001282
1147,1,0.156752,0.001481
1148,1,0.156643,0.001653
1149,1,0.156525,0.001794
1150,1,0.156401,0.001906
1151,1,0.156270,0.001991
1152,1,0.156134,0.002050
1153,1,0.155992,0.002086
1154,1,0.155846,0.002103
1155,1,0.155696,0.002102
1156,1,0.155543,0.002087
1157,1,0.155386,0.002060
1158,1,0.155227,0.002024
1159,1,0.155065,0.001980
1160,1,0.154901,0.001931
1161,1,0.154735,0.001877
1162,0,0.154567,0.001502
1163,1,0.154858,0.001201
1164,1,0.155103,0.000961
1165,0,0.155305,0.000769
1166,1,0.155925,0.000615
1167,1,0.156467,0.000492
1168,1,0.156938,0.000394
1169,1,0.157345,0.000315
1170,1,0.157693,0.000252
1171,1,0.157989,0.000202
1172,1,0.158237,0.000161
1173,1,0.158441,0.000129
1174,1,0.158607,0.000274
1175,1,0.158737,0.000619
1176,1,0.158835,0.001075
1177,1,0.158904,0.001578
1178,1,0.158948,0.002083
1179,1,0.158968,0.002561
1180,1,0.158967,0.002995
1181,1,0.158948,0.003373
1182,1,0.158911,0.003693
1183,1,0.158858,0.003952
1184,1,0.158792,0.004155
1185,1,0.158713,0.004304
1186,0,0.158624,0.003443
1187,1,0.158983,0.002755
1188,1,0.159287,0.002204
1189,1,0.159543,0.001763
1190,1,0.159755,0.001410
1191,1,0.159927,0.001128
1192,1,0.160063,0.000903
1193,1,0.160166,0.000866
1194,1,0.160239,0.001039
1195,1,0.160286,0.001337
1196,1,0.160309,0.001700
1197,1,0.160311,0.002085
1198,1,0.160293,0.002464
1199,1,0.160257,0.002818
1200,1,0.160206,0.003136
1201,1,0.160140,0.003412
1202,1,0.160062,0.003643
1203,1,0.159972,0.003830
1204,1,0.159871,0.003975
1205,1,0.159762,0.004081
1206,1,0.159644,0.004152
1207,1,0.159518,0.004192
1208,1,0.159385,0.004205
1209,1,0.159247,0.004195
1210,1,0.159103,0.004166
1211,1,0.158953,0.004121
1212,1,0.158800,0.004064
1213,1,0.158642,0.003997
1214,1,0.158481,0.003922
1215,1,0.158317,0.003842
1216,1,0.158150,0.003759
1217,1,0.157980,0.003673
1218,1,0.157808,0.003586
1219,1,0.157634,0.003499
1220,1,0.157459,0.003413
1221,1,0.157281,0.003329
1222,1,0.157102,0.003247
1223,1,0.156922,0.003166
1224,1,0.156741,0.003089
1225,1,0.156559,0.003014
1226,1,0.156376,0.002942
1227,1,0.156192,0.002872
1228,1,0.156008,0.002806
1229,1,0.155823,0.002742
1230,1,0.155638,0.002680
1231,1,0.155452,0.002621
1232,1,0.155266,0.002565
1233,1,0.155080,0.002511
1234,1,0.154894,0.002458
1235,1,0.154707,0.002408
1236,1,0.154521,0.002359
1237,1,0.154334,0.002313
1238,1,0.154148,0.002267
1239,1,0.153961,0.002223
1240,1,0.153775,0.002180
1241,1,0.153588,0.002139
1242,1,0.153402,0.002098
1243,1,0.153216,0.002058
1244,1,0.153031,0.002020
1245,1,0.152845,0.001981
1246,1,0.152660,0.001944
1247,1,0.152475,0.001908
1248,1,0.152290,0.001871
1249,1,0.152106,0.001836
1250,1,0.151922,0.001801
1251,1,0.151738,0.001766
1252,1,0.151554,0.001732
1253,1,0.151371,0.001699
1254,1,0.151188,0.001665
1255,1,0.151006,0.001633
1256,1,0.150824,0.001600
1257,1,0.150642,0.001568
1258,1,0.150461,0.001536
1259,1,0.150280,0.001505
1260,1,0.150099,0.001473
1261,1,0.149919,0.001443
1262,1,0.149739,0.001412
1263,1,0.149560,0.001382
1264,1,0.149381,0.001352
1265,1,0.149203,0.001323
1266,1,0.149025,0.001294
1267,1,0.148847,0.001265
1268,1,0.148670,0.001237
1269,1,0.148493,0.001209
1270,1,0.148317,0.001181
1271,1,0.148141,0.001154
1272,1,0.147965,0.001127
1273,1,0.147790,0.001101
1274,1,0.147616,0.001075
1275,1,0.147441,0.001049
1276,1,0.147268,0.001024
1277,1,0.147094,0.000999
1278,1,0.146921,0.000975
1279,1,0.146749,0.000951
1280,1,0.146577,0.000927
1281,0,0.146405,0.000742
1282,1,0.146686,0.000593
1283,1,0.146923,0.000475
1284,1,0.147119,0.000380
1285,1,0.147280,0.000304
1286,1,0.147407,0.000243
1287,1,0.147505,0.000194
1288,1,0.147576,0.000156
1289,1,0.147624,0.000124
1290,1,0.147649,0.000100
1291,1,0.147655,0.000143
1292,1,0.147643,0.000304
1293,1,0.147615,0.000531
1294,1,0.147573,0.000788
1295,1,0.147519,0.001051
1296,1,0.147452,0.001303
1297,1,0.147375,0.001532
1298,1,0.147289,0.001734
1299,1,0.147195,0.001905
1300,0,0.147093,0.001524
1301,1,0.147429,0.001219
1302,1,0.147716,0.000975
1303,1,0.147958,0.000780
1304,1,0.148159,0.000624
1305,1,0.148323,0.000499
1306,1,0.148454,0.000399
1307,1,0.148554,0.000320
1308,1,0.148628,0.000271
1309,1,0.148677,0.000411
1310,1,0.148704,0.000665
1311,1,0.148711,0.000979
1312,1,0.148701,0.001314
1313,1,0.148674,0.001645
1314,1,0.148632,0.001955
1315,1,0.148578,0.002233
1316,1,0.148512,0.002474
1317,1,0.148435,0.002676
1318,1,0.148349,0.002839
1319,1,0.148254,0.002966
1320,1,0.148152,0.003058
1321,1,0.148042,0.003120
1322,1,0.147927,0.003155
1323,1,0.147806,0.003167
1324,1,0.147680,0.003159
1325,1,0.147549,0.003135
1326,1,0.147415,0.003097
1327,1,0.147277,0.003048
1328,1,0.147136,0.002992
1329,1,0.146992,0.002929
1330,0,0.146845,0.002343
1331,1,0.147140,0.001875
1332,1,0.147389,0.001500
1333,1,0.147597,0.001200
1334,1,0.147767,0.000960
1335,1,0.147904,0.000768
1336,1,0.148010,0.000614
1337,1,0.148088,0.000491
1338,1,0.148142,0.000393
1339,1,0.148173,0.000491
1340,1,0.148184,0.000713
1341,1,0.148177,0.001005
1342,1,0.148153,0.001327
1343,1,0.148114,0.001651
1344,1,0.148062,0.001960
1345,1,0.147999,0.002241
1346,1,0.147924,0.002489
1347,1,0.147840,0.002701
1348,1,0.147747,0.002876
1349,1,0.147646,0.003015
1350,1,0.147538,0.003121
1351,1,0.147424,0.003197
1352,1,0.147304,0.003246
1353,1,0.147180,0.003271
1354,1,0.147050,0.003276
1355,1,0.146917,0.003263
1356,1,0.146779,0.003237
1357,1,0.146639,0.003198
1358,1,0.146496,0.003151
1359,1,0.146350,0.003096
1360,1,0.146202,0.003036
1361,1,0.146051,0.002972
1362,1,0.145899,0.002905
1363,1,0.145745,0.002837
1364,1,0.145590,0.002769
1365,1,0.145434,0.002701
1366,1,0.145276,0.002633
1367,1,0.145118,0.002567
1368,0,0.144958,0.002054
1369,1,0.145243,0.001643
1370,1,0.145484,0.001314
1371,1,0.145684,0.001051
1372,1,0.145847,0.000841
1373,1,0.145978,0.000673
1374,1,0.146079,0.000538
1375,1,0.146153,0.000431
1376,1,0.146202,0.000345
1377,1,0.146230,0.000414
1378,1,0.146239,0.000618
1379,1,0.146229,0.000898
1380,1,0.146204,0.001213
1381,1,0.146164,0.001533
1382,1,0.146111,0.001841
1383,1,0.146047,0.002122
1384,1,0.145972,0.002372
1385,1,0.145887,0.002585
1386,1,0.145795,0.002762
1387,1,0.145694,0.002903
1388,1,0.145587,0.003011
1389,1,0.145474,0.003088
1390,1,0.145355,0.003138
1391,1,0.145231,0.003164
1392,1,0.145103,0.003169
1393,1,0.144971,0.003157
1394,1,0.144835,0.003130
1395,1,0.144696,0.003092
1396,1,0.144555,0.003043
1397,1,0.144410,0.002988
1398,1,0.144264,0.002927
1399,1,0.144116,0.002862
1400,1,0.143966,0.002794
1401,1,0.143814,0.002725
1402,1,0.143661,0.002655
1403,1,0.143507,0.002585
1404,1,0.143352,0.002517
1405,1,0.143196,0.002449
1406,1,0.143039,0.002384
1407,1,0.142881,0.002320
1408,1,0.142723,0.002258
1409,1,0.142564,0.002198
1410,1,0.142405,0.002141
1411,1,0.142246,0.002086
1412,1,0.142086,0.002033
1413,1,0.141926,0.001982
1414,1,0.141766,0.001934
1415,1,0.141606,0.001887
1416,1,0.141446,0.001842
1417,1,0.141285,0.001799
1418,1,0.141125,0.001758
1419,1,0.140965,0.001719
1420,1,0.140805,0.001680
1421,1,0.140645,0.001643
1422,1,0.140485,0.001608
1423,1,0.140326,0.001573
1424,1,0.140166,0.001540
1425,1,0.140007,0.001508
1426,1,0.139848,0.001476
1427,1,0.139689,0.001445
1428,1,0.139531,0.001415
1429,1,0.139372,0.001386
1430,1,0.139214,0.001357
1431,1,0.139057,0.001329
1432,1,0.138899,0.001301
1433,1,0.138742,0.001274
1434,1,0.138585,0.001247
1435,1,0.138429,0.001221
1436,1,0.138272,0.001195
1437,1,0.138117,0.001170
1438,1,0.137961,0.001144
1439,1,0.137806,0.001120
1440,1,0.137651,0.001095
1441,1,0.137496,0.001071
1442,1,0.137342,0.001047
1443,1,0.137188,0.001024
1444,1,0.137035,0.001001
1445,1,0.136882,0.000978
1446,1,0.136729,0.000955
1447,1,0.136576,0.000933
1448,1,0.136424,0.000911
1449,1,0.136273,0.000889
1450,1,0.136121,0.000868
1451,1,0.135970,0.000847
1452,1,0.135820,0.000826
1453,1,0.135669,0.000805
1454,1,0.135519,0.000785
1455,1,0.135370,0.000766
1456,1,0.135221,0.000746
1457,1,0.135072,0.000727
1458,1,0.134923,0.000708
1459,1,0.134775,0.000690
1460,1,0.134627,0.000671
1461,1,0.134480,0.000654
1462,1,0.134333,0.000636
1463,1,0.134186,0.000619
1464,1,0.134040,0.000602
1465,1,0.133894,0.000585
1466,1,0.133748,0.000569
1467,1,0.133603,0.000553
1468,1,0.133458,0.000538
1469,1,0.133314,0.000523
1470,1,0.133170,0.000508
1471,1,0.133026,0.000493
1472,1,0.132882,0.000479
1473,1,0.132739,0.000465
1474,1,0.132596,0.000452
1475,1,0.132454,0.000438
1476,1,0.132312,0.000425
1477,1,0.132170,0.000413
1478,1,0.132029,0.000400
1479,1,0.131888,0.000388
1480,1,0.131747,0.000377
1481,1,0.131607,0.000365
1482,1,0.131467,0.000354
1483,1,0.131327,0.000343
1484,1,0.131187,0.000333
1485,1,0.131048,0.000322
1486,1,0.130910,0.000312
1487,1,0.130771,0.000303
1488,1,0.130633,0.000293
1489,1,0.130496,0.000284
1490,1,0.130358,0.000275
1491,1,0.130221,0.000266
1492,1,0.130085,0.000258
1493,1,0.129948,0.000250
1494,1,0.129812,0.000242
1495,1,0.129677,0.000234
1496,1,0.129541,0.000226
1497,1,0.129406,0.000219
1498,1,0.129271,0.000212
1499,1,0.129137,0.000205
1500,1,0.129003,0.000198
1501,1,0.128869,0.000192
1502,1,0.128736,0.000185
1503,1,0.128602,0.000179
1504,1,0.128469,0.000173
1505,1,0.128337,0.000167
1506,1,0.128205,0.000162
1507,1,0.128073,0.000156
1508,1,0.127941,0.000151
1509,1,0.127810,0.000146
1510,1,0.127679,0.000141
1511,1,0.127548,0.000136
1512,1,0.127418,0.000132
1513,1,0.127288,0.000127
1514,0,0.127158,0.000102
1515,1,0.127427,0.000081
1516,1,0.127656,0.000065
1517,1,0.127851,0.000052
1518,1,0.128013,0.000042
1519,1,0.128147,0.000033
1520,1,0.128254,0.000027
1521,1,0.128338,0.000021
1522,1,0.128401,0.000017
1523,1,0.128444,0.000014
1524,1,0.128470,0.000011
1525,1,0.128481,0.000072
1526,1,0.128477,0.000223
1527,1,0.128461,0.000422
1528,1,0.128434,0.000641
1529,1,0.128396,0.000861
1530,1,0.128349,0.001068
1531,1,0.128294,0.001255
1532,1,0.128231,0.001417
1533,1,0.128161,0.001553
1534,1,0.128086,0.001663
1535,1,0.128005,0.001748
1536,1,0.127920,0.001810
1537,1,0.127830,0.001851
1538,1,0.127736,0.001874
1539,1,0.127638,0.001881
1540,1,0.127538,0.001875
1541,1,0.127435,0.001859
1542,1,0.127329,0.001834
1543,1,0.127221,0.001802
1544,1,0.127112,0.001765
1545,1,0.127000,0.001724
1546,1,0.126887,0.001681
1547,1,0.126772,0.001637
1548,1,0.126657,0.001592
1549,1,0.126540,0.001547
1550,1,0.126422,0.001503
1551,1,0.126304,0.001460
1552,1,0.126184,0.001418
1553,1,0.126065,0.001379
1554,1,0.125944,0.001341
1555,1,0.125823,0.001304
1556,1,0.125702,0.001270
1557,1,0.125580,0.001238
1558,1,0.125459,0.001208
1559,1,0.125337,0.001179
1560,1,0.125214,0.001152
1561,1,0.125092,0.001127
1562,1,0.124969,0.001103
1563,1,0.124847,0.001081
1564,1,0.124724,0.001060
1565,1,0.124602,0.001040
1566,1,0.124479,0.001021
1567,1,0.124357,0.001002
1568,1,0.124234,0.000985
1569,1,0.124112,0.000968
1570,1,0.123990,0.000952
1571,1,0.123868,0.000937
1572,1,0.123746,0.000922
1573,1,0.123624,0.000907
1574,1,0.123502,0.000892
1575,1,0.123381,0.000878
1576,1,0.123259,0.000864
1577,1,0.123138,0.000850
1578,1,0.123017,0.000836
1579,1,0.122896,0.000823
1580,1,0.122776,0.000809
1581,1,0.122655,0.000795
1582,1,0.122535,0.000782
1583,1,0.122415,0.000768
1584,1,0.122296,0.000754
1585,1,0.122176,0.000741
1586,1,0.122057,0.000727
1587,1,0.121938,0.000714
1588,1,0.121819,0.000700
1589,1,0.121700,0.000686
1590,1,0.121582,0.000673
1591,1,0.121464,0.000659
1592,1,0.121346,0.000645
1593,1,0.121228,0.000632
1594,1,0.121111,0.000618
1595,1,0.120993,0.000604
1596,1,0.120876,0.000591
1597,1,0.120760,0.000578
1598,1,0.120643,0.000564
1599,1,0.120527,0.000551
1600,1,0.120411,0.000538
1601,1,0.120295,0.000525
1602,1,0.120180,0.000512
1603,1,0.120064,0.000499
1604,1,0.119949,0.000486
1605,1,0.119835,0.000474
1606,1,0.119720,0.000461
1607,1,0.119606,0.000449
1608,1,0.119492,0.000437
1609,1,0.119378,0.000425
1610,1,0.119264,0.000413
1611,1,0.119151,0.000402
1612,1,0.119038,0.000391
1613,1,0.118925,0.000379
1614,1,0.118812,0.000368
1615,1,0.118700,0.000358
1616,1,0.118588,0.000347
1617,1,0.118476,0.000337
1618,1,0.118364,0.000327
1619,1,0.118253,0.000317
1620,1,0.118141,0.000307
1621,1,0.118030,0.000298
1622,1,0.117920,0.000288
1623,1,0.117809,0.000279
1624,1,0.117699,0.000270
1625,1,0.117589,0.000262
1626,1,0.117479,0.000253
1627,1,0.117369,0.000245
1628,1,0.117260,0.000237
1629,1,0.117151,0.000229
1630,1,0.117042,0.000222
1631,1,0.116933,0.000214
1632,1,0.116825,0.000207
1633,1,0.116716,0.000200
1634,1,0.116608,0.000193
1635,1,0.116500,0.000187
1636,1,0.116393,0.000180
1637,1,0.116285,0.000174
1638,1,0.116178,0.000168
1639,1,0.116071,0.000162
1640,1,0.115965,0.000156
1641,1,0.115858,0.000151
1642,1,0.115752,0.000145
1643,1,0.115646,0.000140
1644,1,0.115540,0.000135
1645,1,0.115434,0.000130
1646,1,0.115329,0.000125
1647,1,0.115224,0.000121
1648,1,0.115119,0.000116
1649,1,0.115014,0.000112
1650,1,0.114910,0.000108
1651,1,0.114805,0.000104
1652,1,0.114701,0.000100
1653,1,0.114597,0.000096
1654,1,0.114493,0.000093
1655,1,0.114390,0.000089
1656,1,0.114287,0.000086
1657,1,0.114184,0.000083
1658,1,0.114081,0.000079
1659,1,0.113978,0.000076
1660,1,0.113876,0.000073
1661,1,0.113773,0.000071
1662,1,0.113671,0.000068
1663,1,0.113569,0.000065
1664,1,0.113468,0.000063
1665,1,0.113366,0.000060
1666,1,0.113265,0.000058
1667,1,0.113164,0.000055
1668,1,0.113063,0.000053
1669,1,0.112963,0.000051
1670,1,0.112862,0.000049
1671,1,0.112762,0.000047
1672,1,0.112662,0.000045
1673,1,0.112562,0.000043
1674,1,0.112462,0.000042
1675,1,0.112363,0.000040
1676,1,0.112264,0.000038
1677,1,0.112165,0.000037
1678,1,0.112066,0.000035
1679,1,0.111967,0.000034
1680,1,0.111869,0.000032
1681,1,0.111770,0.000031
1682,1,0.111672,0.000030
1683,1,0.111574,0.000029
1684,1,0.111477,0.000027
1685,1,0.111379,0.000026
1686,1,0.111282,0.000025
1687,1,0.111185,0.000024
1688,1,0.111088,0.000023
1689,1,0.110991,0.000022
1690,1,0.110894,0.000021
1691,1,0.110798,0.000020
1692,1,0.110702,0.000019
1693,1,0.110606,0.000019
1694,1,0.110510,0.000018
1695,1,0.110414,0.000017
1696,0,0.110319,0.000014
1697,1,0.110562,0.000011
1698,1,0.110773,0.000009
1699,1,0.110954,0.000007
1700,1,0.111107,0.000006
1701,1,0.111235,0.000004
1702,1,0.111342,0.000004
1703,1,0.111428,0.000003
1704,1,0.111497,0.000002
1705,1,0.111548,0.000002
1706,1,0.111586,0.000001
1707,1,0.111609,0.000028
1708,1,0.111621,0.000150
1709,1,0.111622,0.000326
1710,1,0.111614,0.000526
1711,1,0.111597,0.000731
1712,1,0.111571,0.000927
1713,1,0.111539,0.001106
1714,1,0.111500,0.001263
1715,1,0.111456,0.001396
1716,1,0.111406,0.001505
1717,1,0.111352,0.001591
1718,1,0.111294,0.001656
1719,1,0.111232,0.001701
1720,1,0.111166,0.001730
1721,1,0.111098,0.001744
1722,1,0.111027,0.001745
1723,1,0.110953,0.001737
1724,1,0.110877,0.001720
1725,1,0.110800,0.001698
1726,1,0.110720,0.001670
1727,1,0.110639,0.001639
1728,1,0.110557,0.001606
1729,1,0.110473,0.001572
1730,1,0.110389,0.001537
1731,1,0.110303,0.001502
1732,1,0.110217,0.001468
1733,1,0.110129,0.001434
1734,1,0.110041,0.001402
1735,1,0.109953,0.001371
1736,1,0.109864,0.001342
1737,1,0.109774,0.001314
1738,1,0.109684,0.001288
1739,1,0.109594,0.001263
1740,1,0.109504,0.001239
1741,1,0.109413,0.001217
1742,1,0.109322,0.001197
1743,1,0.109231,0.001177
1744,1,0.109139,0.001158
1745,1,0.109048,0.001141
1746,1,0.108956,0.001124
1747,1,0.108864,0.001107
1748,1,0.108773,0.001092
1749,1,0.108681,0.001076
1750,1,0.108589,0.001062
1751,1,0.108498,0.001047
1752,1,0.108406,0.001033
1753,1,0.108314,0.001018
1754,1,0.108223,0.001004
1755,1,0.108131,0.000990
1756,1,0.108040,0.000976
1757,1,0.107948,0.000962
1758,1,0.107857,0.000948
1759,1,0.107766,0.000933
1760,1,0.107675,0.000919
1761,1,0.107584,0.000904
1762,1,0.107493,0.000889
1763,1,0.107402,0.000874
1764,1,0.107311,0.000859
1765,1,0.107221,0.000844
1766,1,0.107130,0.000828
1767,1,0.107040,0.000813
1768,1,0.106950,0.000797
1769,1,0.106860,0.000781
1770,1,0.106770,0.000765
1771,1,0.106680,0.000749
1772,1,0.106590,0.000733
1773,1,0.106501,0.000717
1774,1,0.106411,0.000701
1775,1,0.106322,0.000685
1776,1,0.106233,0.000669
1777,1,0.106144,0.000653
1778,1,0.106056,0.000637
1779,1,0.105967,0.000621
1780,1,0.105879,0.000605
1781,1,0.105790,0.000589
1782,1,0.105702,0.000573
1783,1,0.105614,0.000558
1784,1,0.105526,0.000543
1785,1,0.105439,0.000527
1786,1,0.105351,0.000512
1787,1,0.105264,0.000498
1788,1,0.105176,0.000483
1789,1,0.105089,0.000469
1790,1,0.105002,0.000454
1791,1,0.104916,0.000440
1792,1,0.104829,0.000427
1793,1,0.104743,0.000413
1794,1,0.104656,0.000400
1795,1,0.104570,0.000387
1796,1,0.104484,0.000375
1797,1,0.104398,0.000362
1798,1,0.104313,0.000350
1799,1,0.104227,0.000338
1800,1,0.104142,0.000327
1801,1,0.104056,0.000315
1802,1,0.103971,0.000304
1803,1,0.103886,0.000293
1804,1,0.103802,0.000283
1805,1,0.103717,0.000273
1806,1,0.103632,0.000263
1807,1,0.103548,0.000253
1808,1,0.103464,0.000244
1809,1,0.103380,0.000235
1810,1,0.103296,0.000226
1811,1,0.103212,0.000217
1812,1,0.103129,0.000209
1813,1,0.103045,0.000201
1814,1,0.102962,0.000193
1815,1,0.102879,0.000186
1816,1,0.102796,0.000178
1817,1,0.102713,0.000171
1818,1,0.102630,0.000164
1819,1,0.102548,0.000158
1820,1,0.102465,0.000151
1821,1,0.102383,0.000145
1822,1,0.102301,0.000139
1823,1,0.102219,0.000133
1824,1,0.102137,0.000128
1825,1,0.102055,0.000122
1826,1,0.101974,0.000117
1827,1,0.101892,0.000112
1828,1,0.101811,0.000107
1829,1,0.101730,0.000103
1830,1,0.101649,0.000098
1831,1,0.101568,0.000094
1832,1,0.101487,0.000090
1833,1,0.101406,0.000086
1834,1,0.101326,0.000082
1835,1,0.101246,0.000078
1836,1,0.101166,0.000075
1837,1,0.101085,0.000071
1838,1,0.101006,0.000068
1839,1,0.100926,0.000065
1840,1,0.100846,0.000062
1841,1,0.100767,0.000059
1842,1,0.100687,0.000056
1843,1,0.100608,0.000054
1844,1,0.100529,0.000051
1845,1,0.100450,0.000049
1846,1,0.100371,0.000046
1847,1,0.100293,0.000044
1848,1,0.100214,0.000042
1849,1,0.100136,0.000040
1850,1,0.100057,0.000038
1851,1,0.099979,0.000036
1852,1,0.099901,0.000034
1853,1,0.099823,0.000033
1854,1,0.099746,0.000031
1855,1,0.099668,0.000030
1856,0,0.099590,0.000024
1857,1,0.099819,0.000019
1858,1,0.100017,0.000015
1859,1,0.100188,0.000012
1860,1,0.100334,0.000010
1861,1,0.100459,0.000008
1862,1,0.100563,0.000006
1863,1,0.100649,0.000005
1864,1,0.100719,0.000004
1865,1,0.100775,0.000003
1866,1,0.100817,0.000003
1867,1,0.100847,0.000008
1868,1,0.100866,0.000113
1869,1,0.100875,0.000274
1870,1,0.100876,0.000462
1871,1,0.100869,0.000658
1872,1,0.100855,0.000846
1873,1,0.100834,0.001019
1874,1,0.100808,0.001172
1875,1,0.100776,0.001303
1876,1,0.100740,0.001412
1877,1,0.100700,0.001499
1878,1,0.100655,0.001565
1879,1,0.100608,0.001614
1880,1,0.100557,0.001646
1881,1,0.100504,0.001665
1882,1,0.100448,0.001672
1883,1,0.100390,0.001670
1884,1,0.100330,0.001660
1885,1,0.100269,0.001645
1886,1,0.100206,0.001625
1887,1,0.100141,0.001601
1888,1,0.100075,0.001576
1889,1,0.100008,0.001550
1890,1,0.099940,0.001522
1891,1,0.099870,0.001495
1892,1,0.099801,0.001469
1893,1,0.099730,0.001443
1894,1,0.099659,0.001418
1895,1,0.099587,0.001394
1896,1,0.099515,0.001371
1897,1,0.099442,0.001349
1898,1,0.099369,0.001329
1899,1,0.099295,0.001310
1900,1,0.099221,0.001292
1901,1,0.099147,0.001274
1902,1,0.099073,0.001258
1903,1,0.098998,0.001242
1904,1,0.098924,0.001227
1905,1,0.098849,0.001213
1906,1,0.098774,0.001199
1907,1,0.098699,0.001185
1908,1,0.098624,0.001171
1909,1,0.098549,0.001158
1910,1,0.098473,0.001144
1911,1,0.098398,0.001131
1912,1,0.098323,0.001117
1913,1,0.098248,0.001103
1914,1,0.098172,0.001089
1915,1,0.098097,0.001075
1916,1,0.098022,0.001060
1917,1,0.097947,0.001045
1918,1,0.097872,0.001030
1919,1,0.097797,0.001014
1920,1,0.097722,0.000998
1921,1,0.097647,0.000982
1922,1,0.097572,0.000966
1923,1,0.097497,0.000949
1924,1,0.097422,0.000932
1925,1,0.097348,0.000914
1926,1,0.097273,0.000896
1927,1,0.097199,0.000879
1928,1,0.097124,0.000860
1929,1,0.097050,0.000842
1930,1,0.096976,0.000824
1931,1,0.096902,0.000805
1932,1,0.096828,0.000787
1933,1,0.096754,0.000768
1934,1,0.096680,0.000749
1935,1,0.096607,0.000730
1936,1,0.096533,0.000712
1937,1,0.096460,0.000693
1938,1,0.096386,0.000675
1939,1,0.096313,0.000656
1940,1,0.096240,0.000638
1941,1,0.096167,0.000619
1942,1,0.096094,0.000601
1943,1,0.096021,0.000584
1944,1,0.095949,0.000566
1945,1,0.095876,0.000548
1946,1,0.095804,0.000531
1947,1,0.095731,0.000514
1948,1,0.095659,0.000498
1949,1,0.095587,0.000481
1950,1,0.095515,0.000465
1951,1,0.095443,0.000449
1952,1,0.095371,0.000434
1953,1,0.095300,0.000419
1954,1,0.095228,0.000404
1955,1,0.095157,0.000389
1956,1,0.095085,0.000375
1957,1,0.095014,0.000361
1958,1,0.094943,0.000348
1959,1,0.094872,0.000335
1960,1,0.094801,0.000322
1961,1,0.094730,0.000309
1962,1,0.094660,0.000297
1963,1,0.094589,0.000286
1964,1,0.094519,0.000274
1965,1,0.094448,0.000263
1966,1,0.094378,0.000252
1967,1,0.094308,0.000242
1968,1,0.094238,0.000232
1969,1,0.094168,0.000222
1970,1,0.094099,0.000213
1971,1,0.094029,0.000203
1972,1,0.093959,0.000195
1973,1,0.093890,0.000186
1974,1,0.093821,0.000178
1975,1,0.093751,0.000170
1976,1,0.093682,0.000162
1977,1,0.093613,0.000155
1978,1,0.093544,0.000148
1979,1,0.093476,0.000141
1980,0,0.093407,0.000113
1981,1,0.093627,0.000090
1982,1,0.093819,0.000072
1983,1,0.093985,0.000058
1984,1,0.094129,0.000046
1985,1,0.094251,0.000037
1986,1,0.094354,0.000030
1987,1,0.094440,0.000024
1988,1,0.094511,0.000019
1989,1,0.094568,0.000015
1990,1,0.094612,0.000012
1991,1,0.094645,0.000011
1992,1,0.094668,0.000108
1993,1,0.094682,0.000263
1994,1,0.094687,0.000445
1995,1,0.094685,0.000635
1996,1,0.094676,0.000820
1997,1,0.094661,0.000989
1998,1,0.094641,0.001140
1999,1,0.094616,0.001269
2000,1,0.094586,0.001377
2001,1,0.094553,0.001463
2002,0,0.094516,0.001170
2003,1,0.094760,0.000936
2004,1,0.094973,0.000749
2005,1,0.095159,0.000599
2006,1,0.095320,0.000479
2007,1,0.095458,0.000384
2008,1,0.095575,0.000307
2009,1,0.095674,0.000245
2010,1,0.095757,0.000196
2011,1,0.095824,0.000168
2012,1,0.095878,0.000290
2013,1,0.095919,0.000502
2014,1,0.095949,0.000761
2015,1,0.095970,0.001037
2016,1,0.095981,0.001310
2017,1,0.095984,0.001567
2018,1,0.095980,0.001800
2019,1,0.095970,0.002005
2020,1,0.095953,0.002181
2021,1,0.095931,0.002328
2022,1,0.095904,0.002447
2023,1,0.095873,0.002541
2024,1,0.095838,0.002613
2025,1,0.095799,0.002664
2026,1,0.095758,0.002699
2027,1,0.095713,0.002720
2028,1,0.095666,0.002728
2029,1,0.095616,0.002727
2030,1,0.095564,0.002718
2031,1,0.095510,0.002702
2032,1,0.095455,0.002682
2033,1,0.095398,0.002658
2034,1,0.095339,0.002632
2035,0,0.095280,0.002105
2036,1,0.095510,0.001684
2037,1,0.095710,0.001347
2038,1,0.095884,0.001078
2039,1,0.096034,0.000862
2040,1,0.096161,0.000690
2041,1,0.096269,0.000552
2042,1,0.096360,0.000442
2043,1,0.096434,0.000353
2044,1,0.096493,0.000433
2045,1,0.096540,0.000640
2046,1,0.096575,0.000919
2047,1,0.096599,0.001230
2048,1,0.096613,0.001546
2049,1,0.096619,0.001848
2050,1,0.096617,0.002127
2051,1,0.096608,0.002374
2052,1,0.096592,0.002587
2053,1,0.096571,0.002767
2054,1,0.096545,0.002913
2055,1,0.096514,0.003028
2056,1,0.096479,0.003114
2057,1,0.096440,0.003176
2058,1,0.096397,0.003215
2059,1,0.096352,0.003236
2060,1,0.096304,0.003241
2061,1,0.096253,0.003232
2062,1,0.096200,0.003213
2063,1,0.096145,0.003185
2064,1,0.096088,0.003149
2065,1,0.096029,0.003109
2066,1,0.095969,0.003064
2067,1,0.095908,0.003017
2068,1,0.095845,0.002968
2069,1,0.095781,0.002918
2070,1,0.095716,0.002867
2071,1,0.095651,0.002816
2072,1,0.095584,0.002766
2073,1,0.095517,0.002716
2074,1,0.095449,0.002666
2075,1,0.095381,0.002618
2076,1,0.095312,0.002570
2077,1,0.095242,0.002523
2078,1,0.095173,0.002477
2079,1,0.095102,0.002432
2080,1,0.095032,0.002388
2081,1,0.094961,0.002345
2082,1,0.094890,0.002302
2083,1,0.094819,0.002259
2084,1,0.094747,0.002217
2085,1,0.094676,0.002176
2086,1,0.094604,0.002135
2087,1,0.094532,0.002094
2088,1,0.094460,0.002054
2089,1,0.094388,0.002013
2090,1,0.094316,0.001973
2091,1,0.094244,0.001933
2092,1,0.094172,0.001893
2093,1,0.094100,0.001853
2094,1,0.094028,0.001813
2095,1,0.093956,0.001774
2096,1,0.093883,0.001734
2097,1,0.093811,0.001695
2098,1,0.093739,0.001655
2099,1,0.093667,0.001616
2100,1,0.093595,0.001577
2101,1,0.093523,0.001538
2102,1,0.093451,0.001499
2103,1,0.093379,0.001460
2104,1,0.093308,0.001422
2105,1,0.093236,0.001384
2106,1,0.093164,0.001346
2107,1,0.093093,0.001308
2108,1,0.093021,0.001271
2109,1,0.092950,0.001234
2110,1,0.092879,0.001198
2111,1,0.092808,0.001162
2112,1,0.092737,0.001126
2113,1,0.092666,0.001091
2114,1,0.092595,0.001057
2115,1,0.092524,0.001023
2116,1,0.092453,0.000989
2117,1,0.092383,0.000956
2118,1,0.092312,0.000924
2119,1,0.092242,0.000893
2120,1,0.092172,0.000862
2121,1,0.092101,0.000831
2122,1,0.092031,0.000801
2123,1,0.091961,0.000772
2124,1,0.091892,0.000744
2125,1,0.091822,0.000716
2126,1,0.091752,0.000689
2127,1,0.091683,0.000663
2128,1,0.091613,0.000637
2129,1,0.091544,0.000612
2130,1,0.091475,0.000588
2131,1,0.091406,0.000564
2132,1,0.091337,0.000541
2133,1,0.091268,0.000519
2134,1,0.091199,0.000497
2135,1,0.091130,0.000477
2136,1,0.091062,0.000456
2137,1,0.090993,0.000437
2138,1,0.090925,0.000418
2139,1,0.090857,0.000399
2140,1,0.090789,0.000382
2141,1,0.090721,0.000364
2142,1,0.090653,0.000348
2143,1,0.090585,0.000332
2144,1,0.090518,0.000317
2145,1,0.090450,0.000302
2146,1,0.090383,0.000288
2147,1,0.090315,0.000274
2148,1,0.090248,0.000261
2149,1,0.090181,0.000248
2150,1,0.090114,0.000236
2151,1,0.090047,0.000224
2152,1,0.089980,0.000213
2153,1,0.089913,0.000202
2154,1,0.089847,0.000192
2155,1,0.089780,0.000182
2156,1,0.089714,0.000173
2157,1,0.089648,0.000163
2158,1,0.089582,0.000155
2159,1,0.089516,0.000147
2160,1,0.089450,0.000139
2161,1,0.089384,0.000131
2162,1,0.089318,0.000124
2163,1,0.089252,0.000117
2164,1,0.089187,0.000110
2165,1,0.089122,0.000104
2166,1,0.089056,0.000097
2167,1,0.088991,0.000091
2168,1,0.088926,0.000085
2169,1,0.088861,0.000080
2170,1,0.088796,0.000074
2171,1,0.088731,0.000069
2172,1,0.088666,0.000065
2173,1,0.088602,0.000060
2174,1,0.088537,0.000056
2175,1,0.088473,0.000051
2176,1,0.088409,0.000048
2177,1,0.088344,0.000044
2178,1,0.088280,0.000041
2179,1,0.088216,0.000037
2180,1,0.088152,0.000035
2181,1,0.088089,0.000032
2182,1,0.088025,0.000029
2183,1,0.087961,0.000027
2184,1,0.087898,0.000025
2185,1,0.087834,0.000023
2186,1,0.087771,0.000021
2187,1,0.087708,0.000019
2188,1,0.087645,0.000018
2189,1,0.087582,0.000016
2190,1,0.087519,0.000015
2191,1,0.087456,0.000014
2192,1,0.087393,0.000013
2193,1,0.087331,0.000012
2194,1,0.087268,0.000011
2195,1,0.087206,0.000010
2196,1,0.087144,0.000009
2197,1,0.087081,0.000009
2198,1,0.087019,0.000008
2199,1,0.086957,0.000007
2200,1,0.086895,0.000007
2201,1,0.086833,0.000006
2202,1,0.086772,0.000006
2203,1,0.086710,0.000006
2204,1,0.086648,0.000005
2205,1,0.086587,0.000005
2206,1,0.086525,0.000005
2207,1,0.086464,0.000004
2208,1,0.086403,0.000004
2209,1,0.086342,0.000004
2210,1,0.086281,0.000004
2211,1,0.086220,0.000004
2212,1,0.086159,0.000003
2213,1,0.086098,0.000003
2214,1,0.086038,0.000003
2215,1,0.085977,0.000003
2216,1,0.085917,0.000003
2217,1,0.085856,0.000003
2218,1,0.085796,0.000003
2219,1,0.085736,0.000003
2220,1,0.085676,0.000003
2221,1,0.085616,0.000002
2222,1,0.085556,0.000002
2223,1,0.085496,0.000002
2224,1,0.085436,0.000002
2225,1,0.085377,0.000002
2226,1,0.085317,0.000002
2227,1,0.085258,0.000002
2228,1,0.085198,0.000002
2229,1,0.085139,0.000002
2230,1,0.085080,0.000002
2231,1,0.085021,0.000002
2232,1,0.084962,0.000002
2233,1,0.084903,0.000002
2234,1,0.084844,0.000002
2235,1,0.084785,0.000002
2236,1,0.084726,0.000002
2237,1,0.084668,0.000002
2238,1,0.084609,0.000001
2239,1,0.084551,0.000001
2240,1,0.084492,0.000001
2241,1,0.084434,0.000001
2242,1,0.084376,0.000001
2243,1,0.084318,0.000001
2244,1,0.084260,0.000001
2245,1,0.084202,0.000001
2246,1,0.084144,0.000001
2247,1,0.084086,0.000001
2248,1,0.084029,0.000001
2249,1,0.083971,0.000001
2250,1,0.083914,0.000001
2251,1,0.083856,0.000001
2252,1,0.083799,0.000001
2253,1,0.083742,0.000001
2254,1,0.083684,0.000001
2255,1,0.083627,0.000001
2256,1,0.083570,0.000001
2257,1,0.083513,0.000001
2258,1,0.083457,0.000001
2259,1,0.083400,0.000001
2260,1,0.083343,0.000001
2261,1,0.083287,0.000001
2262,1,0.083230,0.000001
2263,1,0.083174,0.000001
2264,1,0.083117,0.000001
2265,1,0.083061,0.000001
2266,1,0.083005,0.000000
2267,1,0.082949,0.000000
2268,1,0.082893,0.000000
2269,1,0.082837,0.000000
2270,1,0.082781,0.000000
2271,1,0.082725,0.000000
2272,1,0.082669,0.000000
2273,1,0.082614,0.000000
2274,1,0.082558,0.000000
2275,1,0.082503,0.000000
2276,1,0.082447,0.000000
2277,1,0.082392,0.000000
2278,1,0.082337,0.000000
2279,1,0.082282,0.000000
2280,1,0.082227,0.000000
2281,1,0.082172,0.000000
2282,1,0.082117,0.000000
2283,1,0.082062,0.000000
2284,1,0.082007,0.000000
2285,1,0.081952,0.000000
2286,1,0.081898,0.000000
2287,1,0.081843,0.000000
2288,1,0.081789,0.000000
2289,1,0.081734,0.000000
2290,1,0.081680,0.000000
2291,1,0.081626,0.000000
2292,1,0.081572,0.000000
2293,1,0.081518,0.000000
2294,1,0.081464,0.000000
2295,1,0.081410,0.000000
2296,1,0.081356,0.000000
2297,1,0.081302,0.000000
2298,1,0.081248,0.000000
2299,1,0.081195,0.000000
2300,1,0.081141,0.000000
2301,1,0.081088,0.000000
2302,1,0.081034,0.000000
2303,1,0.080981,0.000000
2304,1,0.080927,0.000000
2305,1,0.080874,0.000000
2306,1,0.080821,0.000000
2307,1,0.080768,0.000000
2308,1,0.080715,0.000000
2309,1,0.080662,0.000000
2310,1,0.080609,0.000000
2311,1,0.080557,0.000000
2312,1,0.080504,0.000000
2313,1,0.080451,0.000000
2314,1,0.080399,0.000000
2315,1,0.080346,0.000000
2316,1,0.080294,0.000000
2317,1,0.080242,0.000000
2318,1,0.080189,0.000000
2319,1,0.080137,0.000000
2320,1,0.080085,0.000000
2321,1,0.080033,0.000000
2322,1,0.079981,0.000000
2323,1,0.079929,0.000000
2324,0,0.079877,0.000000
2325,1,0.080081,0.000000
2326,1,0.080259,0.000000
2327,1,0.080415,0.000000
2328,1,0.080551,0.000000
2329,1,0.080668,0.000000
2330,1,0.080768,0.000000
2331,1,0.080854,0.000000
2332,1,0.080925,0.000000
2333,1,0.080985,0.000000
2334,1,0.081033,0.000000
2335,1,0.081071,0.000000
2336,1,0.081100,0.000047
2337,1,0.081121,0.000161
2338,1,0.081135,0.000311
2339,1,0.081142,0.000475
2340,1,0.081144,0.000640
2341,1,0.081140,0.000796
2342,1,0.081131,0.000938
2343,1,0.081118,0.001063
2344,1,0.081100,0.001170
2345,1,0.081080,0.001259
2346,1,0.081056,0.001331
2347,1,0.081029,0.001389
2348,1,0.081000,0.001433
2349,1,0.080969,0.001466
2350,1,0.080935,0.001489
2351,1,0.080899,0.001505
2352,1,0.080862,0.001515
2353,1,0.080823,0.001519
2354,1,0.080783,0.001520
2355,1,0.080742,0.001519
2356,1,0.080700,0.001515
2357,1,0.080656,0.001510
2358,1,0.080612,0.001505
2359,1,0.080567,0.001499
2360,1,0.080521,0.001493
2361,1,0.080474,0.001487
2362,1,0.080427,0.001481
2363,1,0.080379,0.001476
2364,1,0.080331,0.001471
2365,1,0.080283,0.001466
2366,1,0.080234,0.001461
2367,1,0.080185,0.001456
2368,1,0.080135,0.001451
2369,1,0.080085,0.001446
2370,1,0.080035,0.001441
2371,1,0.079985,0.001435
2372,1,0.079934,0.001428
2373,1,0.079884,0.001421
2374,1,0.079833,0.001413
2375,1,0.079782,0.001404
2376,1,0.079731,0.001394
2377,1,0.079680,0.001384
2378,1,0.079629,0.001372
2379,1,0.079578,0.001360
2380,1,0.079526,0.001346
2381,1,0.079475,0.001332
2382,1,0.079424,0.001316
2383,1,0.079372,0.001299
2384,1,0.079321,0.001282
2385,1,0.079270,0.001263
2386,1,0.079218,0.001244
2387,1,0.079167,0.001223
2388,1,0.079116,0.001202
2389,1,0.079064,0.001180
2390,1,0.079013,0.001157
2391,1,0.078962,0.001134
2392,1,0.078911,0.001110
2393,1,0.078859,0.001086
2394,1,0.078808,0.001061
2395,1,0.078757,0.001035
2396,1,0.078706,0.001010
2397,1,0.078655,0.000984
2398,1,0.078604,0.000957
2399,1,0.078553,0.000931
2400,1,0.078502,0.000905
2401,1,0.078451,0.000878
2402,1,0.078400,0.000852
2403,1,0.078350,0.000825
2404,1,0.078299,0.000799
2405,1,0.078248,0.000773
2406,1,0.078198,0.000747
2407,1,0.078147,0.000722
2408,1,0.078097,0.000696
2409,1,0.078046,0.000671
2410,1,0.077996,0.000646
2411,1,0.077946,0.000622
2412,1,0.077896,0.000598
2413,1,0.077846,0.000575
2414,1,0.077796,0.000552
2415,1,0.077746,0.000530
2416,1,0.077696,0.000508
2417,1,0.077646,0.000486
2418,1,0.077596,0.000465
2419,1,0.077546,0.000445
2420,1,0.077496,0.000425
2421,1,0.077447,0.000406
2422,1,0.077397,0.000387
2423,1,0.077348,0.000369
2424,1,0.077298,0.000351
2425,1,0.077249,0.000333
2426,1,0.077200,0.000316
2427,1,0.077150,0.000299
2428,1,0.077101,0.000282
2429,1,0.077052,0.000266
2430,1,0.077003,0.000250
2431,1,0.076954,0.000235
2432,1,0.076905,0.000220
2433,1,0.076856,0.000205
2434,1,0.076808,0.000191
2435,1,0.076759,0.000178
2436,1,0.076710,0.000165
2437,1,0.076662,0.000154
2438,1,0.076613,0.000142
2439,1,0.076565,0.000132
2440,1,0.076516,0.000122
2441,1,0.076468,0.000112
2442,1,0.076420,0.000104
2443,1,0.076371,0.000096
2444,1,0.076323,0.000088
2445,1,0.076275,0.000081
2446,1,0.076227,0.000075
2447,1,0.076179,0.000069
2448,1,0.076131,0.000063
2449,1,0.076083,0.000058
2450,1,0.076036,0.000054
2451,1,0.075988,0.000050
2452,1,0.075940,0.000046
2453,1,0.075893,0.000042
2454,1,0.075845,0.000039
2455,1,0.075798,0.000036
2456,1,0.075750,0.000033
2457,1,0.075703,0.000031
2458,1,0.075656,0.000029
2459,1,0.075608,0.000027
2460,1,0.075561,0.000025
2461,1,0.075514,0.000024
2462,1,0.075467,0.000022
2463,1,0.075420,0.000021
2464,1,0.075373,0.000020
2465,1,0.075326,0.000019
2466,1,0.075280,0.000018
2467,1,0.075233,0.000017
2468,1,0.075186,0.000016
2469,1,0.075139,0.000015
2470,1,0.075093,0.000014
2471,1,0.075046,0.000014
2472,1,0.075000,0.000013
2473,1,0.074954,0.000013
2474,1,0.074907,0.000012
2475,1,0.074861,0.000012
2476,1,0.074815,0.000011
2477,1,0.074769,0.000011
2478,1,0.074723,0.000011
2479,1,0.074677,0.000010
2480,1,0.074631,0.000010
2481,1,0.074585,0.000010
2482,1,0.074539,0.000009
2483,1,0.074493,0.000009
2484,1,0.074447,0.000009
2485,1,0.074402,0.000009
2486,1,0.074356,0.000008
2487,1,0.074310,0.000008
2488,1,0.074265,0.000008
2489,1,0.074219,0.000008
2490,1,0.074174,0.000007
2491,1,0.074129,0.000007
2492,1,0.074083,0.000007
2493,1,0.074038,0.000007
2494,1,0.073993,0.000007
2495,1,0.073948,0.000006
2496,1,0.073903,0.000006
2497,1,0.073858,0.000006
2498,1,0.073813,0.000006
2499,1,0.073768,0.000006
2500,1,0.073723,0.000005
2501,1,0.073678,0.000005
2502,1,0.073634,0.000005
2503,1,0.073589,0.000005
2504,1,0.073544,0.000005
2505,1,0.073500,0.000004
2506,1,0.073455,0.000004
2507,1,0.073411,0.000004
2508,1,0.073366,0.000004
2509,1,0.073322,0.000004
2510,1,0.073278,0.000004
2511,1,0.073234,0.000003
2512,1,0.073189,0.000003
2513,1,0.073145,0.000003
2514,1,0.073101,0.000003
2515,1,0.073057,0.000003
2516,1,0.073013,0.000003
2517,1,0.072969,0.000003
2518,1,0.072926,0.000002
2519,1,0.072882,0.000002
2520,1,0.072838,0.000002
2521,1,0.072794,0.000002
2522,1,0.072751,0.000002
2523,1,0.072707,0.000002
2524,1,0.072664,0.000002
2525,1,0.072620,0.000002
2526,1,0.072577,0.000001
2527,1,0.072533,0.000001
2528,1,0.072490,0.000001
2529,1,0.072447,0.000001
2530,1,0.072404,0.000001
2531,1,0.072360,0.000001
2532,1,0.072317,0.000001
2533,1,0.072274,0.000001
2534,1,0.072231,0.000001
2535,1,0.072188,0.000001
2536,1,0.072145,0.000001
2537,1,0.072103,0.000001
2538,1,0.072060,0.000001
2539,1,0.072017,0.000001
2540,1,0.071974,0.000000
2541,1,0.071932,0.000000
2542,1,0.071889,0.000000
2543,1,0.071847,0.000000
2544,1,0.071804,0.000000
2545,1,0.071762,0.000000
2546,1,0.071719,0.000000
2547,1,0.071677,0.000000
2548,1,0.071635,0.000000
2549,1,0.071593,0.000000
2550,1,0.071550,0.000000
2551,1,0.071508,0.000000
2552,1,0.071466,0.000000
2553,1,0.071424,0.000000
2554,1,0.071382,0.000000
2555,1,0.071340,0.000000
2556,1,0.071298,0.000000
2557,1,0.071256,0.000000
2558,1,0.071215,0.000000
2559,1,0.071173,0.000000
2560,1,0.071131,0.000000
2561,1,0.071090,0.000000
2562,1,0.071048,0.000000
2563,1,0.071007,0.000000
2564,1,0.070965,0.000000
2565,1,0.070924,0.000000
2566,1,0.070882,0.000000
2567,1,0.070841,0.000000
2568,1,0.070800,0.000000
2569,1,0.070758,0.000000
2570,1,0.070717,0.000000
2571,1,0.070676,0.000000
2572,1,0.070635,0.000000
2573,1,0.070594,0.000000
2574,1,0.070553,0.000000
2575,1,0.070512,0.000000
2576,1,0.070471,0.000000
2577,1,0.070430,0.000000
2578,1,0.070389,0.000000
2579,1,0.070349,0.000000
2580,1,0.070308,0.000000
2581,1,0.070267,0.000000
2582,1,0.070227,0.000000
2583,1,0.070186,0.000000
2584,1,0.070146,0.000000
2585,1,0.070105,0.000000
2586,1,0.070065,0.000000
2587,1,0.070024,0.000000
2588,1,0.069984,0.000000
2589,0,0.069944,0.000000
2590,1,0.070130,0.000000
2591,1,0.070295,0.000000
2592,1,0.070439,0.000000
2593,1,0.070566,0.000000
2594,1,0.070676,0.000000
2595,1,0.070771,0.000000
2596,1,0.070852,0.000000
2597,1,0.070922,0.000000
2598,1,0.070981,0.000000
2599,1,0.071029,0.000000
2600,1,0.071069,0.000000
2601,1,0.071101,0.000006
2602,1,0.071126,0.000086
2603,1,0.071144,0.000208
2604,1,0.071157,0.000352
2605,1,0.071164,0.000500
2606,1,0.071166,0.000645
2607,1,0.071164,0.000779
2608,1,0.071159,0.000900
2609,1,0.071150,0.001007
2610,1,0.071137,0.001098
2611,1,0.071122,0.001176
2612,1,0.071104,0.001241
2613,1,0.071084,0.001295
2614,1,0.071062,0.001340
2615,1,0.071038,0.001376
2616,1,0.071013,0.001406
2617,1,0.070986,0.001430
2618,1,0.070957,0.001450
2619,1,0.070927,0.001467
2620,1,0.070896,0.001482
2621,1,0.070865,0.001495
2622,1,0.070832,0.001506
2623,1,0.070798,0.001517
2624,1,0.070764,0.001527
2625,1,0.070729,0.001536
2626,1,0.070693,0.001545
2627,1,0.070657,0.001553
2628,1,0.070620,0.001561
2629,1,0.070583,0.001569
2630,1,0.070545,0.001575
2631,1,0.070508,0.001581
2632,1,0.070469,0.001586
2633,1,0.070431,0.001590
2634,1,0.070392,0.001592
2635,1,0.070353,0.001594
2636,1,0.070314,0.001594
2637,1,0.070275,0.001592
2638,1,0.070235,0.001589
2639,1,0.070195,0.001584
2640,1,0.070155,0.001577
2641,1,0.070116,0.001569
2642,1,0.070075,0.001559
2643,1,0.070035,0.001547
2644,1,0.069995,0.001534
2645,1,0.069955,0.001519
2646,1,0.069915,0.001502
2647,1,0.069874,0.001483
2648,1,0.069834,0.001463
2649,1,0.069794,0.001442
2650,1,0.069753,0.001419
2651,1,0.069713,0.001394
2652,1,0.069672,0.001369
2653,1,0.069632,0.001342
2654,1,0.069591,0.001314
2655,1,0.069551,0.001286
2656,1,0.069510,0.001256
2657,1,0.069470,0.001226
2658,1,0.069430,0.001195
2659,1,0.069389,0.001164
2660,1,0.069349,0.001132
2661,1,0.069309,0.001099
2662,1,0.069268,0.001067
2663,1,0.069228,0.001034
2664,1,0.069188,0.001001
2665,1,0.069148,0.000968
2666,1,0.069107,0.000935
2667,1,0.069067,0.000903
2668,1,0.069027,0.000870
2669,1,0.068987,0.000838
2670,1,0.068947,0.000806
2671,1,0.068907,0.000774
2672,1,0.068867,0.000743
2673,1,0.068827,0.000712
2674,1,0.068787,0.000681
2675,1,0.068748,0.000650
2676,1,0.068708,0.000618
2677,1,0.068668,0.000587
2678,1,0.068628,0.000555
2679,1,0.068589,0.000524
2680,1,0.068549,0.000494
2681,1,0.068509,0.000464
2682,1,0.068470,0.000435
2683,1,0.068430,0.000406
2684,1,0.068391,0.000379
2685,1,0.068352,0.000353
2686,1,0.068312,0.000328
2687,1,0.068273,0.000305
2688,1,0.068234,0.000283
2689,1,0.068194,0.000262
2690,1,0.068155,0.000242
2691,1,0.068116,0.000224
2692,1,0.068077,0.000206
2693,1,0.068038,0.000190
2694,1,0.067999,0.000176
2695,1,0.067960,0.000162
2696,1,0.067921,0.000149
2697,1,0.067882,0.000138
2698,1,0.067843,0.000127
2699,1,0.067805,0.000117
2700,1,0.067766,0.000108
2701,1,0.067727,0.000100
2702,1,0.067689,0.000093
2703,1,0.067650,0.000086
2704,1,0.067611,0.000080
2705,1,0.067573,0.000074
2706,1,0.067534,0.000069
2707,1,0.067496,0.000065
2708,1,0.067458,0.000061
2709,1,0.067419,0.000057
2710,1,0.067381,0.000053
2711,1,0.067343,0.000050
2712,1,0.067304,0.000048
2713,1,0.067266,0.000045
2714,1,0.067228,0.000043
2715,1,0.067190,0.000041
2716,1,0.067152,0.000039
2717,1,0.067114,0.000037
2718,1,0.067076,0.000036
2719,1,0.067038,0.000034
2720,1,0.067000,0.000033
2721,1,0.066963,0.000032
2722,1,0.066925,0.000031
2723,1,0.066887,0.000030
2724,1,0.066849,0.000029
2725,1,0.066812,0.000028
2726,1,0.066774,0.000027
2727,1,0.066737,0.000026
2728,1,0.066699,0.000026
2729,1,0.066661,0.000025
2730,1,0.066624,0.000024
2731,1,0.066587,0.000023
2732,1,0.066549,0.000023
2733,1,0.066512,0.000022
2734,1,0.066475,0.000021
2735,1,0.066437,0.000021
2736,1,0.066400,0.000020
2737,1,0.066363,0.000020
2738,1,0.066326,0.000019
2739,1,0.066289,0.000018
2740,1,0.066252,0.000018
2741,1,0.066215,0.000017
2742,1,0.066178,0.000017
2743,1,0.066141,0.000016
2744,1,0.066104,0.000015
2745,1,0.066067,0.000015
2746,1,0.066031,0.000014
2747,1,0.065994,0.000014
2748,1,0.065957,0.000013
2749,1,0.065921,0.000013
2750,1,0.065884,0.000012
2751,1,0.065847,0.000012
2752,1,0.065811,0.000011
2753,1,0.065774,0.000011
2754,1,0.065738,0.000010
2755,1,0.065701,0.000010
2756,1,0.065665,0.000009
2757,1,0.065629,0.000009
2758,1,0.065592,0.000008
2759,1,0.065556,0.000008
2760,1,0.065520,0.000007
2761,1,0.065484,0.000007
2762,1,0.065448,0.000006
2763,1,0.065412,0.000006
2764,1,0.065376,0.000005
2765,1,0.065340,0.000005
2766,1,0.065304,0.000005
2767,1,0.065268,0.000004
2768,1,0.065232,0.000004
2769,0,0.065196,0.000003
2770,1,0.065377,0.000003
2771,1,0.065537,0.000002
2772,1,0.065677,0.000002
2773,1,0.065801,0.000001
2774,1,0.065908,0.000001
2775,1,0.066002,0.000001
2776,1,0.066083,0.000001
2777,1,0.066152,0.000001
2778,1,0.066210,0.000000
2779,1,0.066260,0.000000
2780,1,0.066301,0.000000
2781,1,0.066334,0.000000
2782,1,0.066360,0.000058
2783,1,0.066381,0.000162
2784,1,0.066395,0.000291
2785,1,0.066405,0.000429
2786,1,0.066410,0.000566
2787,1,0.066411,0.000696
2788,1,0.066408,0.000814
2789,1,0.066402,0.000920
2790,1,0.066393,0.001013
2791,1,0.066381,0.001094
2792,1,0.066367,0.001163
2793,1,0.066351,0.001223
2794,1,0.066333,0.001274
2795,1,0.066312,0.001318
2796,1,0.066291,0.001356
2797,1,0.066268,0.001389
2798,1,0.066243,0.001418
2799,1,0.066217,0.001445
2800,1,0.066190,0.001469
2801,1,0.066163,0.001492
2802,1,0.066134,0.001513
2803,1,0.066105,0.001533
2804,1,0.066074,0.001552
2805,1,0.066044,0.001570
2806,1,0.066012,0.001587
2807,1,0.065980,0.001603
2808,1,0.065948,0.001619
2809,1,0.065915,0.001633
2810,1,0.065881,0.001646
2811,1,0.065848,0.001657
2812,1,0.065814,0.001668
2813,1,0.065780,0.001676
2814,1,0.065745,0.001683
2815,1,0.065710,0.001687
2816,1,0.065675,0.001690
2817,1,0.065640,0.001691
2818,1,0.065605,0.001689
2819,1,0.065570,0.001686
2820,1,0.065534,0.001680
2821,1,0.065498,0.001672
2822,1,0.065463,0.001662
2823,1,0.065427,0.001649
2824,1,0.065391,0.001634
2825,1,0.065355,0.001617
2826,1,0.065319,0.001599
2827,1,0.065283,0.001578
2828,1,0.065247,0.001555
2829,1,0.065210,0.001531
2830,1,0.065174,0.001505
2831,1,0.065138,0.001477
2832,1,0.065102,0.001448
2833,1,0.065066,0.001418
2834,1,0.065029,0.001386
2835,1,0.064993,0.001354
2836,1,0.064957,0.001320
2837,1,0.064921,0.001286
2838,1,0.064885,0.001251
2839,1,0.064848,0.001215
2840,1,0.064812,0.001179
2841,1,0.064776,0.001142
2842,1,0.064740,0.001106
2843,1,0.064704,0.001069
2844,1,0.064668,0.001032
2845,1,0.064632,0.000995
2846,1,0.064596,0.000958
2847,1,0.064560,0.000921
2848,1,0.064524,0.000883
2849,1,0.064488,0.000844
2850,1,0.064452,0.000805
2851,1,0.064416,0.000765
2852,1,0.064380,0.000725
2853,1,0.064344,0.000685
2854,1,0.064309,0.000646
2855,1,0.064273,0.000607
2856,1,0.064237,0.000569
2857,1,0.064202,0.000533
2858,1,0.064166,0.000497
2859,1,0.064130,0.000464
2860,1,0.064095,0.000431
2861,1,0.064059,0.000400
2862,1,0.064024,0.000371
2863,1,0.063988,0.000344
2864,1,0.063953,0.000318
2865,1,0.063918,0.000294
2866,1,0.063882,0.000271
2867,1,0.063847,0.000251
2868,1,0.063812,0.000231
2869,1,0.063776,0.000213
2870,1,0.063741,0.000197
2871,1,0.063706,0.000182
2872,1,0.063671,0.000168
2873,1,0.063636,0.000155
2874,1,0.063601,0.000144
2875,1,0.063566,0.000133
2876,1,0.063531,0.000123
2877,1,0.063496,0.000115
2878,1,0.063461,0.000107
2879,1,0.063426,0.000100
2880,1,0.063392,0.000093
2881,1,0.063357,0.000087
2882,1,0.063322,0.000082
2883,1,0.063287,0.000077
2884,1,0.063253,0.000073
2885,1,0.063218,0.000069
2886,1,0.063183,0.000066
2887,1,0.063149,0.000063
2888,1,0.063114,0.000060
2889,1,0.063080,0.000057
2890,1,0.063046,0.000055
2891,1,0.063011,0.000053
2892,1,0.062977,0.000051
2893,1,0.062942,0.000049
2894,1,0.062908,0.000047
2895,1,0.062874,0.000045
2896,1,0.062840,0.000044
2897,1,0.062806,0.000043
2898,1,0.062771,0.000041
2899,1,0.062737,0.000040
2900,1,0.062703,0.000039
2901,1,0.062669,0.000038
2902,1,0.062635,0.000037
2903,1,0.062601,0.000036
2904,1,0.062567,0.000035
2905,1,0.062534,0.000034
2906,1,0.062500,0.000033
2907,1,0.062466,0.000032
2908,1,0.062432,0.000031
2909,1,0.062398,0.000030
2910,1,0.062365,0.000029
2911,1,0.062331,0.000028
2912,1,0.062297,0.000027
2913,1,0.062264,0.000026
2914,1,0.062230,0.000025
2915,1,0.062197,0.000024
2916,1,0.062163,0.000024
2917,1,0.062130,0.000023
2918,1,0.062096,0.000022
2919,1,0.062063,0.000021
2920,1,0.062030,0.000020
2921,1,0.061996,0.000019
2922,1,0.061963,0.000018
2923,1,0.061930,0.000018
2924,1,0.061897,0.000017
2925,1,0.061863,0.000016
2926,1,0.061830,0.000015
2927,1,0.061797,0.000014
2928,1,0.061764,0.000013
2929,1,0.061731,0.000012
2930,1,0.061698,0.000012
2931,1,0.061665,0.000011
2932,1,0.061632,0.000010
2933,1,0.061599,0.000009
2934,1,0.061567,0.000009
2935,1,0.061534,0.000008
2936,1,0.061501,0.000007
2937,1,0.061468,0.000007
2938,1,0.061435,0.000006
2939,1,0.061403,0.000006
2940,1,0.061370,0.000005
2941,1,0.061338,0.000005
2942,1,0.061305,0.000005
2943,1,0.061272,0.000004
2944,1,0.061240,0.000004
2945,1,0.061207,0.000004
2946,1,0.061175,0.000003
2947,1,0.061143,0.000003
2948,1,0.061110,0.000003
2949,1,0.061078,0.000003
2950,1,0.061045,0.000002
2951,1,0.061013,0.000002
2952,1,0.060981,0.000002
2953,1,0.060949,0.000002
2954,1,0.060917,0.000002
2955,1,0.060884,0.000002
2956,1,0.060852,0.000002
2957,1,0.060820,0.000002
2958,1,0.060788,0.000002
2959,1,0.060756,0.000001
2960,1,0.060724,0.000001
2961,1,0.060692,0.000001
2962,1,0.060660,0.000001
2963,1,0.060628,0.000001
2964,1,0.060597,0.000001
2965,1,0.060565,0.000001
2966,1,0.060533,0.000001
2967,1,0.060501,0.000001
2968,1,0.060470,0.000001
2969,1,0.060438,0.000001
2970,1,0.060406,0.000001
2971,1,0.060375,0.000001
2972,1,0.060343,0.000001
2973,1,0.060311,0.000001
2974,1,0.060280,0.000001
2975,1,0.060248,0.000001
2976,1,0.060217,0.000001
2977,1,0.060186,0.000001
2978,1,0.060154,0.000001
2979,1,0.060123,0.000001
2980,1,0.060091,0.000001
2981,1,0.060060,0.000001
2982,1,0.060029,0.000001
2983,1,0.059998,0.000001
2984,1,0.059966,0.000001
2985,1,0.059935,0.000001
2986,1,0.059904,0.000001
2987,1,0.059873,0.000001
2988,1,0.059842,0.000001
2989,1,0.059811,0.000001
2990,1,0.059780,0.000000
2991,1,0.059749,0.000000
2992,1,0.059718,0.000000
2993,1,0.059687,0.000000
2994,1,0.059656,0.000000
2995,1,0.059625,0.000000
2996,1,0.059594,0.000000
2997,1,0.059564,0.000000
2998,1,0.059533,0.000000
2999,1,0.059502,0.000000
3000,1,0.059471,0.000000
3001,1,0.059441,0.000000
3002,1,0.059410,0.000000
3003,1,0.059379,0.000000
3004,1,0.059349,0.000000
3005,1,0.059318,0.000000
3006,1,0.059288,0.000000
3007,1,0.059257,0.000000
3008,1,0.059227,0.000000
3009,1,0.059196,0.000000
3010,1,0.059166,0.000000
3011,1,0.059136,0.000000
3012,1,0.059105,0.000000
3013,1,0.059075,0.000000
3014,1,0.059045,0.000000
3015,1,0.059014,0.000000
3016,1,0.058984,0.000000
3017,1,0.058954,0.000000
3018,1,0.058924,0.000000
3019,1,0.058894,0.000000
3020,1,0.058864,0.000000
3021,1,0.058834,0.000000
3022,1,0.058803,0.000000
3023,1,0.058773,0.000000
3024,1,0.058743,0.000000
3025,1,0.058714,0.000000
3026,1,0.058684,0.000000
3027,1,0.058654,0.000000
3028,1,0.058624,0.000000
3029,1,0.058594,0.000000
3030,1,0.058564,0.000000
3031,1,0.058534,0.000000
3032,1,0.058505,0.000000
3033,1,0.058475,0.000000
3034,1,0.058445,0.000000
3035,1,0.058416,0.000000
3036,1,0.058386,0.000000
3037,1,0.058356,0.000000
3038,1,0.058327,0.000000
3039,1,0.058297,0.000000
3040,1,0.058268,0.000000
3041,1,0.058238,0.000000
3042,1,0.058209,0.000000
3043,1,0.058179,0.000000
3044,1,0.058150,0.000000
3045,1,0.058120,0.000000
3046,1,0.058091,0.000000
3047,1,0.058062,0.000000
3048,1,0.058033,0.000000
3049,1,0.058003,0.000000
3050,0,0.057974,0.000000
3051,1,0.058144,0.000000
3052,1,0.058294,0.000000
3053,1,0.058427,0.000000
3054,1,0.058544,0.000000
3055,1,0.058646,0.000000
3056,1,0.058736,0.000000
3057,1,0.058814,0.000000
3058,1,0.058881,0.000000
3059,1,0.058939,0.000000
3060,1,0.058988,0.000000
3061,1,0.059029,0.000000
3062,1,0.059063,0.000000
3063,1,0.059092,0.000013
3064,1,0.059114,0.000082
3065,1,0.059131,0.000184
3066,1,0.059144,0.000301
3067,1,0.059153,0.000423
3068,1,0.059158,0.000543
3069,1,0.059159,0.000656
3070,1,0.059157,0.000762
3071,1,0.059153,0.000858
3072,1,0.059146,0.000945
3073,1,0.059137,0.001024
3074,1,0.059126,0.001095
3075,1,0.059113,0.001159
3076,1,0.059099,0.001218
3077,1,0.059083,0.001272
3078,1,0.059065,0.001323
3079,1,0.059046,0.001370
3080,1,0.059027,0.001415
3081,1,0.059006,0.001458
3082,1,0.058984,0.001499
3083,1,0.058962,0.001538
3084,1,0.058938,0.001576
3085,1,0.058914,0.001612
3086,1,0.058890,0.001647
3087,1,0.058865,0.001680
3088,1,0.058839,0.001711
3089,1,0.058813,0.001740
3090,1,0.058786,0.001767
3091,1,0.058759,0.001792
3092,1,0.058732,0.001814
3093,1,0.058705,0.001833
3094,1,0.058677,0.001849
3095,1,0.058649,0.001863
3096,1,0.058620,0.001873
3097,1,0.058592,0.001880
3098,1,0.058563,0.001884
3099,1,0.058534,0.001885
3100,1,0.058505,0.001882
3101,1,0.058476,0.001877
3102,1,0.058447,0.001868
3103,1,0.058418,0.001855
3104,1,0.058388,0.001840
3105,1,0.058359,0.001822
3106,1,0.058329,0.001801
3107,1,0.058299,0.001777
3108,1,0.058270,0.001751
3109,1,0.058240,0.001722
3110,1,0.058210,0.001691
3111,1,0.058181,0.001658
3112,1,0.058151,0.001623
3113,1,0.058121,0.001586
3114,1,0.058091,0.001548
3115,1,0.058061,0.001508
3116,1,0.058031,0.001467
3117,1,0.058002,0.001425
3118,1,0.057972,0.001382
3119,1,0.057942,0.001338
3120,1,0.057912,0.001291
3121,1,0.057882,0.001241
3122,1,0.057852,0.001189
3123,1,0.057823,0.001136
3124,1,0.057793,0.001081
3125,1,0.057763,0.001026
3126,1,0.057733,0.000970
3127,1,0.057704,0.000915
3128,1,0.057674,0.000860
3129,1,0.057644,0.000806
3130,1,0.057614,0.000754
3131,1,0.057585,0.000704
3132,1,0.057555,0.000656
3133,1,0.057526,0.000610
3134,1,0.057496,0.000566
3135,1,0.057466,0.000525
3136,1,0.057437,0.000486
3137,1,0.057407,0.000450
3138,1,0.057378,0.000416
3139,1,0.057348,0.000385
3140,1,0.057319,0.000355
3141,1,0.057290,0.000328
3142,1,0.057260,0.000303
3143,1,0.057231,0.000281
3144,1,0.057202,0.000260
3145,1,0.057172,0.000241
3146,1,0.057143,0.000223
3147,1,0.057114,0.000207
3148,1,0.057085,0.000193
3149,1,0.057055,0.000180
3150,1,0.057026,0.000168
3151,1,0.056997,0.000158
3152,1,0.056968,0.000148
3153,1,0.056939,0.000140
3154,1,0.056910,0.000132
3155,1,0.056881,0.000125
3156,1,0.056852,0.000119
3157,1,0.056823,0.000113
3158,1,0.056794,0.000108
3159,1,0.056765,0.000103
3160,1,0.056736,0.000099
3161,1,0.056707,0.000095
3162,1,0.056679,0.000092
3163,1,0.056650,0.000088
3164,1,0.056621,0.000085
3165,1,0.056592,0.000083
3166,1,0.056564,0.000080
3167,1,0.056535,0.000078
3168,1,0.056506,0.000075
3169,1,0.056478,0.000073
3170,1,0.056449,0.000071
3171,1,0.056421,0.000069
3172,1,0.056392,0.000067
3173,1,0.056364,0.000065
3174,1,0.056335,0.000063
3175,1,0.056307,0.000062
3176,1,0.056278,0.000060
3177,1,0.056250,0.000058
3178,0,0.056221,0.000046
3179,1,0.056392,0.000037
3180,1,0.056543,0.000030
3181,1,0.056677,0.000024
3182,1,0.056795,0.000019
3183,1,0.056898,0.000015
3184,1,0.056989,0.000012
3185,1,0.057068,0.000010
3186,1,0.057136,0.000008
3187,1,0.057195,0.000006
3188,1,0.057245,0.000005
3189,1,0.057287,0.000004
3190,1,0.057322,0.000003
3191,1,0.057351,0.000012
3192,1,0.057375,0.000078
3193,1,0.057393,0.000176
3194,1,0.057407,0.000290
3195,1,0.057416,0.000410
3196,1,0.057422,0.000529
3197,1,0.057425,0.000642
3198,1,0.057424,0.000747
3199,1,0.057421,0.000844
3200,1,0.057415,0.000931
3201,1,0.057406,0.001011
3202,1,0.057396,0.001084
3203,1,0.057384,0.001150
3204,1,0.057371,0.001212
3205,1,0.057355,0.001268
3206,1,0.057339,0.001322
3207,1,0.057321,0.001372
3208,1,0.057302,0.001420
3209,1,0.057282,0.001466
3210,1,0.057261,0.001510
3211,1,0.057240,0.001552
3212,1,0.057217,0.001593
3213,1,0.057194,0.001632
3214,1,0.057171,0.001670
3215,1,0.057146,0.001705
3216,1,0.057121,0.001739
3217,1,0.057096,0.001770
3218,1,0.057071,0.001800
3219,1,0.057044,0.001826
3220,1,0.057018,0.001850
3221,1,0.056991,0.001871
3222,1,0.056964,0.001888
3223,1,0.056937,0.001903
3224,1,0.056910,0.001914
3225,1,0.056882,0.001922
3226,1,0.056854,0.001926
3227,1,0.056826,0.001927
3228,1,0.056798,0.001924
3229,1,0.056770,0.001918
3230,1,0.056741,0.001909
3231,1,0.056713,0.001896
3232,1,0.056684,0.001880
3233,1,0.056655,0.001861
3234,1,0.056627,0.001838
3235,1,0.056598,0.001813
3236,1,0.056569,0.001786
3237,1,0.056540,0.001756
3238,1,0.056511,0.001723
3239,1,0.056482,0.001688
3240,1,0.056453,0.001652
3241,1,0.056424,0.001613
3242,1,0.056395,0.001573
3243,1,0.056366,0.001532
3244,1,0.056337,0.001489
3245,1,0.056308,0.001445
3246,1,0.056279,0.001398
3247,1,0.056250,0.001348
3248,1,0.056221,0.001296
3249,1,0.056192,0.001241
3250,1,0.056163,0.001185
3251,1,0.056134,0.001127
3252,1,0.056105,0.001069
3253,1,0.056076,0.001010
3254,1,0.056047,0.000952
3255,1,0.056018,0.000894
3256,1,0.055989,0.000838
3257,1,0.055960,0.000784
3258,1,0.055931,0.000731
3259,1,0.055903,0.000681
3260,1,0.055874,0.000633
3261,1,0.055845,0.000587
3262,1,0.055816,0.000544
3263,1,0.055788,0.000504
3264,1,0.055759,0.000466
3265,1,0.055730,0.000431
3266,1,0.055701,0.000399
3267,1,0.055673,0.000368
3268,1,0.055644,0.000340
3269,1,0.055616,0.000315
3270,1,0.055587,0.000291
3271,1,0.055558,0.000270
3272,1,0.055530,0.000250
3273,1,0.055501,0.000233
3274,1,0.055473,0.000216
3275,1,0.055445,0.000202
3276,1,0.055416,0.000188
3277,1,0.055388,0.000177
3278,1,0.055359,0.000166
3279,1,0.055331,0.000156
3280,1,0.055303,0.000147
3281,1,0.055274,0.000139
3282,1,0.055246,0.000132
3283,1,0.055218,0.000126
3284,1,0.055190,0.000120
3285,1,0.055162,0.000115
3286,0,0.055133,0.000092
3287,1,0.055307,0.000074
3288,1,0.055460,0.000059
3289,1,0.055596,0.000047
3290,1,0.055716,0.000038
3291,1,0.055821,0.000030
3292,1,0.055913,0.000024
3293,1,0.055994,0.000019
3294,1,0.056063,0.000015
3295,1,0.056123,0.000012
3296,1,0.056175,0.000010
3297,1,0.056218,0.000008
3298,1,0.056254,0.000006
3299,1,0.056284,0.000023
3300,1,0.056309,0.000094
3301,1,0.056328,0.000196
3302,1,0.056342,0.000312
3303,1,0.056352,0.000433
3304,1,0.056359,0.000552
3305,1,0.056362,0.000665
3306,1,0.056362,0.000770
3307,1,0.056359,0.000865
3308,1,0.056353,0.000953
3309,1,0.056346,0.001031
3310,1,0.056336,0.001103
3311,1,0.056324,0.001169
3312,1,0.056311,0.001229
3313,1,0.056296,0.001285
3314,1,0.056280,0.001338
3315,1,0.056263,0.001387
3316,1,0.056244,0.001435
3317,1,0.056225,0.001480
3318,1,0.056204,0.001524
3319,1,0.056183,0.001566
3320,1,0.056160,0.001607
3321,1,0.056138,0.001646
3322,1,0.056114,0.001684
3323,1,0.056090,0.001719
3324,1,0.056066,0.001753
3325,1,0.056041,0.001785
3326,1,0.056015,0.001814
3327,1,0.055989,0.001840
3328,1,0.055963,0.001864
3329,1,0.055937,0.001885
3330,1,0.055910,0.001903
3331,1,0.055883,0.001917
3332,1,0.055856,0.001928
3333,1,0.055828,0.001936
3334,1,0.055800,0.001940
3335,1,0.055773,0.001941
3336,1,0.055745,0.001938
3337,1,0.055717,0.001932
3338,1,0.055688,0.001922
3339,1,0.055660,0.001909
3340,1,0.055632,0.001893
3341,1,0.055603,0.001873
3342,1,0.055575,0.001851
3343,1,0.055546,0.001825
3344,1,0.055517,0.001797
3345,1,0.055489,0.001766
3346,1,0.055460,0.001733
3347,1,0.055431,0.001698
3348,1,0.055402,0.001661
3349,1,0.055374,0.001622
3350,1,0.055345,0.001581
3351,1,0.055316,0.001539
3352,1,0.055287,0.001496
3353,1,0.055258,0.001450
3354,1,0.055229,0.001402
3355,1,0.055201,0.001350
3356,1,0.055172,0.001296
3357,1,0.055143,0.001240
3358,1,0.055114,0.001182
3359,1,0.055085,0.001123
3360,1,0.055057,0.001063
3361,1,0.055028,0.001003
3362,1,0.054999,0.000944
3363,1,0.054970,0.000886
3364,1,0.054942,0.000830
3365,1,0.054913,0.000775
3366,1,0.054884,0.000722
3367,1,0.054856,0.000672
3368,1,0.054827,0.000624
3369,1,0.054798,0.000579
3370,1,0.054770,0.000536
3371,1,0.054741,0.000496
3372,1,0.054713,0.000459
3373,1,0.054684,0.000425
3374,1,0.054656,0.000392
3375,1,0.054627,0.000363
3376,1,0.054599,0.000335
3377,1,0.054570,0.000310
3378,1,0.054542,0.000287
3379,1,0.054514,0.000266
3380,1,0.054485,0.000247
3381,1,0.054457,0.000230
3382,1,0.054429,0.000214
3383,1,0.054401,0.000200
3384,1,0.054372,0.000187
3385,1,0.054344,0.000175
3386,1,0.054316,0.000165
3387,1,0.054288,0.000156
3388,1,0.054260,0.000147
3389,1,0.054232,0.000139
3390,1,0.054204,0.000133
3391,1,0.054176,0.000126
3392,1,0.054148,0.000121
3393,1,0.054120,0.000116
3394,1,0.054092,0.000111
3395,1,0.054064,0.000107
3396,1,0.054036,0.000103
3397,1,0.054008,0.000100
3398,1,0.053980,0.000096
3399,1,0.053953,0.000093
3400,1,0.053925,0.000090
3401,1,0.053897,0.000088
3402,1,0.053869,0.000085
3403,1,0.053842,0.000083
3404,1,0.053814,0.000080
3405,1,0.053787,0.000078
3406,1,0.053759,0.000076
3407,1,0.053731,0.000074
3408,1,0.053704,0.000072
3409,1,0.053676,0.000070
3410,1,0.053649,0.000068
3411,1,0.053621,0.000066
3412,1,0.053594,0.000064
3413,1,0.053567,0.000062
3414,1,0.053539,0.000060
3415,1,0.053512,0.000058
3416,1,0.053484,0.000056
3417,1,0.053457,0.000054
3418,1,0.053430,0.000052
3419,1,0.053403,0.000050
3420,1,0.053375,0.000047
3421,1,0.053348,0.000045
3422,1,0.053321,0.000043
3423,1,0.053294,0.000041
3424,1,0.053267,0.000038
3425,1,0.053240,0.000036
3426,1,0.053213,0.000034
3427,1,0.053186,0.000032
3428,1,0.053159,0.000030
3429,1,0.053132,0.000028
3430,1,0.053105,0.000026
3431,1,0.053078,0.000024
3432,1,0.053051,0.000022
3433,1,0.053024,0.000021
3434,1,0.052997,0.000019
3435,1,0.052970,0.000018
3436,1,0.052944,0.000016
3437,1,0.052917,0.000015
3438,1,0.052890,0.000014
3439,1,0.052863,0.000013
3440,1,0.052837,0.000012
3441,1,0.052810,0.000011
3442,1,0.052783,0.000010
3443,1,0.052757,0.000009
3444,1,0.052730,0.000009
3445,1,0.052704,0.000008
3446,1,0.052677,0.000008
3447,1,0.052651,0.000007
3448,1,0.052624,0.000007
3449,1,0.052598,0.000006
3450,1,0.052571,0.000006
3451,1,0.052545,0.000006
3452,1,0.052519,0.000005
3453,1,0.052492,0.000005
3454,1,0.052466,0.000005
3455,1,0.052440,0.000005
3456,1,0.052413,0.000004
3457,1,0.052387,0.000004
3458,1,0.052361,0.000004
3459,1,0.052335,0.000004
3460,1,0.052309,0.000004
3461,1,0.052282,0.000004
3462,1,0.052256,0.000003
3463,1,0.052230,0.000003
3464,1,0.052204,0.000003
3465,1,0.052178,0.000003
3466,1,0.052152,0.000003
3467,1,0.052126,0.000003
3468,1,0.052100,0.000003
3469,1,0.052074,0.000003
3470,1,0.052048,0.000003
3471,1,0.052022,0.000003
3472,1,0.051996,0.000003
3473,1,0.051971,0.000002
3474,1,0.051945,0.000002
3475,1,0.051919,0.000002
3476,1,0.051893,0.000002
3477,1,0.051868,0.000002
3478,1,0.051842,0.000002
3479,1,0.051816,0.000002
3480,1,0.051790,0.000002
3481,1,0.051765,0.000002
3482,1,0.051739,0.000002
3483,1,0.051714,0.000002
3484,1,0.051688,0.000002
3485,1,0.051662,0.000002
3486,1,0.051637,0.000001
3487,1,0.051611,0.000001
3488,1,0.051586,0.000001
3489,1,0.051560,0.000001
3490,1,0.051535,0.000001
3491,1,0.051510,0.000001
3492,1,0.051484,0.000001
3493,1,0.051459,0.000001
3494,1,0.051434,0.000001
3495,1,0.051408,0.000001
3496,1,0.051383,0.000001
3497,1,0.051358,0.000001
3498,1,0.051332,0.000001
3499,1,0.051307,0.000001
3500,1,0.051282,0.000001
3501,1,0.051257,0.000000
3502,1,0.051232,0.000000
3503,1,0.051207,0.000000
3504,1,0.051182,0.000000
3505,1,0.051156,0.000000
3506,1,0.051131,0.000000
3507,1,0.051106,0.000000
3508,1,0.051081,0.000000
3509,1,0.051056,0.000000
3510,1,0.051031,0.000000
3511,1,0.051007,0.000000
3512,1,0.050982,0.000000
3513,1,0.050957,0.000000
3514,1,0.050932,0.000000
3515,1,0.050907,0.000000
3516,1,0.050882,0.000000
3517,1,0.050857,0.000000
3518,1,0.050833,0.000000
3519,1,0.050808,0.000000
3520,1,0.050783,0.000000
3521,1,0.050758,0.000000
3522,1,0.050734,0.000000
3523,1,0.050709,0.000000
3524,1,0.050684,0.000000
3525,1,0.050660,0.000000
3526,1,0.050635,0.000000
3527,1,0.050611,0.000000
3528,1,0.050586,0.000000
3529,1,0.050562,0.000000
3530,1,0.050537,0.000000
3531,1,0.050513,0.000000
3532,1,0.050488,0.000000
3533,1,0.050464,0.000000
3534,1,0.050439,0.000000
3535,1,0.050415,0.000000
3536,1,0.050391,0.000000
3537,1,0.050366,0.000000
3538,1,0.050342,0.000000
3539,1,0.050318,0.000000
3540,1,0.050293,0.000000
3541,1,0.050269,0.000000
3542,1,0.050245,0.000000
3543,1,0.050221,0.000000
3544,1,0.050197,0.000000
3545,0,0.050172,0.000000
3546,1,0.050338,0.000000
3547,1,0.050485,0.000000
3548,1,0.050616,0.000000
3549,1,0.050731,0.000000
3550,1,0.050833,0.000000
3551,1,0.050923,0.000000
3552,1,0.051001,0.000000
3553,1,0.051069,0.000000
3554,1,0.051128,0.000000
3555,1,0.051179,0.000000
3556,1,0.051222,0.000000
3557,1,0.051259,0.000000
3558,1,0.051290,0.000000
3559,1,0.051316,0.000023
3560,1,0.051336,0.000089
3561,1,0.051353,0.000180
3562,1,0.051365,0.000283
3563,1,0.051373,0.000390
3564,1,0.051379,0.000498
3565,1,0.051381,0.000602
3566,1,0.051381,0.000701
3567,0,0.051379,0.000561
3568,1,0.051562,0.000449
3569,1,0.051725,0.000359
3570,1,0.051870,0.000287
3571,1,0.051999,0.000230
3572,1,0.052112,0.000184
3573,1,0.052213,0.000147
3574,1,0.052301,0.000118
3575,1,0.052378,0.000094
3576,1,0.052446,0.000075
3577,1,0.052504,0.000098
3578,1,0.052555,0.000235
3579,1,0.052598,0.000439
3580,1,0.052635,0.000679
3581,1,0.052666,0.000934
3582,1,0.052692,0.001189
3583,1,0.052712,0.001435
3584,1,0.052729,0.001665
3585,1,0.052741,0.001878
3586,1,0.052750,0.002072
3587,1,0.052755,0.002247
3588,1,0.052757,0.002405
3589,1,0.052757,0.002546
3590,1,0.052754,0.002673
3591,1,0.052749,0.002786
3592,1,0.052742,0.002887
3593,1,0.052734,0.002977
3594,1,0.052723,0.003059
3595,1,0.052711,0.003131
3596,1,0.052697,0.003196
3597,1,0.052682,0.003254
3598,1,0.052666,0.003306
3599,1,0.052649,0.003351
3600,1,0.052631,0.003391
3601,1,0.052612,0.003425
3602,1,0.052592,0.003453
3603,1,0.052572,0.003475
3604,1,0.052551,0.003492
3605,1,0.052529,0.003504
3606,1,0.052506,0.003510
3607,1,0.052483,0.003511
3608,1,0.052460,0.003506
3609,1,0.052436,0.003495
3610,1,0.052412,0.003480
3611,1,0.052388,0.003459
3612,1,0.052363,0.003432
3613,1,0.052338,0.003401
3614,1,0.052312,0.003365
3615,1,0.052287,0.003323
3616,1,0.052261,0.003278
3617,1,0.052235,0.003228
3618,1,0.052209,0.003173
3619,1,0.052183,0.003115
3620,1,0.052156,0.003053
3621,1,0.052130,0.002988
3622,1,0.052103,0.002920
3623,1,0.052077,0.002849
3624,1,0.052050,0.002775
3625,1,0.052023,0.002699
3626,1,0.051996,0.002621
3627,1,0.051969,0.002538
3628,1,0.051942,0.002449
3629,1,0.051915,0.002356
3630,1,0.051888,0.002258
3631,1,0.051861,0.002156
3632,1,0.051834,0.002052
3633,1,0.051807,0.001946
3634,1,0.051780,0.001840
3635,1,0.051753,0.001735
3636,1,0.051726,0.001630
3637,1,0.051699,0.001528
3638,1,0.051672,0.001429
3639,1,0.051645,0.001334
3640,1,0.051618,0.001242
3641,1,0.051591,0.001155
3642,1,0.051564,0.001072
3643,1,0.051537,0.000994
3644,1,0.051510,0.000920
3645,1,0.051483,0.000852
3646,1,0.051456,0.000788
3647,1,0.051429,0.000728
3648,1,0.051402,0.000673
3649,1,0.051375,0.000623
3650,1,0.051349,0.000576
3651,1,0.051322,0.000533
3652,1,0.051295,0.000495
3653,1,0.051268,0.000459
3654,1,0.051241,0.000427
3655,1,0.051215,0.000397
3656,1,0.051188,0.000371
3657,1,0.051161,0.000347
3658,1,0.051134,0.000325
3659,1,0.051108,0.000306
3660,1,0.051081,0.000288
3661,1,0.051055,0.000273
3662,1,0.051028,0.000258
3663,1,0.051001,0.000246
3664,1,0.050975,0.000234
3665,1,0.050948,0.000224
3666,1,0.050922,0.000214
3667,1,0.050895,0.000206
3668,1,0.050869,0.000198
3669,1,0.050843,0.000191
3670,1,0.050816,0.000184
3671,1,0.050790,0.000178
3672,1,0.050764,0.000172
3673,1,0.050737,0.000167
3674,1,0.050711,0.000162
3675,1,0.050685,0.000157
3676,1,0.050659,0.000153
3677,1,0.050632,0.000149
3678,1,0.050606,0.000144
3679,1,0.050580,0.000140
3680,1,0.050554,0.000136
3681,1,0.050528,0.000132
3682,1,0.050502,0.000129
3683,1,0.050476,0.000125
3684,1,0.050450,0.000121
3685,1,0.050424,0.000117
3686,1,0.050398,0.000113
3687,1,0.050372,0.000110
3688,1,0.050346,0.000106
3689,1,0.050320,0.000102
3690,1,0.050294,0.000098
3691,1,0.050269,0.000094
3692,1,0.050243,0.000090
3693,1,0.050217,0.000085
3694,1,0.050191,0.000081
3695,1,0.050166,0.000076
3696,1,0.050140,0.000072
3697,1,0.050114,0.000068
3698,1,0.050089,0.000063
3699,1,0.050063,0.000059
3700,1,0.050037,0.000055
3701,1,0.050012,0.000052
3702,1,0.049986,0.000048
3703,1,0.049961,0.000044
3704,1,0.049935,0.000041
3705,1,0.049910,0.000038
3706,1,0.049884,0.000035
3707,1,0.049859,0.000033
3708,1,0.049834,0.000030
3709,1,0.049808,0.000028
3710,1,0.049783,0.000026
3711,1,0.049758,0.000024
3712,1,0.049732,0.000022
3713,1,0.049707,0.000020
3714,1,0.049682,0.000019
3715,1,0.049657,0.000018
3716,1,0.049631,0.000016
3717,1,0.049606,0.000015
3718,1,0.049581,0.000014
3719,1,0.049556,0.000013
3720,1,0.049531,0.000013
3721,1,0.049506,0.000012
3722,1,0.049481,0.000011
3723,1,0.049456,0.000011
3724,1,0.049431,0.000010
3725,1,0.049406,0.000010
3726,1,0.049381,0.000009
3727,1,0.049356,0.000009
3728,1,0.049331,0.000008
3729,1,0.049306,0.000008
3730,1,0.049281,0.000008
3731,1,0.049257,0.000008
3732,1,0.049232,0.000007
3733,1,0.049207,0.000007
3734,1,0.049182,0.000007
3735,1,0.049158,0.000007
3736,1,0.049133,0.000006
3737,1,0.049108,0.000006
3738,1,0.049084,0.000006
3739,1,0.049059,0.000006
3740,1,0.049034,0.000006
3741,1,0.049010,0.000006
3742,1,0.048985,0.000005
3743,1,0.048961,0.000005
3744,1,0.048936,0.000005
3745,1,0.048912,0.000005
3746,1,0.048887,0.000005
3747,1,0.048863,0.000005
3748,1,0.048838,0.000004
3749,1,0.048814,0.000004
3750,1,0.048790,0.000004
3751,1,0.048765,0.000004
3752,1,0.048741,0.000004
3753,1,0.048717,0.000004
3754,1,0.048692,0.000003
3755,1,0.048668,0.000003
3756,1,0.048644,0.000003
3757,1,0.048620,0.000003
3758,1,0.048596,0.000003
3759,1,0.048571,0.000002
3760,1,0.048547,0.000002
3761,1,0.048523,0.000002
3762,1,0.048499,0.000002
3763,1,0.048475,0.000002
3764,1,0.048451,0.000002
3765,1,0.048427,0.000002
3766,1,0.048403,0.000001
3767,1,0.048379,0.000001
3768,1,0.048355,0.000001
3769,1,0.048331,0.000001
3770,1,0.048307,0.000001
3771,1,0.048284,0.000001
3772,1,0.048260,0.000001
3773,1,0.048236,0.000001
3774,1,0.048212,0.000001
3775,1,0.048188,0.000001
3776,1,0.048164,0.000001
3777,1,0.048141,0.000001
3778,1,0.048117,0.000001
3779,1,0.048093,0.000001
3780,1,0.048070,0.000001
3781,1,0.048046,0.000001
3782,1,0.048022,0.000000
3783,1,0.047999,0.000000
3784,1,0.047975,0.000000
3785,1,0.047952,0.000000
3786,1,0.047928,0.000000
3787,1,0.047905,0.000000
3788,1,0.047881,0.000000
3789,1,0.047858,0.000000
3790,1,0.047834,0.000000
3791,1,0.047811,0.000000
3792,1,0.047787,0.000000
3793,1,0.047764,0.000000
3794,1,0.047741,0.000000
3795,1,0.047717,0.000000
3796,1,0.047694,0.000000
3797,1,0.047671,0.000000
3798,1,0.047647,0.000000
3799,1,0.047624,0.000000
3800,1,0.047601,0.000000
3801,1,0.047578,0.000000
3802,1,0.047555,0.000000
3803,1,0.047531,0.000000
3804,1,0.047508,0.000000
3805,1,0.047485,0.000000
3806,1,0.047462,0.000000
3807,1,0.047439,0.000000
3808,1,0.047416,0.000000
3809,1,0.047393,0.000000
3810,1,0.047370,0.000000
3811,1,0.047347,0.000000
3812,1,0.047324,0.000000
3813,1,0.047301,0.000000
3814,1,0.047278,0.000000
3815,1,0.047255,0.000000
3816,1,0.047232,0.000000
3817,1,0.047209,0.000000
3818,1,0.047187,0.000000
3819,1,0.047164,0.000000
3820,1,0.047141,0.000000
3821,1,0.047118,0.000000
3822,1,0.047095,0.000000
3823,1,0.047073,0.000000
3824,1,0.047050,0.000000
3825,1,0.047027,0.000000
3826,1,0.047005,0.000000
3827,1,0.046982,0.000000
3828,1,0.046959,0.000000
3829,1,0.046937,0.000000
3830,1,0.046914,0.000000
3831,1,0.046892,0.000000
3832,1,0.046869,0.000000
3833,1,0.046847,0.000000
3834,1,0.046824,0.000000
3835,1,0.046802,0.000000
3836,1,0.046779,0.000000
3837,1,0.046757,0.000000
3838,1,0.046734,0.000000
3839,1,0.046712,0.000000
3840,1,0.046689,0.000000
3841,1,0.046667,0.000000
3842,1,0.046645,0.000000
3843,1,0.046622,0.000000
3844,1,0.046600,0.000000
3845,1,0.046578,0.000000
3846,1,0.046556,0.000000
3847,1,0.046533,0.000000
3848,1,0.046511,0.000000
3849,1,0.046489,0.000000
3850,1,0.046467,0.000000
3851,1,0.046445,0.000000
3852,1,0.046422,0.000000
3853,1,0.046400,0.000000
3854,1,0.046378,0.000000
3855,1,0.046356,0.000000
3856,1,0.046334,0.000000
3857,1,0.046312,0.000000
3858,1,0.046290,0.000000
3859,1,0.046268,0.000000
3860,1,0.046246,0.000000
3861,1,0.046224,0.000000
3862,1,0.046202,0.000000
3863,1,0.046180,0.000000
3864,1,0.046158,0.000000
3865,1,0.046136,0.000000
3866,1,0.046114,0.000000
3867,1,0.046093,0.000000
3868,1,0.046071,0.000000
3869,1,0.046049,0.000000
3870,1,0.046027,0.000000
3871,1,0.046005,0.000000
3872,1,0.045984,0.000000
3873,1,0.045962,0.000000
3874,1,0.045940,0.000000
3875,1,0.045919,0.000000
3876,1,0.045897,0.000000
3877,1,0.045875,0.000000
3878,1,0.045854,0.000000
3879,1,0.045832,0.000000
3880,1,0.045810,0.000000
3881,1,0.045789,0.000000
3882,1,0.045767,0.000000
3883,1,0.045746,0.000000
3884,1,0.045724,0.000000
3885,1,0.045703,0.000000
3886,1,0.045681,0.000000
3887,1,0.045660,0.000000
3888,1,0.045638,0.000000
3889,1,0.045617,0.000000
3890,1,0.045596,0.000000
3891,1,0.045574,0.000000
3892,1,0.045553,0.000000
3893,1,0.045531,0.000000
3894,1,0.045510,0.000000
3895,1,0.045489,0.000000
3896,1,0.045468,0.000000
3897,1,0.045446,0.000000
3898,1,0.045425,0.000000
3899,1,0.045404,0.000000
3900,1,0.045383,0.000000
3901,1,0.045361,0.000000
3902,1,0.045340,0.000000
3903,1,0.045319,0.000000
3904,1,0.045298,0.000000
3905,1,0.045277,0.000000
3906,1,0.045256,0.000000
3907,1,0.045235,0.000000
3908,1,0.045214,0.000000
3909,1,0.045192,0.000000
3910,1,0.045171,0.000000
3911,1,0.045150,0.000000
3912,1,0.045129,0.000000
3913,1,0.045108,0.000000
3914,1,0.045088,0.000000
3915,1,0.045067,0.000000
3916,1,0.045046,0.000000
3917,1,0.045025,0.000000
3918,1,0.045004,0.000000
3919,1,0.044983,0.000000
3920,1,0.044962,0.000000
3921,1,0.044941,0.000000
3922,1,0.044921,0.000000
3923,1,0.044900,0.000000
3924,1,0.044879,0.000000
3925,1,0.044858,0.000000
3926,1,0.044837,0.000000
3927,1,0.044817,0.000000
3928,1,0.044796,0.000000
3929,1,0.044775,0.000000
3930,1,0.044755,0.000000
3931,1,0.044734,0.000000
3932,1,0.044713,0.000000
3933,1,0.044693,0.000000
3934,1,0.044672,0.000000
3935,1,0.044652,0.000000
3936,1,0.044631,0.000000
3937,1,0.044610,0.000000
3938,1,0.044590,0.000000
3939,1,0.044569,0.000000
3940,1,0.044549,0.000000
3941,1,0.044528,0.000000
3942,1,0.044508,0.000000
3943,1,0.044488,0.000000
3944,1,0.044467,0.000000
3945,1,0.044447,0.000000
3946,1,0.044426,0.000000
3947,1,0.044406,0.000000
3948,1,0.044386,0.000000
3949,1,0.044365,0.000000
3950,1,0.044345,0.000000
3951,1,0.044325,0.000000
3952,1,0.044304,0.000000
3953,1,0.044284,0.000000
3954,1,0.044264,0.000000
3955,1,0.044244,0.000000
3956,1,0.044223,0.000000
3957,1,0.044203,0.000000
3958,1,0.044183,0.000000
3959,1,0.044163,0.000000
3960,1,0.044143,0.000000
3961,1,0.044123,0.000000
3962,1,0.044103,0.000000
3963,1,0.044082,0.000000
3964,1,0.044062,0.000000
3965,1,0.044042,0.000000
3966,1,0.044022,0.000000
3967,1,0.044002,0.000000
3968,1,0.043982,0.000000
3969,1,0.043962,0.000000
3970,1,0.043942,0.000000
3971,1,0.043922,0.000000
3972,1,0.043902,0.000000
3973,1,0.043882,0.000000
3974,1,0.043863,0.000000
3975,1,0.043843,0.000000
3976,1,0.043823,0.000000
3977,1,0.043803,0.000000
3978,1,0.043783,0.000000
3979,1,0.043763,0.000000
3980,1,0.043743,0.000000
3981,1,0.043724,0.000000
3982,1,0.043704,0.000000
3983,1,0.043684,0.000000
3984,1,0.043664,0.000000
3985,1,0.043645,0.000000
3986,1,0.043625,0.000000
3987,1,0.043605,0.000000
3988,1,0.043586,0.000000
3989,1,0.043566,0.000000
3990,1,0.043546,0.000000
3991,1,0.043527,0.000000
3992,1,0.043507,0.000000
3993,1,0.043487,0.000000
3994,0,0.043468,0.000000
3995,1,0.043626,0.000000
3996,1,0.043766,0.000000
3997,1,0.043892,0.000000
3998,1,0.044003,0.000000
3999,1,0.044101,0.000000
4000,1,0.044188,0.000000
4001,1,0.044264,0.000000
4002,1,0.044331,0.000000
4003,1,0.044390,0.000000
4004,1,0.044441,0.000000
4005,1,0.044485,0.000000
4006,1,0.044522,0.000000
4007,1,0.044555,0.000000
4008,1,0.044582,0.000000
4009,1,0.044605,0.000017
4010,1,0.044623,0.000071
4011,1,0.044638,0.000148
4012,1,0.044650,0.000239
4013,1,0.044658,0.000337
4014,1,0.044664,0.000439
4015,1,0.044667,0.000542
4016,1,0.044668,0.000644
4017,1,0.044667,0.000746
4018,1,0.044664,0.000846
4019,1,0.044660,0.000945
4020,1,0.044654,0.001042
4021,1,0.044647,0.001138
4022,1,0.044638,0.001233
4023,1,0.044628,0.001325
4024,1,0.044617,0.001416
4025,1,0.044606,0.001505
4026,1,0.044593,0.001592
4027,1,0.044580,0.001676
4028,1,0.044565,0.001757
4029,1,0.044551,0.001834
4030,1,0.044535,0.001908
4031,1,0.044519,0.001977
4032,1,0.044503,0.002042
4033,1,0.044486,0.002102
4034,1,0.044469,0.002156
4035,1,0.044451,0.002205
4036,1,0.044434,0.002248
4037,1,0.044415,0.002285
4038,1,0.044397,0.002315
4039,1,0.044378,0.002340
4040,1,0.044359,0.002358
4041,1,0.044340,0.002369
4042,1,0.044321,0.002375
4043,1,0.044301,0.002374
4044,1,0.044282,0.002367
4045,1,0.044262,0.002355
4046,1,0.044242,0.002336
4047,1,0.044222,0.002313
4048,1,0.044202,0.002284
4049,1,0.044182,0.002251
4050,1,0.044162,0.002209
4051,1,0.044142,0.002160
4052,1,0.044121,0.002101
4053,1,0.044101,0.002035
4054,1,0.044081,0.001961
4055,1,0.044060,0.001881
4056,1,0.044040,0.001797
4057,1,0.044020,0.001709
4058,1,0.043999,0.001620
4059,1,0.043979,0.001529
4060,1,0.043958,0.001440
4061,1,0.043938,0.001351
4062,1,0.043917,0.001265
4063,1,0.043897,0.001181
4064,1,0.043876,0.001101
4065,1,0.043856,0.001024
4066,1,0.043835,0.000952
4067,1,0.043815,0.000883
4068,1,0.043794,0.000819
4069,1,0.043774,0.000759
4070,1,0.043753,0.000704
4071,1,0.043733,0.000652
4072,1,0.043712,0.000605
4073,1,0.043692,0.000562
4074,1,0.043671,0.000522
4075,1,0.043651,0.000486
4076,1,0.043631,0.000453
4077,1,0.043610,0.000424
4078,1,0.043590,0.000397
4079,1,0.043569,0.000373
4080,1,0.043549,0.000351
4081,1,0.043529,0.000332
4082,1,0.043508,0.000315
4083,1,0.043488,0.000299
4084,1,0.043468,0.000285
4085,1,0.043447,0.000273
4086,1,0.043427,0.000262
4087,1,0.043407,0.000251
4088,1,0.043387,0.000242
4089,1,0.043366,0.000234
4090,1,0.043346,0.000226
4091,1,0.043326,0.000219
4092,1,0.043306,0.000213
4093,1,0.043286,0.000207
4094,1,0.043266,0.000201
4095,1,0.043246,0.000196
4096,1,0.043225,0.000191
4097,1,0.043205,0.000186
4098,1,0.043185,0.000181
4099,1,0.043165,0.000176
4100,1,0.043145,0.000171
4101,1,0.043125,0.000167
4102,1,0.043105,0.000162
4103,1,0.043085,0.000157
4104,1,0.043065,0.000152
4105,1,0.043045,0.000147
4106,1,0.043025,0.000141
4107,1,0.043005,0.000136
4108,1,0.042985,0.000130
4109,1,0.042966,0.000123
4110,1,0.042946,0.000117
4111,1,0.042926,0.000111
4112,1,0.042906,0.000104
4113,1,0.042886,0.000098
4114,1,0.042866,0.000092
4115,1,0.042847,0.000086
4116,1,0.042827,0.000080
4117,1,0.042807,0.000074
4118,1,0.042787,0.000069
4119,1,0.042768,0.000064
4120,1,0.042748,0.000059
4121,1,0.042728,0.000055
4122,1,0.042709,0.000051
4123,1,0.042689,0.000047
4124,1,0.042669,0.000044
4125,1,0.042650,0.000040
4126,1,0.042630,0.000037
4127,1,0.042611,0.000035
4128,1,0.042591,0.000032
4129,1,0.042571,0.000030
4130,1,0.042552,0.000028
4131,1,0.042532,0.000026
4132,1,0.042513,0.000025
4133,1,0.042493,0.000023
4134,1,0.042474,0.000022
4135,1,0.042455,0.000021
4136,1,0.042435,0.000019
4137,1,0.042416,0.000018
4138,1,0.042396,0.000018
4139,1,0.042377,0.000017
4140,1,0.042358,0.000016
4141,1,0.042338,0.000016
4142,1,0.042319,0.000015
4143,1,0.042300,0.000014
4144,1,0.042280,0.000014
4145,1,0.042261,0.000014
4146,1,0.042242,0.000013
4147,1,0.042222,0.000013
4148,1,0.042203,0.000012
4149,1,0.042184,0.000012
4150,1,0.042165,0.000012
4151,1,0.042146,0.000011
4152,1,0.042126,0.000011
4153,1,0.042107,0.000011
4154,1,0.042088,0.000010
4155,1,0.042069,0.000010
4156,1,0.042050,0.000010
4157,1,0.042031,0.000009
4158,1,0.042012,0.000009
4159,1,0.041993,0.000009
4160,1,0.041974,0.000008
4161,1,0.041955,0.000008
4162,1,0.041936,0.000008
4163,1,0.041917,0.000007
4164,1,0.041898,0.000007
4165,1,0.041879,0.000006
4166,1,0.041860,0.000006
4167,1,0.041841,0.000006
4168,1,0.041822,0.000005
4169,1,0.041803,0.000005
4170,1,0.041784,0.000005
4171,1,0.041765,0.000004
4172,1,0.041746,0.000004
4173,1,0.041728,0.000004
4174,1,0.041709,0.000003
4175,1,0.041690,0.000003
4176,1,0.041671,0.000003
4177,1,0.041652,0.000003
4178,1,0.041634,0.000002
4179,1,0.041615,0.000002
4180,1,0.041596,0.000002
4181,1,0.041577,0.000002
4182,1,0.041559,0.000002
4183,1,0.041540,0.000002
4184,1,0.041521,0.000002
4185,1,0.041503,0.000001
4186,1,0.041484,0.000001
4187,1,0.041466,0.000001
4188,1,0.041447,0.000001
4189,1,0.041428,0.000001
4190,1,0.041410,0.000001
4191,1,0.041391,0.000001
4192,1,0.041373,0.000001
4193,1,0.041354,0.000001
4194,1,0.041336,0.000001
4195,1,0.041317,0.000001
4196,1,0.041299,0.000001
4197,1,0.041280,0.000001
4198,1,0.041262,0.000001
4199,1,0.041243,0.000001
4200,1,0.041225,0.000001
4201,1,0.041206,0.000001
4202,1,0.041188,0.000001
4203,1,0.041170,0.000001
4204,1,0.041151,0.000001
4205,1,0.041133,0.000001
4206,1,0.041115,0.000001
4207,1,0.041096,0.000001
4208,1,0.041078,0.000001
4209,1,0.041060,0.000001
4210,1,0.041042,0.000001
4211,1,0.041023,0.000001
4212,1,0.041005,0.000001
4213,1,0.040987,0.000001
4214,1,0.040969,0.000000
4215,1,0.040950,0.000000
4216,1,0.040932,0.000000
4217,1,0.040914,0.000000
4218,1,0.040896,0.000000
4219,1,0.040878,0.000000
4220,1,0.040860,0.000000
4221,1,0.040842,0.000000
4222,1,0.040823,0.000000
4223,1,0.040805,0.000000
4224,1,0.040787,0.000000
4225,1,0.040769,0.000000
4226,1,0.040751,0.000000
4227,1,0.040733,0.000000
4228,1,0.040715,0.000000
4229,1,0.040697,0.000000
4230,1,0.040679,0.000000
4231,1,0.040661,0.000000
4232,1,0.040643,0.000000
4233,1,0.040625,0.000000
4234,1,0.040608,0.000000
4235,1,0.040590,0.000000
4236,1,0.040572,0.000000
4237,1,0.040554,0.000000
4238,1,0.040536,0.000000
4239,1,0.040518,0.000000
4240,1,0.040500,0.000000
4241,1,0.040482,0.000000
4242,1,0.040465,0.000000
4243,1,0.040447,0.000000
4244,1,0.040429,0.000000
4245,1,0.040411,0.000000
4246,1,0.040394,0.000000
4247,1,0.040376,0.000000
4248,1,0.040358,0.000000
4249,1,0.040340,0.000000
4250,1,0.040323,0.000000
4251,1,0.040305,0.000000
4252,1,0.040287,0.000000
4253,1,0.040270,0.000000
4254,1,0.040252,0.000000
4255,1,0.040235,0.000000
4256,1,0.040217,0.000000
4257,1,0.040199,0.000000
4258,1,0.040182,0.000000
4259,1,0.040164,0.000000
4260,1,0.040147,0.000000
4261,1,0.040129,0.000000
4262,1,0.040112,0.000000
4263,1,0.040094,0.000000
4264,1,0.040077,0.000000
4265,1,0.040059,0.000000
4266,1,0.040042,0.000000
4267,0,0.040024,0.000000
4268,1,0.040179,0.000000
4269,1,0.040316,0.000000
4270,1,0.040439,0.000000
4271,1,0.040548,0.000000
4272,1,0.040645,0.000000
4273,1,0.040730,0.000000
4274,1,0.040806,0.000000
4275,1,0.040872,0.000000
4276,1,0.040931,0.000000
4277,1,0.040981,0.000000
4278,1,0.041026,0.000000
4279,1,0.041064,0.000000
4280,1,0.041097,0.000000
4281,1,0.041125,0.000000
4282,1,0.041149,0.000000
4283,1,0.041168,0.000029
4284,1,0.041184,0.000088
4285,1,0.041197,0.000166
4286,1,0.041207,0.000258
4287,1,0.041214,0.000357
4288,1,0.041219,0.000461
4289,1,0.041222,0.000568
4290,1,0.041223,0.000677
4291,1,0.041222,0.000786
4292,1,0.041219,0.000896
4293,1,0.041215,0.001006
4294,1,0.041210,0.001115
4295,1,0.041203,0.001224
4296,1,0.041195,0.001331
4297,1,0.041186,0.001437
4298,1,0.041176,0.001540
4299,1,0.041166,0.001641
4300,1,0.041154,0.001739
4301,1,0.041142,0.001834
4302,1,0.041129,0.001924
4303,1,0.041116,0.002009
4304,1,0.041102,0.002089
4305,1,0.041088,0.002163
4306,1,0.041073,0.002232
4307,1,0.041058,0.002293
4308,1,0.041042,0.002348
4309,1,0.041027,0.002396
4310,1,0.041011,0.002437
4311,1,0.040994,0.002470
4312,1,0.040977,0.002496
4313,1,0.040961,0.002515
4314,1,0.040944,0.002526
4315,1,0.040926,0.002530
4316,1,0.040909,0.002527
4317,1,0.040891,0.002517
4318,1,0.040874,0.002500
4319,1,0.040856,0.002477
4320,1,0.040838,0.002445
4321,1,0.040820,0.002402
4322,1,0.040802,0.002348
4323,1,0.040784,0.002283
4324,1,0.040766,0.002208
4325,1,0.040748,0.002126
4326,1,0.040730,0.002036
4327,1,0.040711,0.001942
4328,1,0.040693,0.001845
4329,1,0.040675,0.001745
4330,1,0.040657,0.001646
4331,1,0.040638,0.001547
4332,1,0.040620,0.001450
4333,1,0.040601,0.001356
4334,1,0.040583,0.001265
4335,1,0.040565,0.001178
4336,1,0.040546,0.001096
4337,1,0.040528,0.001018
4338,1,0.040509,0.000945
4339,1,0.040491,0.000876
4340,1,0.040473,0.000813
4341,1,0.040454,0.000755
4342,1,0.040436,0.000701
4343,1,0.040417,0.000651
4344,1,0.040399,0.000606
4345,1,0.040381,0.000565
4346,1,0.040362,0.000528
4347,1,0.040344,0.000495
4348,1,0.040325,0.000465
4349,1,0.040307,0.000438
4350,1,0.040289,0.000413
4351,1,0.040270,0.000392
4352,1,0.040252,0.000372
4353,1,0.040234,0.000355
4354,1,0.040215,0.000339
4355,1,0.040197,0.000325
4356,1,0.040179,0.000313
4357,1,0.040161,0.000302
4358,1,0.040142,0.000291
4359,1,0.040124,0.000282
4360,1,0.040106,0.000274
4361,1,0.040088,0.000266
4362,1,0.040070,0.000258
4363,1,0.040051,0.000251
4364,1,0.040033,0.000245
4365,1,0.040015,0.000238
4366,1,0.039997,0.000232
4367,1,0.039979,0.000226
4368,1,0.039961,0.000221
4369,1,0.039943,0.000215
4370,1,0.039925,0.000209
4371,1,0.039907,0.000203
4372,1,0.039889,0.000197
4373,1,0.039870,0.000190
4374,1,0.039852,0.000183
4375,1,0.039834,0.000175
4376,1,0.039816,0.000167
4377,1,0.039798,0.000159
4378,1,0.039781,0.000151
4379,1,0.039763,0.000142
4380,1,0.039745,0.000134
4381,1,0.039727,0.000126
4382,1,0.039709,0.000118
4383,1,0.039691,0.000110
4384,1,0.039673,0.000103
4385,1,0.039655,0.000095
4386,1,0.039637,0.000089
4387,1,0.039620,0.000082
4388,1,0.039602,0.000076
4389,1,0.039584,0.000071
4390,1,0.039566,0.000065
4391,1,0.039548,0.000061
4392,1,0.039531,0.000056
4393,1,0.039513,0.000052
4394,1,0.039495,0.000048
4395,1,0.039478,0.000045
4396,1,0.039460,0.000042
4397,1,0.039442,0.000039
4398,1,0.039424,0.000036
4399,1,0.039407,0.000034
4400,1,0.039389,0.000032
4401,1,0.039372,0.000030
4402,1,0.039354,0.000029
4403,1,0.039336,0.000027
4404,1,0.039319,0.000026
4405,1,0.039301,0.000025
4406,1,0.039284,0.000024
4407,1,0.039266,0.000023
4408,1,0.039249,0.000022
4409,1,0.039231,0.000021
4410,1,0.039214,0.000020
4411,1,0.039196,0.000020
4412,1,0.039179,0.000019
4413,1,0.039161,0.000018
4414,1,0.039144,0.000018
4415,1,0.039126,0.000017
4416,1,0.039109,0.000017
4417,1,0.039092,0.000017
4418,1,0.039074,0.000016
4419,1,0.039057,0.000016
4420,1,0.039039,0.000015
4421,1,0.039022,0.000015
4422,1,0.039005,0.000014
4423,1,0.038988,0.000014
4424,1,0.038970,0.000013
4425,1,0.038953,0.000013
4426,1,0.038936,0.000012
4427,1,0.038918,0.000012
4428,1,0.038901,0.000011
4429,1,0.038884,0.000010
4430,1,0.038867,0.000010
4431,1,0.038850,0.000009
4432,1,0.038832,0.000009
4433,1,0.038815,0.000008
4434,1,0.038798,0.000007
4435,1,0.038781,0.000007
4436,1,0.038764,0.000006
4437,1,0.038747,0.000006
4438,1,0.038730,0.000006
4439,1,0.038713,0.000005
4440,1,0.038695,0.000005
4441,1,0.038678,0.000004
4442,1,0.038661,0.000004
4443,1,0.038644,0.000004
4444,1,0.038627,0.000003
4445,1,0.038610,0.000003
4446,1,0.038593,0.000003
4447,1,0.038576,0.000003
4448,1,0.038559,0.000003
4449,1,0.038542,0.000002
4450,1,0.038526,0.000002
4451,1,0.038509,0.000002
4452,1,0.038492,0.000002
4453,1,0.038475,0.000002
4454,1,0.038458,0.000002
4455,1,0.038441,0.000002
4456,1,0.038424,0.000002
4457,1,0.038407,0.000002
4458,1,0.038391,0.000002
4459,1,0.038374,0.000002
4460,1,0.038357,0.000001
4461,1,0.038340,0.000001
4462,1,0.038323,0.000001
4463,1,0.038307,0.000001
4464,1,0.038290,0.000001
4465,1,0.038273,0.000001
4466,1,0.038256,0.000001
4467,1,0.038240,0.000001
4468,1,0.038223,0.000001
4469,1,0.038206,0.000001
4470,1,0.038190,0.000001
4471,1,0.038173,0.000001
4472,1,0.038156,0.000001
4473,1,0.038140,0.000001
4474,1,0.038123,0.000001
4475,1,0.038107,0.000001
4476,1,0.038090,0.000001
4477,1,0.038073,0.000001
4478,1,0.038057,0.000001
4479,1,0.038040,0.000001
4480,1,0.038024,0.000001
4481,1,0.038007,0.000001
4482,1,0.037991,0.000001
4483,1,0.037974,0.000001
4484,1,0.037958,0.000001
4485,1,0.037941,0.000000
4486,1,0.037925,0.000000
4487,1,0.037908,0.000000
4488,1,0.037892,0.000000
4489,1,0.037876,0.000000
4490,1,0.037859,0.000000
4491,1,0.037843,0.000000
4492,1,0.037826,0.000000
4493,1,0.037810,0.000000
4494,1,0.037794,0.000000
4495,1,0.037777,0.000000
4496,1,0.037761,0.000000
4497,1,0.037745,0.000000
4498,1,0.037728,0.000000
4499,1,0.037712,0.000000
4500,1,0.037696,0.000000
4501,1,0.037680,0.000000
4502,1,0.037663,0.000000
4503,1,0.037647,0.000000
4504,1,0.037631,0.000000
4505,1,0.037615,0.000000
4506,1,0.037598,0.000000
4507,1,0.037582,0.000000
4508,1,0.037566,0.000000
4509,1,0.037550,0.000000
4510,1,0.037534,0.000000
4511,1,0.037518,0.000000
4512,1,0.037501,0.000000
4513,1,0.037485,0.000000
4514,1,0.037469,0.000000
4515,1,0.037453,0.000000
4516,1,0.037437,0.000000
4517,1,0.037421,0.000000
4518,1,0.037405,0.000000
4519,1,0.037389,0.000000
4520,1,0.037373,0.000000
4521,1,0.037357,0.000000
4522,1,0.037341,0.000000
4523,1,0.037325,0.000000
4524,1,0.037309,0.000000
4525,1,0.037293,0.000000
4526,1,0.037277,0.000000
4527,1,0.037261,0.000000
4528,1,0.037245,0.000000
4529,1,0.037229,0.000000
4530,1,0.037213,0.000000
4531,1,0.037197,0.000000
4532,1,0.037182,0.000000
4533,1,0.037166,0.000000
4534,1,0.037150,0.000000
4535,1,0.037134,0.000000
4536,1,0.037118,0.000000
4537,1,0.037102,0.000000
4538,1,0.037087,0.000000
4539,1,0.037071,0.000000
4540,1,0.037055,0.000000
4541,1,0.037039,0.000000
4542,1,0.037023,0.000000
4543,1,0.037008,0.000000
4544,1,0.036992,0.000000
4545,1,0.036976,0.000000
4546,1,0.036961,0.000000
4547,1,0.036945,0.000000
4548,1,0.036929,0.000000
4549,1,0.036913,0.000000
4550,1,0.036898,0.000000
4551,1,0.036882,0.000000
4552,1,0.036867,0.000000
4553,1,0.036851,0.000000
4554,1,0.036835,0.000000
4555,1,0.036820,0.000000
4556,1,0.036804,0.000000
4557,1,0.036788,0.000000
4558,1,0.036773,0.000000
4559,1,0.036757,0.000000
4560,1,0.036742,0.000000
4561,1,0.036726,0.000000
4562,1,0.036711,0.000000
4563,1,0.036695,0.000000
4564,1,0.036680,0.000000
4565,1,0.036664,0.000000
4566,1,0.036649,0.000000
4567,1,0.036633,0.000000
4568,1,0.036618,0.000000
4569,1,0.036602,0.000000
4570,1,0.036587,0.000000
4571,1,0.036572,0.000000
4572,1,0.036556,0.000000
4573,1,0.036541,0.000000
4574,1,0.036525,0.000000
4575,1,0.036510,0.000000
4576,1,0.036495,0.000000
4577,1,0.036479,0.000000
4578,1,0.036464,0.000000
4579,1,0.036449,0.000000
4580,1,0.036433,0.000000
4581,1,0.036418,0.000000
4582,1,0.036403,0.000000
4583,1,0.036387,0.000000
4584,1,0.036372,0.000000
4585,1,0.036357,0.000000
4586,1,0.036342,0.000000
4587,1,0.036326,0.000000
4588,1,0.036311,0.000000
4589,1,0.036296,0.000000
4590,1,0.036281,0.000000
4591,1,0.036266,0.000000
4592,1,0.036250,0.000000
4593,1,0.036235,0.000000
4594,1,0.036220,0.000000
4595,1,0.036205,0.000000
4596,1,0.036190,0.000000
4597,1,0.036175,0.000000
4598,1,0.036160,0.000000
4599,1,0.036145,0.000000
4600,1,0.036129,0.000000
4601,1,0.036114,0.000000
4602,1,0.036099,0.000000
4603,1,0.036084,0.000000
4604,1,0.036069,0.000000
4605,1,0.036054,0.000000
4606,1,0.036039,0.000000
4607,1,0.036024,0.000000
4608,1,0.036009,0.000000
4609,1,0.035994,0.000000
4610,1,0.035979,0.000000
4611,1,0.035964,0.000000
4612,1,0.035949,0.000000
4613,1,0.035934,0.000000
4614,1,0.035919,0.000000
4615,1,0.035904,0.000000
4616,1,0.035890,0.000000
4617,1,0.035875,0.000000
4618,1,0.035860,0.000000
4619,1,0.035845,0.000000
4620,1,0.035830,0.000000
4621,1,0.035815,0.000000
4622,1,0.035800,0.000000
4623,1,0.035785,0.000000
4624,1,0.035771,0.000000
4625,1,0.035756,0.000000
4626,1,0.035741,0.000000
4627,1,0.035726,0.000000
4628,1,0.035711,0.000000
4629,1,0.035697,0.000000
4630,1,0.035682,0.000000
4631,1,0.035667,0.000000
4632,1,0.035652,0.000000
4633,1,0.035638,0.000000
4634,1,0.035623,0.000000
4635,1,0.035608,0.000000
4636,1,0.035594,0.000000
4637,1,0.035579,0.000000
4638,1,0.035564,0.000000
4639,1,0.035550,0.000000
4640,1,0.035535,0.000000
4641,1,0.035520,0.000000
4642,1,0.035506,0.000000
4643,1,0.035491,0.000000
4644,1,0.035476,0.000000
4645,1,0.035462,0.000000
4646,1,0.035447,0.000000
4647,1,0.035433,0.000000
4648,1,0.035418,0.000000
4649,1,0.035403,0.000000
4650,1,0.035389,0.000000
4651,1,0.035374,0.000000
4652,1,0.035360,0.000000
4653,1,0.035345,0.000000
4654,1,0.035331,0.000000
4655,1,0.035316,0.000000
4656,1,0.035302,0.000000
4657,1,0.035287,0.000000
4658,1,0.035273,0.000000
4659,1,0.035258,0.000000
4660,1,0.035244,0.000000
4661,1,0.035230,0.000000
4662,1,0.035215,0.000000
4663,1,0.035201,0.000000
4664,1,0.035186,0.000000
4665,1,0.035172,0.000000
4666,1,0.035158,0.000000
4667,1,0.035143,0.000000
4668,1,0.035129,0.000000
4669,1,0.035114,0.000000
4670,1,0.035100,0.000000
4671,1,0.035086,0.000000
4672,1,0.035071,0.000000
4673,1,0.035057,0.000000
4674,1,0.035043,0.000000
4675,1,0.035029,0.000000
4676,1,0.035014,0.000000
4677,1,0.035000,0.000000
4678,1,0.034986,0.000000
4679,1,0.034972,0.000000
4680,1,0.034957,0.000000
4681,1,0.034943,0.000000
4682,1,0.034929,0.000000
4683,1,0.034915,0.000000
4684,1,0.034900,0.000000
4685,1,0.034886,0.000000
4686,1,0.034872,0.000000
4687,1,0.034858,0.000000
4688,1,0.034844,0.000000
4689,1,0.034830,0.000000
4690,1,0.034815,0.000000
4691,1,0.034801,0.000000
4692,1,0.034787,0.000000
4693,1,0.034773,0.000000
4694,1,0.034759,0.000000
4695,1,0.034745,0.000000
4696,1,0.034731,0.000000
4697,1,0.034717,0.000000
4698,1,0.034703,0.000000
4699,1,0.034689,0.000000
4700,1,0.034675,0.000000
4701,1,0.034661,0.000000
4702,1,0.034647,0.000000
4703,1,0.034632,0.000000
4704,1,0.034618,0.000000
4705,1,0.034604,0.000000
4706,1,0.034591,0.000000
4707,1,0.034577,0.000000
4708,1,0.034563,0.000000
4709,1,0.034549,0.000000
4710,1,0.034535,0.000000
4711,1,0.034521,0.000000
4712,0,0.034507,0.000000
4713,1,0.034652,0.000000
4714,1,0.034781,0.000000
4715,1,0.034897,0.000000
4716,1,0.035000,0.000000
4717,1,0.035092,0.000000
4718,1,0.035174,0.000000
4719,1,0.035246,0.000000
4720,1,0.035310,0.000000
4721,1,0.035366,0.000000
4722,1,0.035416,0.000000
4723,1,0.035460,0.000000
4724,1,0.035498,0.000000
4725,1,0.035531,0.000000
4726,1,0.035559,0.000000
4727,1,0.035584,0.000000
4728,1,0.035605,0.000000
4729,1,0.035622,0.000008
4730,1,0.035637,0.000052
4731,1,0.035649,0.000122
4732,1,0.035658,0.000212
4733,1,0.035665,0.000316
4734,1,0.035671,0.000432
4735,1,0.035674,0.000555
4736,1,0.035676,0.000685
4737,1,0.035676,0.000819
4738,1,0.035674,0.000957
4739,1,0.035672,0.001097
4740,1,0.035668,0.001237
4741,1,0.035663,0.001377
4742,1,0.035658,0.001516
4743,1,0.035651,0.001652
4744,1,0.035644,0.001785
4745,1,0.035635,0.001914
4746,1,0.035626,0.002037
4747,1,0.035617,0.002154
4748,1,0.035607,0.002264
4749,1,0.035596,0.002367
4750,1,0.035585,0.002461
4751,1,0.035574,0.002546
4752,1,0.035562,0.002622
4753,1,0.035550,0.002688
4754,1,0.035538,0.002745
4755,1,0.035525,0.002791
4756,1,0.035512,0.002828
4757,1,0.035499,0.002854
4758,1,0.035485,0.002870
4759,1,0.035472,0.002877
4760,1,0.035458,0.002869
4761,1,0.035444,0.002845
4762,1,0.035430,0.002804
4763,1,0.035416,0.002746
4764,1,0.035402,0.002672
4765,1,0.035388,0.002585
4766,1,0.035373,0.002487
4767,1,0.035359,0.002381
4768,1,0.035344,0.002268
4769,1,0.035330,0.002152
4770,1,0.035315,0.002034
4771,1,0.035300,0.001915
4772,1,0.035286,0.001798
4773,1,0.035271,0.001684
4774,1,0.035256,0.001573
4775,1,0.035241,0.001467
4776,1,0.035226,0.001366
4777,1,0.035212,0.001271
4778,1,0.035197,0.001181
4779,1,0.035182,0.001098
4780,1,0.035167,0.001021
4781,1,0.035152,0.000950
4782,1,0.035137,0.000885
4783,1,0.035122,0.000826
4784,1,0.035107,0.000772
4785,1,0.035093,0.000724
4786,1,0.035078,0.000680
4787,1,0.035063,0.000640
4788,1,0.035048,0.000605
4789,1,0.035033,0.000574
4790,1,0.035018,0.000546
4791,1,0.035003,0.000521
4792,1,0.034988,0.000499
4793,1,0.034973,0.000479
4794,1,0.034959,0.000461
4795,1,0.034944,0.000446
4796,1,0.034929,0.000432
4797,1,0.034914,0.000419
4798,1,0.034899,0.000407
4799,1,0.034884,0.000396
4800,1,0.034869,0.000386
4801,1,0.034855,0.000376
4802,1,0.034840,0.000367
4803,1,0.034825,0.000358
4804,1,0.034810,0.000350
4805,1,0.034795,0.000341
4806,1,0.034781,0.000333
4807,1,0.034766,0.000324
4808,1,0.034751,0.000314
4809,1,0.034736,0.000303
4810,1,0.034722,0.000291
4811,1,0.034707,0.000279
4812,1,0.034692,0.000266
4813,1,0.034678,0.000252
4814,1,0.034663,0.000239
4815,1,0.034648,0.000225
4816,1,0.034633,0.000212
4817,1,0.034619,0.000198
4818,1,0.034604,0.000186
4819,1,0.034590,0.000173
4820,1,0.034575,0.000161
4821,1,0.034560,0.000150
4822,1,0.034546,0.000139
4823,1,0.034531,0.000129
4824,1,0.034516,0.000120
4825,1,0.034502,0.000111
4826,1,0.034487,0.000103
4827,1,0.034473,0.000095
4828,1,0.034458,0.000089
4829,1,0.034444,0.000082
4830,1,0.034429,0.000077
4831,1,0.034415,0.000072
4832,1,0.034400,0.000067
4833,1,0.034386,0.000063
4834,1,0.034371,0.000059
4835,1,0.034357,0.000056
4836,1,0.034342,0.000053
4837,1,0.034328,0.000050
4838,1,0.034313,0.000048
4839,1,0.034299,0.000046
4840,1,0.034285,0.000044
4841,1,0.034270,0.000042
4842,1,0.034256,0.000041
4843,1,0.034241,0.000040
4844,1,0.034227,0.000038
4845,1,0.034213,0.000037
4846,1,0.034198,0.000036
4847,1,0.034184,0.000035
4848,1,0.034170,0.000034
4849,1,0.034155,0.000033
4850,1,0.034141,0.000032
4851,1,0.034127,0.000032
4852,1,0.034112,0.000031
4853,1,0.034098,0.000030
4854,1,0.034084,0.000029
4855,1,0.034070,0.000028
4856,1,0.034055,0.000026
4857,1,0.034041,0.000025
4858,1,0.034027,0.000024
4859,1,0.034013,0.000023
4860,1,0.033999,0.000021
4861,1,0.033984,0.000020
4862,1,0.033970,0.000019
4863,1,0.033956,0.000018
4864,1,0.033942,0.000017
4865,1,0.033928,0.000015
4866,1,0.033914,0.000014
4867,1,0.033899,0.000013
4868,1,0.033885,0.000012
4869,1,0.033871,0.000011
4870,1,0.033857,0.000011
4871,1,0.033843,0.000010
4872,1,0.033829,0.000009
4873,1,0.033815,0.000008
4874,1,0.033801,0.000008
4875,1,0.033787,0.000007
4876,1,0.033773,0.000007
4877,1,0.033759,0.000006
4878,1,0.033745,0.000006
4879,1,0.033731,0.000006
4880,1,0.033717,0.000005
4881,1,0.033703,0.000005
4882,1,0.033689,0.000005
4883,1,0.033675,0.000005
4884,1,0.033661,0.000004
4885,1,0.033647,0.000004
4886,1,0.033633,0.000004
4887,1,0.033619,0.000004
4888,1,0.033605,0.000004
4889,1,0.033591,0.000004
4890,1,0.033577,0.000004
4891,1,0.033563,0.000003
4892,1,0.033550,0.000003
4893,1,0.033536,0.000003
4894,1,0.033522,0.000003
4895,1,0.033508,0.000003
4896,1,0.033494,0.000003
4897,1,0.033480,0.000003
4898,1,0.033467,0.000003
4899,1,0.033453,0.000003
4900,1,0.033439,0.000003
4901,1,0.033425,0.000002
4902,1,0.033411,0.000002
4903,1,0.033398,0.000002
4904,1,0.033384,0.000002
4905,1,0.033370,0.000002
4906,1,0.033356,0.000002
4907,1,0.033343,0.000002
4908,1,0.033329,0.000002
4909,1,0.033315,0.000002
4910,1,0.033302,0.000001
4911,1,0.033288,0.000001
4912,1,0.033274,0.000001
4913,1,0.033261,0.000001
4914,1,0.033247,0.000001
4915,1,0.033233,0.000001
4916,1,0.033220,0.000001
4917,1,0.033206,0.000001
4918,1,0.033192,0.000001
4919,1,0.033179,0.000001
4920,1,0.033165,0.000001
4921,1,0.033152,0.000001
4922,1,0.033138,0.000001
4923,1,0.033125,0.000001
4924,1,0.033111,0.000001
4925,1,0.033097,0.000001
4926,1,0.033084,0.000000
4927,1,0.033070,0.000000
4928,1,0.033057,0.000000
4929,1,0.033043,0.000000
4930,1,0.033030,0.000000
4931,1,0.033016,0.000000
4932,1,0.033003,0.000000
4933,1,0.032989,0.000000
4934,1,0.032976,0.000000
4935,1,0.032962,0.000000
4936,1,0.032949,0.000000
4937,1,0.032936,0.000000
4938,1,0.032922,0.000000
4939,1,0.032909,0.000000
4940,1,0.032895,0.000000
4941,1,0.032882,0.000000
4942,1,0.032869,0.000000
4943,1,0.032855,0.000000
4944,1,0.032842,0.000000
4945,1,0.032829,0.000000
4946,1,0.032815,0.000000
4947,1,0.032802,0.000000
4948,1,0.032789,0.000000
4949,1,0.032775,0.000000
4950,1,0.032762,0.000000
4951,1,0.032749,0.000000
4952,1,0.032735,0.000000
4953,1,0.032722,0.000000
4954,1,0.032709,0.000000
4955,1,0.032696,0.000000
4956,1,0.032682,0.000000
4957,1,0.032669,0.000000
4958,1,0.032656,0.000000
4959,1,0.032643,0.000000
4960,1,0.032629,0.000000
4961,1,0.032616,0.000000
4962,1,0.032603,0.000000
4963,1,0.032590,0.000000
4964,1,0.032577,0.000000
4965,1,0.032563,0.000000
4966,1,0.032550,0.000000
4967,1,0.032537,0.000000
4968,1,0.032524,0.000000
4969,1,0.032511,0.000000
4970,1,0.032498,0.000000
4971,1,0.032485,0.000000
4972,1,0.032472,0.000000
4973,1,0.032458,0.000000
4974,1,0.032445,0.000000
4975,1,0.032432,0.000000
4976,1,0.032419,0.000000
4977,1,0.032406,0.000000
4978,1,0.032393,0.000000
4979,1,0.032380,0.000000
4980,1,0.032367,0.000000
4981,1,0.032354,0.000000
4982,1,0.032341,0.000000
4983,1,0.032328,0.000000
4984,1,0.032315,0.000000
4985,1,0.032302,0.000000
4986,1,0.032289,0.000000
4987,1,0.032276,0.000000
4988,1,0.032263,0.000000
4989,1,0.032250,0.000000
4990,1,0.032237,0.000000
4991,1,0.032224,0.000000
4992,1,0.032211,0.000000
4993,1,0.032198,0.000000
4994,1,0.032186,0.000000
4995,1,0.032173,0.000000
4996,1,0.032160,0.000000
4997,1,0.032147,0.000000
4998,1,0.032134,0.000000
4999,1,0.032121,0.000000
5000,1,0.032108,0.000000
5001,1,0.032095,0.000000
5002,1,0.032083,0.000000
5003,1,0.032070,0.000000
5004,1,0.032057,0.000000
5005,1,0.032044,0.000000
5006,1,0.032031,0.000000
5007,1,0.032019,0.000000
5008,1,0.032006,0.000000
5009,1,0.031993,0.000000
5010,1,0.031980,0.000000
5011,1,0.031968,0.000000
5012,1,0.031955,0.000000
5013,1,0.031942,0.000000
5014,1,0.031929,0.000000
5015,1,0.031917,0.000000
5016,1,0.031904,0.000000
5017,1,0.031891,0.000000
5018,1,0.031879,0.000000
5019,1,0.031866,0.000000
5020,1,0.031853,0.000000
5021,1,0.031840,0.000000
5022,1,0.031828,0.000000
5023,1,0.031815,0.000000
5024,1,0.031803,0.000000
5025,1,0.031790,0.000000
5026,1,0.031777,0.000000
5027,1,0.031765,0.000000
5028,1,0.031752,0.000000
5029,1,0.031739,0.000000
5030,1,0.031727,0.000000
5031,1,0.031714,0.000000
5032,1,0.031702,0.000000
5033,1,0.031689,0.000000
5034,1,0.031677,0.000000
5035,1,0.031664,0.000000
5036,1,0.031652,0.000000
5037,1,0.031639,0.000000
5038,1,0.031626,0.000000
5039,1,0.031614,0.000000
5040,1,0.031601,0.000000
5041,1,0.031589,0.000000
5042,1,0.031576,0.000000
5043,1,0.031564,0.000000
5044,1,0.031552,0.000000
5045,1,0.031539,0.000000
5046,1,0.031527,0.000000
5047,1,0.031514,0.000000
5048,1,0.031502,0.000000
5049,1,0.031489,0.000000
5050,1,0.031477,0.000000
5051,1,0.031464,0.000000
5052,1,0.031452,0.000000
5053,1,0.031440,0.000000
5054,1,0.031427,0.000000
5055,1,0.031415,0.000000
5056,1,0.031403,0.000000
5057,1,0.031390,0.000000
5058,1,0.031378,0.000000
5059,1,0.031365,0.000000
5060,1,0.031353,0.000000
5061,1,0.031341,0.000000
5062,1,0.031329,0.000000
5063,1,0.031316,0.000000
5064,1,0.031304,0.000000
5065,1,0.031292,0.000000
5066,1,0.031279,0.000000
5067,1,0.031267,0.000000
5068,1,0.031255,0.000000
5069,1,0.031243,0.000000
5070,1,0.031230,0.000000
5071,1,0.031218,0.000000
5072,1,0.031206,0.000000
5073,1,0.031194,0.000000
5074,1,0.031181,0.000000
5075,1,0.031169,0.000000
5076,1,0.031157,0.000000
5077,1,0.031145,0.000000
5078,1,0.031133,0.000000
5079,1,0.031120,0.000000
5080,1,0.031108,0.000000
5081,1,0.031096,0.000000
5082,1,0.031084,0.000000
5083,1,0.031072,0.000000
5084,1,0.031060,0.000000
5085,1,0.031047,0.000000
5086,1,0.031035,0.000000
5087,1,0.031023,0.000000
5088,1,0.031011,0.000000
5089,1,0.030999,0.000000
5090,1,0.030987,0.000000
5091,1,0.030975,0.000000
5092,1,0.030963,0.000000
5093,1,0.030951,0.000000
5094,1,0.030939,0.000000
5095,1,0.030927,0.000000
5096,1,0.030914,0.000000
5097,1,0.030902,0.000000
5098,1,0.030890,0.000000
5099,1,0.030878,0.000000
5100,1,0.030866,0.000000
5101,1,0.030854,0.000000
5102,1,0.030842,0.000000
5103,0,0.030830,0.000000
5104,1,0.030971,0.000000
5105,1,0.031098,0.000000
5106,1,0.031211,0.000000
5107,1,0.031311,0.000000
5108,1,0.031401,0.000000
5109,1,0.031481,0.000000
5110,1,0.031553,0.000000
5111,1,0.031616,0.000000
5112,1,0.031672,0.000000
5113,1,0.031721,0.000000
5114,1,0.031765,0.000000
5115,1,0.031803,0.000000
5116,1,0.031837,0.000000
5117,1,0.031866,0.000000
5118,1,0.031892,0.000000
5119,1,0.031913,0.000000
5120,1,0.031932,0.000000
5121,1,0.031948,0.000015
5122,1,0.031961,0.000066
5123,1,0.031972,0.000146
5124,1,0.031981,0.000248
5125,1,0.031987,0.000367
5126,1,0.031992,0.000500
5127,1,0.031995,0.000643
5128,1,0.031997,0.000793
5129,1,0.031998,0.000950
5130,1,0.031997,0.001109
5131,1,0.031995,0.001271
5132,1,0.031992,0.001433
5133,1,0.031988,0.001594
5134,1,0.031983,0.001752
5135,1,0.031977,0.001906
5136,1,0.031971,0.002054
5137,1,0.031964,0.002196
5138,1,0.031956,0.002330
5139,1,0.031948,0.002455
5140,1,0.031939,0.002571
5141,1,0.031930,0.002676
5142,1,0.031920,0.002771
5143,1,0.031911,0.002855
5144,1,0.031900,0.002926
5145,1,0.031890,0.002986
5146,1,0.031879,0.003034
5147,1,0.031868,0.003070
5148,1,0.031857,0.003090
5149,1,0.031845,0.003091
5150,1,0.031833,0.003070
5151,1,0.031822,0.003028
5152,1,0.031810,0.002965
5153,1,0.031797,0.002884
5154,1,0.031785,0.002788
5155,1,0.031773,0.002680
5156,1,0.031761,0.002563
5157,1,0.031748,0.002439
5158,1,0.031736,0.002311
5159,1,0.031723,0.002182
5160,1,0.031710,0.002053
5161,1,0.031698,0.001925
5162,1,0.031685,0.001802
5163,1,0.031672,0.001683
5164,1,0.031659,0.001569
5165,1,0.031646,0.001462
5166,1,0.031634,0.001361
5167,1,0.031621,0.001267
5168,1,0.031608,0.001180
5169,1,0.031595,0.001099
5170,1,0.031582,0.001026
5171,1,0.031569,0.000959
5172,1,0.031556,0.000899
5173,1,0.031543,0.000844
5174,1,0.031530,0.000795
5175,1,0.031517,0.000752
5176,1,0.031504,0.000713
5177,1,0.031491,0.000678
5178,1,0.031478,0.000647
5179,1,0.031465,0.000620
5180,1,0.031452,0.000596
5181,1,0.031439,0.000574
5182,1,0.031426,0.000555
5183,1,0.031413,0.000538
5184,1,0.031400,0.000523
5185,1,0.031387,0.000509
5186,1,0.031374,0.000496
5187,1,0.031362,0.000484
5188,1,0.031349,0.000472
5189,1,0.031336,0.000461
5190,1,0.031323,0.000451
5191,1,0.031310,0.000441
5192,1,0.031297,0.000430
5193,1,0.031284,0.000418
5194,1,0.031271,0.000406
5195,1,0.031258,0.000392
5196,1,0.031245,0.000377
5197,1,0.031232,0.000361
5198,1,0.031219,0.000344
5199,1,0.031207,0.000327
5200,1,0.031194,0.000309
5201,1,0.031181,0.000292
5202,1,0.031168,0.000274
5203,1,0.031155,0.000257
5204,1,0.031142,0.000240
5205,1,0.031129,0.000224
5206,1,0.031117,0.000208
5207,1,0.031104,0.000194
5208,1,0.031091,0.000180
5209,1,0.031078,0.000167
5210,1,0.031065,0.000155
5211,1,0.031053,0.000144
5212,1,0.031040,0.000133
5213,1,0.031027,0.000124
5214,1,0.031014,0.000115
5215,1,0.031002,0.000108
5216,1,0.030989,0.000100
5217,1,0.030976,0.000094
5218,1,0.030964,0.000088
5219,1,0.030951,0.000083
5220,1,0.030938,0.000079
5221,1,0.030926,0.000075
5222,1,0.030913,0.000071
5223,1,0.030900,0.000068
5224,1,0.030888,0.000065
5225,1,0.030875,0.000062
5226,1,0.030862,0.000060
5227,1,0.030850,0.000058
5228,1,0.030837,0.000056
5229,1,0.030824,0.000054
5230,1,0.030812,0.000053
5231,1,0.030799,0.000051
5232,1,0.030787,0.000050
5233,1,0.030774,0.000049
5234,1,0.030761,0.000047
5235,1,0.030749,0.000046
5236,1,0.030736,0.000045
5237,1,0.030724,0.000043
5238,1,0.030711,0.000042
5239,1,0.030699,0.000040
5240,1,0.030686,0.000038
5241,1,0.030674,0.000037
5242,1,0.030661,0.000035
5243,1,0.030649,0.000033
5244,1,0.030636,0.000031
5245,1,0.030624,0.000029
5246,1,0.030611,0.000027
5247,1,0.030599,0.000025
5248,1,0.030587,0.000024
5249,1,0.030574,0.000022
5250,1,0.030562,0.000021
5251,1,0.030549,0.000019
5252,1,0.030537,0.000018
5253,1,0.030524,0.000016
5254,1,0.030512,0.000015
5255,1,0.030500,0.000014
5256,1,0.030487,0.000013
5257,1,0.030475,0.000012
5258,1,0.030463,0.000011
5259,1,0.030450,0.000011
5260,1,0.030438,0.000010
5261,1,0.030426,0.000009
5262,1,0.030413,0.000009
5263,1,0.030401,0.000008
5264,1,0.030389,0.000008
5265,1,0.030376,0.000008
5266,1,0.030364,0.000007
5267,1,0.030352,0.000007
5268,1,0.030340,0.000007
5269,1,0.030327,0.000006
5270,1,0.030315,0.000006
5271,1,0.030303,0.000006
5272,1,0.030291,0.000006
5273,1,0.030278,0.000006
5274,1,0.030266,0.000005
5275,1,0.030254,0.000005
5276,1,0.030242,0.000005
5277,1,0.030230,0.000005
5278,1,0.030217,0.000005
5279,1,0.030205,0.000005
5280,1,0.030193,0.000005
5281,1,0.030181,0.000004
5282,1,0.030169,0.000004
5283,1,0.030157,0.000004
5284,1,0.030145,0.000004
5285,1,0.030132,0.000004
5286,1,0.030120,0.000003
5287,1,0.030108,0.000003
5288,1,0.030096,0.000003
5289,1,0.030084,0.000003
5290,1,0.030072,0.000003
5291,1,0.030060,0.000002
5292,1,0.030048,0.000002
5293,1,0.030036,0.000002
5294,1,0.030024,0.000002
5295,1,0.030012,0.000002
5296,1,0.030000,0.000002
5297,1,0.029988,0.000002
5298,1,0.029976,0.000001
5299,1,0.029964,0.000001
5300,1,0.029952,0.000001
5301,1,0.029940,0.000001
5302,1,0.029928,0.000001
5303,1,0.029916,0.000001
5304,1,0.029904,0.000001
5305,1,0.029892,0.000001
5306,1,0.029880,0.000001
5307,1,0.029868,0.000001
5308,1,0.029856,0.000001
5309,1,0.029844,0.000001
5310,1,0.029832,0.000001
5311,1,0.029820,0.000001
5312,1,0.029808,0.000001
5313,1,0.029796,0.000001
5314,1,0.029785,0.000001
5315,1,0.029773,0.000001
5316,1,0.029761,0.000001
5317,1,0.029749,0.000001
5318,1,0.029737,0.000001
5319,1,0.029725,0.000001
5320,1,0.029713,0.000001
5321,1,0.029702,0.000001
5322,1,0.029690,0.000001
5323,1,0.029678,0.000000
5324,1,0.029666,0.000000
5325,1,0.029654,0.000000
5326,1,0.029643,0.000000
5327,1,0.029631,0.000000
5328,1,0.029619,0.000000
5329,1,0.029607,0.000000
5330,1,0.029596,0.000000
5331,1,0.029584,0.000000
5332,1,0.029572,0.000000
5333,1,0.029560,0.000000
5334,1,0.029549,0.000000
5335,1,0.029537,0.000000
5336,1,0.029525,0.000000
5337,1,0.029514,0.000000
5338,1,0.029502,0.000000
5339,1,0.029490,0.000000
5340,1,0.029479,0.000000
5341,1,0.029467,0.000000
5342,1,0.029455,0.000000
5343,1,0.029444,0.000000
5344,1,0.029432,0.000000
5345,1,0.029420,0.000000
5346,1,0.029409,0.000000
5347,1,0.029397,0.000000
5348,1,0.029385,0.000000
5349,1,0.029374,0.000000
5350,1,0.029362,0.000000
5351,1,0.029351,0.000000
5352,1,0.029339,0.000000
5353,1,0.029328,0.000000
5354,1,0.029316,0.000000
5355,1,0.029304,0.000000
5356,1,0.029293,0.000000
5357,1,0.029281,0.000000
5358,1,0.029270,0.000000
5359,1,0.029258,0.000000
5360,1,0.029247,0.000000
5361,1,0.029235,0.000000
5362,1,0.029224,0.000000
5363,1,0.029212,0.000000
5364,1,0.029201,0.000000
5365,1,0.029189,0.000000
5366,1,0.029178,0.000000
5367,1,0.029166,0.000000
5368,1,0.029155,0.000000
5369,1,0.029144,0.000000
5370,1,0.029132,0.000000
5371,1,0.029121,0.000000
5372,1,0.029109,0.000000
5373,1,0.029098,0.000000
5374,1,0.029086,0.000000
5375,1,0.029075,0.000000
5376,1,0.029064,0.000000
5377,1,0.029052,0.000000
5378,1,0.029041,0.000000
5379,1,0.029030,0.000000
5380,1,0.029018,0.000000
5381,1,0.029007,0.000000
5382,1,0.028995,0.000000
5383,1,0.028984,0.000000
5384,1,0.028973,0.000000
5385,1,0.028961,0.000000
5386,1,0.028950,0.000000
5387,1,0.028939,0.000000
5388,1,0.028928,0.000000
5389,1,0.028916,0.000000
5390,1,0.028905,0.000000
5391,1,0.028894,0.000000
5392,1,0.028882,0.000000
5393,1,0.028871,0.000000
5394,1,0.028860,0.000000
5395,1,0.028849,0.000000
5396,1,0.028837,0.000000
5397,1,0.028826,0.000000
5398,1,0.028815,0.000000
5399,1,0.028804,0.000000
5400,1,0.028793,0.000000
5401,1,0.028781,0.000000
5402,1,0.028770,0.000000
5403,1,0.028759,0.000000
5404,1,0.028748,0.000000
5405,1,0.028737,0.000000
5406,1,0.028725,0.000000
5407,1,0.028714,0.000000
5408,1,0.028703,0.000000
5409,1,0.028692,0.000000
5410,1,0.028681,0.000000
5411,1,0.028670,0.000000
5412,1,0.028659,0.000000
5413,1,0.028647,0.000000
5414,1,0.028636,0.000000
5415,1,0.028625,0.000000
5416,1,0.028614,0.000000
5417,1,0.028603,0.000000
5418,1,0.028592,0.000000
5419,1,0.028581,0.000000
5420,1,0.028570,0.000000
5421,1,0.028559,0.000000
5422,1,0.028548,0.000000
5423,1,0.028537,0.000000
5424,1,0.028526,0.000000
5425,1,0.028515,0.000000
5426,1,0.028504,0.000000
5427,1,0.028493,0.000000
5428,1,0.028482,0.000000
5429,1,0.028471,0.000000
5430,1,0.028460,0.000000
5431,1,0.028449,0.000000
5432,1,0.028438,0.000000
5433,1,0.028427,0.000000
5434,1,0.028416,0.000000
5435,1,0.028405,0.000000
5436,1,0.028394,0.000000
5437,1,0.028383,0.000000
5438,1,0.028372,0.000000
5439,1,0.028361,0.000000
5440,1,0.028350,0.000000
5441,1,0.028339,0.000000
5442,1,0.028328,0.000000
5443,1,0.028317,0.000000
5444,1,0.028306,0.000000
5445,1,0.028296,0.000000
5446,1,0.028285,0.000000
5447,1,0.028274,0.000000
5448,1,0.028263,0.000000
5449,1,0.028252,0.000000
5450,1,0.028241,0.000000
5451,1,0.028230,0.000000
5452,1,0.028220,0.000000
5453,1,0.028209,0.000000
5454,1,0.028198,0.000000
5455,1,0.028187,0.000000
5456,1,0.028176,0.000000
5457,1,0.028166,0.000000
5458,1,0.028155,0.000000
5459,1,0.028144,0.000000
5460,1,0.028133,0.000000
5461,1,0.028122,0.000000
5462,1,0.028112,0.000000
5463,1,0.028101,0.000000
5464,1,0.028090,0.000000
5465,1,0.028079,0.000000
5466,1,0.028069,0.000000
5467,1,0.028058,0.000000
5468,1,0.028047,0.000000
5469,1,0.028036,0.000000
5470,1,0.028026,0.000000
5471,1,0.028015,0.000000
5472,1,0.028004,0.000000
5473,1,0.027994,0.000000
5474,1,0.027983,0.000000
5475,1,0.027972,0.000000
5476,1,0.027962,0.000000
5477,1,0.027951,0.000000
5478,1,0.027940,0.000000
5479,1,0.027930,0.000000
5480,1,0.027919,0.000000
5481,1,0.027908,0.000000
5482,1,0.027898,0.000000
5483,1,0.027887,0.000000
5484,1,0.027876,0.000000
5485,1,0.027866,0.000000
5486,1,0.027855,0.000000
5487,1,0.027845,0.000000
5488,1,0.027834,0.000000
5489,1,0.027823,0.000000
5490,1,0.027813,0.000000
5491,1,0.027802,0.000000
5492,1,0.027792,0.000000
5493,1,0.027781,0.000000
5494,1,0.027771,0.000000
5495,1,0.027760,0.000000
5496,1,0.027750,0.000000
5497,1,0.027739,0.000000
5498,1,0.027729,0.000000
5499,1,0.027718,0.000000
5500,1,0.027707,0.000000
5501,1,0.027697,0.000000
5502,1,0.027686,0.000000
5503,1,0.027676,0.000000
5504,1,0.027666,0.000000
5505,1,0.027655,0.000000
5506,1,0.027645,0.000000
5507,1,0.027634,0.000000
5508,1,0.027624,0.000000
5509,1,0.027613,0.000000
5510,1,0.027603,0.000000
5511,1,0.027592,0.000000
5512,1,0.027582,0.000000
5513,1,0.027571,0.000000
5514,1,0.027561,0.000000
5515,1,0.027551,0.000000
5516,1,0.027540,0.000000
5517,1,0.027530,0.000000
5518,1,0.027519,0.000000
5519,1,0.027509,0.000000
5520,1,0.027499,0.000000
5521,1,0.027488,0.000000
5522,1,0.027478,0.000000
5523,1,0.027468,0.000000
5524,1,0.027457,0.000000
5525,1,0.027447,0.000000
5526,1,0.027437,0.000000
5527,1,0.027426,0.000000
5528,1,0.027416,0.000000
5529,1,0.027406,0.000000
5530,1,0.027395,0.000000
5531,1,0.027385,0.000000
5532,1,0.027375,0.000000
5533,1,0.027364,0.000000
5534,1,0.027354,0.000000
5535,1,0.027344,0.000000
5536,1,0.027333,0.000000
5537,1,0.027323,0.000000
5538,1,0.027313,0.000000
5539,1,0.027303,0.000000
5540,1,0.027292,0.000000
5541,1,0.027282,0.000000
5542,1,0.027272,0.000000
5543,1,0.027262,0.000000
5544,1,0.027251,0.000000
5545,1,0.027241,0.000000
5546,1,0.027231,0.000000
5547,1,0.027221,0.000000
5548,1,0.027211,0.000000
5549,1,0.027200,0.000000
5550,1,0.027190,0.000000
5551,1,0.027180,0.000000
5552,1,0.027170,0.000000
5553,1,0.027160,0.000000
5554,1,0.027150,0.000000
5555,1,0.027139,0.000000
5556,1,0.027129,0.000000
5557,1,0.027119,0.000000
5558,1,0.027109,0.000000
5559,1,0.027099,0.000000
5560,1,0.027089,0.000000
5561,1,0.027079,0.000000
5562,1,0.027069,0.000000
5563,1,0.027058,0.000000
5564,1,0.027048,0.000000
5565,1,0.027038,0.000000
5566,1,0.027028,0.000000
5567,1,0.027018,0.000000
5568,1,0.027008,0.000000
5569,1,0.026998,0.000000
5570,1,0.026988,0.000000
5571,1,0.026978,0.000000
5572,1,0.026968,0.000000
5573,1,0.026958,0.000000
5574,1,0.026948,0.000000
5575,1,0.026938,0.000000
5576,1,0.026928,0.000000
5577,1,0.026918,0.000000
5578,1,0.026908,0.000000
5579,1,0.026898,0.000000
5580,1,0.026888,0.000000
5581,1,0.026878,0.000000
5582,1,0.026868,0.000000
5583,1,0.026858,0.000000
5584,1,0.026848,0.000000
5585,1,0.026838,0.000000
5586,1,0.026828,0.000000
5587,1,0.026818,0.000000
5588,1,0.026808,0.000000
5589,1,0.026798,0.000000
5590,1,0.026788,0.000000
5591,1,0.026778,0.000000
5592,1,0.026768,0.000000
5593,1,0.026758,0.000000
5594,1,0.026748,0.000000
5595,1,0.026738,0.000000
5596,1,0.026728,0.000000
5597,1,0.026718,0.000000
5598,1,0.026709,0.000000
5599,1,0.026699,0.000000
5600,1,0.026689,0.000000
5601,1,0.026679,0.000000
5602,1,0.026669,0.000000
5603,1,0.026659,0.000000
5604,1,0.026649,0.000000
5605,1,0.026639,0.000000
5606,1,0.026630,0.000000
5607,1,0.026620,0.000000
5608,1,0.026610,0.000000
5609,1,0.026600,0.000000
5610,1,0.026590,0.000000
5611,1,0.026580,0.000000
5612,1,0.026571,0.000000
5613,1,0.026561,0.000000
5614,1,0.026551,0.000000
5615,1,0.026541,0.000000
5616,1,0.026531,0.000000
5617,1,0.026522,0.000000
5618,1,0.026512,0.000000
5619,1,0.026502,0.000000
5620,1,0.026492,0.000000
5621,1,0.026483,0.000000
5622,1,0.026473,0.000000
5623,1,0.026463,0.000000
5624,1,0.026453,0.000000
5625,1,0.026444,0.000000
5626,1,0.026434,0.000000
5627,1,0.026424,0.000000
5628,1,0.026414,0.000000
5629,1,0.026405,0.000000
5630,1,0.026395,0.000000
5631,1,0.026385,0.000000
5632,1,0.026376,0.000000
5633,1,0.026366,0.000000
5634,1,0.026356,0.000000
5635,1,0.026347,0.000000
5636,1,0.026337,0.000000
5637,1,0.026327,0.000000
5638,1,0.026318,0.000000
5639,1,0.026308,0.000000
5640,1,0.026298,0.000000
5641,1,0.026289,0.000000
5642,1,0.026279,0.000000
5643,1,0.026269,0.000000
5644,1,0.026260,0.000000
5645,1,0.026250,0.000000
5646,1,0.026241,0.000000
5647,1,0.026231,0.000000
5648,1,0.026221,0.000000
5649,1,0.026212,0.000000
5650,1,0.026202,0.000000
5651,1,0.026193,0.000000
5652,1,0.026183,0.000000
5653,1,0.026173,0.000000
5654,1,0.026164,0.000000
5655,1,0.026154,0.000000
5656,1,0.026145,0.000000
5657,1,0.026135,0.000000
5658,1,0.026126,0.000000
5659,1,0.026116,0.000000
5660,1,0.026107,0.000000
5661,1,0.026097,0.000000
5662,1,0.026087,0.000000
5663,1,0.026078,0.000000
5664,1,0.026068,0.000000
5665,1,0.026059,0.000000
5666,1,0.026049,0.000000
5667,1,0.026040,0.000000
5668,1,0.026030,0.000000
5669,1,0.026021,0.000000
5670,1,0.026012,0.000000
5671,1,0.026002,0.000000
5672,1,0.025993,0.000000
5673,1,0.025983,0.000000
5674,1,0.025974,0.000000
5675,1,0.025964,0.000000
5676,1,0.025955,0.000000
5677,1,0.025945,0.000000
5678,1,0.025936,0.000000
5679,1,0.025926,0.000000
5680,1,0.025917,0.000000
5681,1,0.025908,0.000000
5682,1,0.025898,0.000000
5683,1,0.025889,0.000000
5684,1,0.025879,0.000000
5685,1,0.025870,0.000000
5686,1,0.025861,0.000000
5687,1,0.025851,0.000000
5688,1,0.025842,0.000000
5689,1,0.025832,0.000000
5690,1,0.025823,0.000000
5691,1,0.025814,0.000000
5692,1,0.025804,0.000000
5693,1,0.025795,0.000000
5694,1,0.025786,0.000000
5695,1,0.025776,0.000000
5696,1,0.025767,0.000000
5697,1,0.025758,0.000000
5698,1,0.025748,0.000000
5699,1,0.025739,0.000000
5700,1,0.025730,0.000000
5701,1,0.025720,0.000000
5702,1,0.025711,0.000000
5703,1,0.025702,0.000000
5704,1,0.025693,0.000000
5705,1,0.025683,0.000000
5706,1,0.025674,0.000000
5707,1,0.025665,0.000000
5708,1,0.025655,0.000000
5709,1,0.025646,0.000000
5710,1,0.025637,0.000000
5711,1,0.025628,0.000000
5712,1,0.025618,0.000000
5713,1,0.025609,0.000000
5714,1,0.025600,0.000000
5715,1,0.025591,0.000000
5716,1,0.025581,0.000000
5717,1,0.025572,0.000000
5718,1,0.025563,0.000000
5719,1,0.025554,0.000000
5720,1,0.025545,0.000000
5721,1,0.025535,0.000000
5722,1,0.025526,0.000000
5723,1,0.025517,0.000000
5724,1,0.025508,0.000000
5725,1,0.025499,0.000000
5726,1,0.025489,0.000000
5727,1,0.025480,0.000000
5728,1,0.025471,0.000000
5729,1,0.025462,0.000000
5730,1,0.025453,0.000000
5731,1,0.025444,0.000000
5732,1,0.025434,0.000000
5733,1,0.025425,0.000000
5734,1,0.025416,0.000000
5735,1,0.025407,0.000000
5736,1,0.025398,0.000000
5737,1,0.025389,0.000000
5738,1,0.025380,0.000000
5739,1,0.025371,0.000000
5740,1,0.025361,0.000000
5741,1,0.025352,0.000000
5742,1,0.025343,0.000000
5743,1,0.025334,0.000000
5744,1,0.025325,0.000000
5745,1,0.025316,0.000000
5746,1,0.025307,0.000000
5747,1,0.025298,0.000000
5748,1,0.025289,0.000000
5749,1,0.025280,0.000000
5750,1,0.025271,0.000000
5751,1,0.025262,0.000000
5752,1,0.025253,0.000000
5753,1,0.025244,0.000000
5754,1,0.025235,0.000000
5755,1,0.025226,0.000000
5756,1,0.025217,0.000000
5757,1,0.025208,0.000000
5758,1,0.025199,0.000000
5759,1,0.025190,0.000000
5760,1,0.025181,0.000000
5761,1,0.025172,0.000000
5762,1,0.025163,0.000000
5763,1,0.025154,0.000000
5764,1,0.025145,0.000000
5765,1,0.025136,0.000000
5766,1,0.025127,0.000000
5767,1,0.025118,0.000000
5768,1,0.025109,0.000000
5769,1,0.025100,0.000000
5770,1,0.025091,0.000000
5771,1,0.025082,0.000000
5772,1,0.025073,0.000000
5773,1,0.025064,0.000000
5774,1,0.025055,0.000000
5775,1,0.025046,0.000000
5776,1,0.025037,0.000000
5777,1,0.025028,0.000000
5778,1,0.025019,0.000000
5779,1,0.025010,0.000000
5780,1,0.025002,0.000000
5781,1,0.024993,0.000000
5782,1,0.024984,0.000000
5783,1,0.024975,0.000000
5784,1,0.024966,0.000000
5785,1,0.024957,0.000000
5786,1,0.024948,0.000000
5787,1,0.024939,0.000000
5788,1,0.024931,0.000000
5789,1,0.024922,0.000000
5790,1,0.024913,0.000000
5791,1,0.024904,0.000000
5792,1,0.024895,0.000000
5793,1,0.024886,0.000000
5794,1,0.024878,0.000000
5795,1,0.024869,0.000000
5796,1,0.024860,0.000000
5797,1,0.024851,0.000000
5798,1,0.024842,0.000000
5799,1,0.024833,0.000000
5800,1,0.024825,0.000000
5801,1,0.024816,0.000000
5802,1,0.024807,0.000000
5803,1,0.024798,0.000000
5804,1,0.024790,0.000000
5805,1,0.024781,0.000000
5806,1,0.024772,0.000000
5807,1,0.024763,0.000000
5808,1,0.024754,0.000000
5809,1,0.024746,0.000000
5810,1,0.024737,0.000000
5811,1,0.024728,0.000000
5812,1,0.024719,0.000000
5813,1,0.024711,0.000000
5814,1,0.024702,0.000000
5815,1,0.024693,0.000000
5816,1,0.024685,0.000000
5817,1,0.024676,0.000000
5818,1,0.024667,0.000000
5819,1,0.024658,0.000000
5820,1,0.024650,0.000000
5821,1,0.024641,0.000000
5822,1,0.024632,0.000000
5823,1,0.024624,0.000000
5824,1,0.024615,0.000000
5825,1,0.024606,0.000000
5826,1,0.024598,0.000000
5827,1,0.024589,0.000000
5828,1,0.024580,0.000000
5829,1,0.024572,0.000000
5830,1,0.024563,0.000000
5831,1,0.024554,0.000000
5832,1,0.024546,0.000000
5833,1,0.024537,0.000000
5834,1,0.024528,0.000000
5835,1,0.024520,0.000000
5836,1,0.024511,0.000000
5837,1,0.024502,0.000000
5838,1,0.024494,0.000000
5839,1,0.024485,0.000000
5840,1,0.024477,0.000000
5841,1,0.024468,0.000000
5842,1,0.024459,0.000000
5843,1,0.024451,0.000000
5844,1,0.024442,0.000000
5845,1,0.024434,0.000000
5846,1,0.024425,0.000000
5847,1,0.024417,0.000000
5848,1,0.024408,0.000000
5849,1,0.024399,0.000000
5850,1,0.024391,0.000000
5851,1,0.024382,0.000000
5852,1,0.024374,0.000000
5853,1,0.024365,0.000000
5854,1,0.024357,0.000000
5855,1,0.024348,0.000000
5856,1,0.024340,0.000000
5857,1,0.024331,0.000000
5858,1,0.024323,0.000000
5859,1,0.024314,0.000000
5860,1,0.024306,0.000000
5861,1,0.024297,0.000000
5862,1,0.024289,0.000000
5863,1,0.024280,0.000000
5864,1,0.024272,0.000000
5865,1,0.024263,0.000000
5866,1,0.024255,0.000000
5867,1,0.024246,0.000000
5868,1,0.024238,0.000000
5869,1,0.024229,0.000000
5870,1,0.024221,0.000000
5871,1,0.024212,0.000000
5872,1,0.024204,0.000000
5873,1,0.024195,0.000000
5874,1,0.024187,0.000000
5875,1,0.024178,0.000000
5876,1,0.024170,0.000000
5877,1,0.024161,0.000000
5878,1,0.024153,0.000000
5879,1,0.024145,0.000000
5880,1,0.024136,0.000000
5881,1,0.024128,0.000000
5882,1,0.024119,0.000000
5883,1,0.024111,0.000000
5884,1,0.024103,0.000000
5885,1,0.024094,0.000000
5886,1,0.024086,0.000000
5887,1,0.024077,0.000000
5888,1,0.024069,0.000000
5889,1,0.024061,0.000000
5890,1,0.024052,0.000000
5891,1,0.024044,0.000000
5892,1,0.024036,0.000000
5893,1,0.024027,0.000000
5894,1,0.024019,0.000000
5895,1,0.024010,0.000000
5896,1,0.024002,0.000000
5897,1,0.023994,0.000000
5898,1,0.023985,0.000000
5899,1,0.023977,0.000000
5900,1,0.023969,0.000000
5901,1,0.023960,0.000000
5902,1,0.023952,0.000000
5903,1,0.023944,0.000000
5904,1,0.023935,0.000000
5905,1,0.023927,0.000000
5906,1,0.023919,0.000000
5907,1,0.023911,0.000000
5908,1,0.023902,0.000000
5909,1,0.023894,0.000000
5910,1,0.023886,0.000000
5911,1,0.023877,0.000000
5912,1,0.023869,0.000000
5913,1,0.023861,0.000000
5914,1,0.023853,0.000000
5915,1,0.023844,0.000000
5916,1,0.023836,0.000000
5917,1,0.023828,0.000000
5918,1,0.023820,0.000000
5919,1,0.023811,0.000000
5920,1,0.023803,0.000000
5921,1,0.023795,0.000000
5922,1,0.023787,0.000000
5923,1,0.023778,0.000000
5924,1,0.023770,0.000000
5925,1,0.023762,0.000000
5926,1,0.023754,0.000000
5927,1,0.023745,0.000000
5928,1,0.023737,0.000000
5929,1,0.023729,0.000000
5930,1,0.023721,0.000000
5931,1,0.023713,0.000000
5932,1,0.023705,0.000000
5933,1,0.023696,0.000000
5934,1,0.023688,0.000000
5935,1,0.023680,0.000000
5936,1,0.023672,0.000000
5937,1,0.023664,0.000000
5938,1,0.023655,0.000000
5939,1,0.023647,0.000000
5940,1,0.023639,0.000000
5941,1,0.023631,0.000000
5942,1,0.023623,0.000000
5943,1,0.023615,0.000000
5944,1,0.023607,0.000000
5945,1,0.023598,0.000000
5946,1,0.023590,0.000000
5947,1,0.023582,0.000000
5948,1,0.023574,0.000000
5949,1,0.023566,0.000000
5950,1,0.023558,0.000000
5951,1,0.023550,0.000000
5952,1,0.023542,0.000000
5953,1,0.023534,0.000000
5954,1,0.023525,0.000000
5955,1,0.023517,0.000000
5956,1,0.023509,0.000000
5957,1,0.023501,0.000000
5958,1,0.023493,0.000000
5959,1,0.023485,0.000000
5960,1,0.023477,0.000000
5961,1,0.023469,0.000000
5962,1,0.023461,0.000000
5963,1,0.023453,0.000000
5964,1,0.023445,0.000000
5965,1,0.023437,0.000000
5966,1,0.023429,0.000000
5967,1,0.023421,0.000000
5968,1,0.023413,0.000000
5969,1,0.023405,0.000000
5970,1,0.023396,0.000000
5971,1,0.023388,0.000000
5972,1,0.023380,0.000000
5973,1,0.023372,0.000000
5974,1,0.023364,0.000000
5975,1,0.023356,0.000000
5976,1,0.023348,0.000000
5977,1,0.023340,0.000000
5978,1,0.023332,0.000000
5979,1,0.023324,0.000000
5980,1,0.023316,0.000000
5981,1,0.023308,0.000000
5982,1,0.023300,0.000000
5983,1,0.023293,0.000000
5984,1,0.023285,0.000000
5985,1,0.023277,0.000000
5986,1,0.023269,0.000000
5987,1,0.023261,0.000000
5988,1,0.023253,0.000000
5989,1,0.023245,0.000000
5990,1,0.023237,0.000000
5991,1,0.023229,0.000000
5992,1,0.023221,0.000000
5993,1,0.023213,0.000000
5994,1,0.023205,0.000000
5995,1,0.023197,0.000000
5996,1,0.023189,0.000000
5997,1,0.023181,0.000000
5998,1,0.023173,0.000000
5999,1,0.023166,0.000000
6000,1,0.023158,0.000000
6001,1,0.023150,0.000000
6002,1,0.023142,0.000000
6003,1,0.023134,0.000000
6004,1,0.023126,0.000000
6005,1,0.023118,0.000000
6006,1,0.023110,0.000000
6007,1,0.023102,0.000000
6008,1,0.023095,0.000000
6009,1,0.023087,0.000000
6010,1,0.023079,0.000000
6011,1,0.023071,0.000000
6012,1,0.023063,0.000000
6013,1,0.023055,0.000000
6014,1,0.023047,0.000000
6015,1,0.023040,0.000000
6016,1,0.023032,0.000000
6017,1,0.023024,0.000000
6018,1,0.023016,0.000000
6019,1,0.023008,0.000000
6020,1,0.023000,0.000000
6021,1,0.022993,0.000000
6022,1,0.022985,0.000000
6023,1,0.022977,0.000000
6024,1,0.022969,0.000000
6025,1,0.022961,0.000000
6026,1,0.022954,0.000000
6027,1,0.022946,0.000000
6028,1,0.022938,0.000000
6029,1,0.022930,0.000000
6030,1,0.022922,0.000000
6031,1,0.022915,0.000000
6032,1,0.022907,0.000000
6033,1,0.022899,0.000000
6034,1,0.022891,0.000000
6035,1,0.022884,0.000000
6036,1,0.022876,0.000000
6037,1,0.022868,0.000000
6038,1,0.022860,0.000000
6039,1,0.022853,0.000000
6040,1,0.022845,0.000000
6041,1,0.022837,0.000000
6042,1,0.022829,0.000000
6043,1,0.022822,0.000000
6044,1,0.022814,0.000000
6045,1,0.022806,0.000000
6046,1,0.022798,0.000000
6047,1,0.022791,0.000000
6048,1,0.022783,0.000000
6049,1,0.022775,0.000000
6050,1,0.022768,0.000000
6051,1,0.022760,0.000000
6052,1,0.022752,0.000000
6053,1,0.022745,0.000000
6054,1,0.022737,0.000000
6055,1,0.022729,0.000000
6056,1,0.022722,0.000000
6057,1,0.022714,0.000000
6058,1,0.022706,0.000000
6059,1,0.022699,0.000000
6060,1,0.022691,0.000000
6061,1,0.022683,0.000000
6062,1,0.022676,0.000000
6063,1,0.022668,0.000000
6064,1,0.022660,0.000000
6065,1,0.022653,0.000000
6066,1,0.022645,0.000000
6067,1,0.022637,0.000000
6068,1,0.022630,0.000000
6069,1,0.022622,0.000000
6070,1,0.022614,0.000000
6071,1,0.022607,0.000000
6072,1,0.022599,0.000000
6073,1,0.022592,0.000000
6074,1,0.022584,0.000000
6075,1,0.022576,0.000000
6076,1,0.022569,0.000000
6077,1,0.022561,0.000000
6078,1,0.022554,0.000000
6079,1,0.022546,0.000000
6080,1,0.022538,0.000000
6081,1,0.022531,0.000000
6082,1,0.022523,0.000000
6083,1,0.022516,0.000000
6084,1,0.022508,0.000000
6085,1,0.022501,0.000000
6086,1,0.022493,0.000000
6087,1,0.022485,0.000000
6088,1,0.022478,0.000000
6089,1,0.022470,0.000000
6090,1,0.022463,0.000000
6091,1,0.022455,0.000000
6092,1,0.022448,0.000000
6093,1,0.022440,0.000000
6094,1,0.022433,0.000000
6095,1,0.022425,0.000000
6096,1,0.022418,0.000000
6097,1,0.022410,0.000000
6098,1,0.022403,0.000000
6099,1,0.022395,0.000000
6100,1,0.022388,0.000000
6101,1,0.022380,0.000000
6102,1,0.022373,0.000000
6103,1,0.022365,0.000000
6104,1,0.022358,0.000000
6105,1,0.022350,0.000000
6106,1,0.022343,0.000000
6107,1,0.022335,0.000000
6108,1,0.022328,0.000000
6109,1,0.022320,0.000000
6110,1,0.022313,0.000000
6111,1,0.022305,0.000000
6112,1,0.022298,0.000000
6113,1,0.022290,0.000000
6114,1,0.022283,0.000000
6115,1,0.022275,0.000000
6116,1,0.022268,0.000000
6117,1,0.022260,0.000000
6118,1,0.022253,0.000000
6119,1,0.022246,0.000000
6120,1,0.022238,0.000000
6121,1,0.022231,0.000000
6122,1,0.022223,0.000000
6123,1,0.022216,0.000000
6124,1,0.022208,0.000000
6125,1,0.022201,0.000000
6126,1,0.022194,0.000000
6127,1,0.022186,0.000000
6128,1,0.022179,0.000000
6129,1,0.022171,0.000000
6130,1,0.022164,0.000000
6131,1,0.022157,0.000000
6132,1,0.022149,0.000000
6133,1,0.022142,0.000000
6134,1,0.022134,0.000000
6135,1,0.022127,0.000000
6136,1,0.022120,0.000000
6137,1,0.022112,0.000000
6138,1,0.022105,0.000000
6139,1,0.022098,0.000000
6140,1,0.022090,0.000000
6141,1,0.022083,0.000000
6142,1,0.022075,0.000000
6143,1,0.022068,0.000000
6144,1,0.022061,0.000000
6145,1,0.022053,0.000000
6146,1,0.022046,0.000000
6147,1,0.022039,0.000000
6148,1,0.022031,0.000000
6149,1,0.022024,0.000000
6150,1,0.022017,0.000000
6151,1,0.022009,0.000000
6152,1,0.022002,0.000000
6153,1,0.021995,0.000000
6154,1,0.021988,0.000000
6155,1,0.021980,0.000000
6156,1,0.021973,0.000000
6157,1,0.021966,0.000000
6158,1,0.021958,0.000000
6159,1,0.021951,0.000000
6160,1,0.021944,0.000000
6161,1,0.021936,0.000000
6162,1,0.021929,0.000000
6163,1,0.021922,0.000000
6164,1,0.021915,0.000000
6165,1,0.021907,0.000000
6166,1,0.021900,0.000000
6167,1,0.021893,0.000000
6168,1,0.021886,0.000000
6169,1,0.021878,0.000000
6170,1,0.021871,0.000000
6171,1,0.021864,0.000000
6172,1,0.021857,0.000000
6173,1,0.021849,0.000000
6174,1,0.021842,0.000000
6175,1,0.021835,0.000000
6176,1,0.021828,0.000000
6177,1,0.021820,0.000000
6178,1,0.021813,0.000000
6179,1,0.021806,0.000000
6180,1,0.021799,0.000000
6181,1,0.021791,0.000000
6182,1,0.021784,0.000000
6183,1,0.021777,0.000000
6184,1,0.021770,0.000000
6185,1,0.021763,0.000000
6186,1,0.021755,0.000000
6187,1,0.021748,0.000000
6188,1,0.021741,0.000000
6189,1,0.021734,0.000000
6190,1,0.021727,0.000000
6191,1,0.021720,0.000000
6192,1,0.021712,0.000000
6193,1,0.021705,0.000000
6194,1,0.021698,0.000000
6195,1,0.021691,0.000000
6196,1,0.021684,0.000000
6197,1,0.021677,0.000000
6198,1,0.021669,0.000000
6199,1,0.021662,0.000000
6200,1,0.021655,0.000000
6201,1,0.021648,0.000000
6202,1,0.021641,0.000000
6203,1,0.021634,0.000000
6204,1,0.021627,0.000000
6205,1,0.021619,0.000000
6206,1,0.021612,0.000000
6207,1,0.021605,0.000000
6208,1,0.021598,0.000000
6209,1,0.021591,0.000000
6210,1,0.021584,0.000000
6211,1,0.021577,0.000000
6212,1,0.021570,0.000000
6213,1,0.021563,0.000000
6214,1,0.021555,0.000000
6215,1,0.021548,0.000000
6216,0,0.021541,0.000000
6217,1,0.021663,0.000000
6218,1,0.021773,0.000000
6219,1,0.021871,0.000000
6220,1,0.021960,0.000000
6221,1,0.022039,0.000000
6222,1,0.022110,0.000000
6223,1,0.022174,0.000000
6224,1,0.022231,0.000000
6225,1,0.022282,0.000000
6226,1,0.022328,0.000000
6227,1,0.022369,0.000000
6228,1,0.022405,0.000000
6229,1,0.022438,0.000000
6230,1,0.022467,0.000000
6231,1,0.022493,0.000000
6232,1,0.022516,0.000000
6233,1,0.022536,0.000000
6234,1,0.022554,0.000000
6235,1,0.022569,0.000000
6236,1,0.022582,0.000030
6237,1,0.022594,0.000123
6238,1,0.022604,0.000265
6239,1,0.022612,0.000446
6240,1,0.022618,0.000658
6241,1,0.022624,0.000893
6242,1,0.022628,0.001144
6243,1,0.022631,0.001406
6244,1,0.022633,0.001674
6245,1,0.022634,0.001942
6246,1,0.022634,0.002207
6247,1,0.022633,0.002465
6248,1,0.022632,0.002712
6249,1,0.022629,0.002946
6250,1,0.022627,0.003164
6251,1,0.022623,0.003365
6252,1,0.022620,0.003543
6253,1,0.022615,0.003686
6254,1,0.022611,0.003785
6255,1,0.022606,0.003839
6256,1,0.022601,0.003849
6257,1,0.022595,0.003818
6258,1,0.022589,0.003751
6259,1,0.022583,0.003654
6260,1,0.022577,0.003533
6261,1,0.022571,0.003393
6262,1,0.022564,0.003240
6263,1,0.022557,0.003078
6264,1,0.022550,0.002912
6265,1,0.022543,0.002746
6266,1,0.022536,0.002582
6267,1,0.022529,0.002423
6268,1,0.022522,0.002271
6269,1,0.022515,0.002128
6270,1,0.022507,0.001994
6271,1,0.022500,0.001871
6272,1,0.022492,0.001758
6273,1,0.022485,0.001656
6274,1,0.022477,0.001565
6275,1,0.022469,0.001483
6276,1,0.022462,0.001412
6277,1,0.022454,0.001348
6278,1,0.022446,0.001294
6279,1,0.022438,0.001246
6280,1,0.022430,0.001205
6281,1,0.022423,0.001169
6282,1,0.022415,0.001139
6283,1,0.022407,0.001112
6284,1,0.022399,0.001089
6285,1,0.022391,0.001068
6286,1,0.022383,0.001049
6287,1,0.022375,0.001032
6288,1,0.022367,0.001014
6289,1,0.022359,0.000993
6290,1,0.022351,0.000968
6291,1,0.022343,0.000940
6292,1,0.022335,0.000907
6293,1,0.022327,0.000872
6294,1,0.022319,0.000834
6295,1,0.022311,0.000793
6296,1,0.022303,0.000752
6297,1,0.022295,0.000710
6298,1,0.022287,0.000667
6299,1,0.022279,0.000626
6300,1,0.022271,0.000585
6301,1,0.022263,0.000547
6302,1,0.022255,0.000509
6303,1,0.022247,0.000474
6304,1,0.022239,0.000441
6305,1,0.022231,0.000411
6306,1,0.022223,0.000383
6307,1,0.022215,0.000357
6308,1,0.022207,0.000334
6309,1,0.022199,0.000313
6310,1,0.022192,0.000294
6311,1,0.022184,0.000277
6312,1,0.022176,0.000262
6313,1,0.022168,0.000249
6314,1,0.022160,0.000237
6315,1,0.022152,0.000227
6316,1,0.022144,0.000218
6317,1,0.022136,0.000210
6318,1,0.022128,0.000203
6319,1,0.022120,0.000196
6320,1,0.022112,0.000191
6321,1,0.022104,0.000186
6322,1,0.022096,0.000181
6323,1,0.022088,0.000177
6324,1,0.022080,0.000172
6325,1,0.022072,0.000167
6326,1,0.022065,0.000161
6327,1,0.022057,0.000155
6328,1,0.022049,0.000148
6329,1,0.022041,0.000141
6330,1,0.022033,0.000134
6331,1,0.022025,0.000127
6332,1,0.022017,0.000119
6333,1,0.022009,0.000112
6334,1,0.022001,0.000105
6335,1,0.021994,0.000098
6336,1,0.021986,0.000091
6337,1,0.021978,0.000085
6338,1,0.021970,0.000079
6339,1,0.021962,0.000073
6340,1,0.021954,0.000068
6341,1,0.021946,0.000064
6342,1,0.021939,0.000059
6343,1,0.021931,0.000055
6344,1,0.021923,0.000052
6345,1,0.021915,0.000049
6346,1,0.021907,0.000046
6347,1,0.021900,0.000043
6348,1,0.021892,0.000041
6349,1,0.021884,0.000039
6350,1,0.021876,0.000037
6351,1,0.021868,0.000036
6352,1,0.021861,0.000034
6353,1,0.021853,0.000033
6354,1,0.021845,0.000032
6355,1,0.021837,0.000031
6356,1,0.021829,0.000030
6357,1,0.021822,0.000030
6358,1,0.021814,0.000029
6359,1,0.021806,0.000028
6360,1,0.021798,0.000027
6361,1,0.021791,0.000026
6362,1,0.021783,0.000025
6363,1,0.021775,0.000024
6364,1,0.021767,0.000023
6365,1,0.021760,0.000021
6366,1,0.021752,0.000020
6367,1,0.021744,0.000019
6368,1,0.021736,0.000018
6369,1,0.021729,0.000017
6370,0,0.021721,0.000013
6371,1,0.021852,0.000011
6372,1,0.021970,0.000009
6373,1,0.022076,0.000007
6374,1,0.022171,0.000005
6375,1,0.022256,0.000004
6376,1,0.022333,0.000004
6377,1,0.022401,0.000003
6378,1,0.022462,0.000002
6379,1,0.022517,0.000002
6380,1,0.022566,0.000001
6381,1,0.022610,0.000001
6382,1,0.022649,0.000001
6383,1,0.022683,0.000001
6384,1,0.022714,0.000001
6385,1,0.022741,0.000000
6386,1,0.022765,0.000000
6387,1,0.022786,0.000000
6388,1,0.022805,0.000000
6389,1,0.022821,0.000000
6390,1,0.022835,0.000050
6391,1,0.022847,0.000144
6392,1,0.022857,0.000275
6393,1,0.022865,0.000434
6394,1,0.022872,0.000615
6395,1,0.022878,0.000814
6396,1,0.022882,0.001025
6397,1,0.022885,0.001244
6398,1,0.022886,0.001467
6399,1,0.022887,0.001691
6400,1,0.022887,0.001914
6401,1,0.022886,0.002132
6402,1,0.022884,0.002342
6403,1,0.022882,0.002543
6404,1,0.022879,0.002733
6405,1,0.022875,0.002909
6406,1,0.022871,0.003072
6407,1,0.022866,0.003218
6408,1,0.022861,0.003347
6409,1,0.022856,0.003458
6410,1,0.022850,0.003538
6411,1,0.022844,0.003584
6412,1,0.022838,0.003594
6413,1,0.022831,0.003570
6414,1,0.022824,0.003515
6415,1,0.022817,0.003433
6416,1,0.022810,0.003328
6417,1,0.022802,0.003204
6418,1,0.022795,0.003068
6419,1,0.022787,0.002921
6420,1,0.022779,0.002769
6421,1,0.022772,0.002615
6422,1,0.022764,0.002461
6423,1,0.022756,0.002310
6424,1,0.022747,0.002163
6425,1,0.022739,0.002023
6426,1,0.022731,0.001891
6427,1,0.022723,0.001767
6428,1,0.022714,0.001652
6429,1,0.022706,0.001546
6430,1,0.022697,0.001449
6431,1,0.022689,0.001361
6432,1,0.022680,0.001283
6433,1,0.022672,0.001212
6434,1,0.022663,0.001149
6435,1,0.022655,0.001094
6436,1,0.022646,0.001045
6437,1,0.022638,0.001002
6438,1,0.022629,0.000964
6439,1,0.022620,0.000931
6440,1,0.022612,0.000903
6441,1,0.022603,0.000877
6442,1,0.022594,0.000855
6443,1,0.022586,0.000835
6444,1,0.022577,0.000817
6445,1,0.022568,0.000800
6446,1,0.022560,0.000785
6447,1,0.022551,0.000770
6448,1,0.022542,0.000754
6449,1,0.022533,0.000736
6450,1,0.022525,0.000715
6451,1,0.022516,0.000692
6452,1,0.022507,0.000667
6453,1,0.022499,0.000639
6454,1,0.022490,0.000610
6455,1,0.022481,0.000580
6456,1,0.022472,0.000549
6457,1,0.022464,0.000517
6458,1,0.022455,0.000486
6459,1,0.022446,0.000456
6460,1,0.022438,0.000426
6461,1,0.022429,0.000397
6462,1,0.022420,0.000370
6463,1,0.022412,0.000344
6464,1,0.022403,0.000320
6465,1,0.022394,0.000297
6466,1,0.022386,0.000276
6467,1,0.022377,0.000257
6468,1,0.022368,0.000240
6469,1,0.022360,0.000224
6470,1,0.022351,0.000210
6471,1,0.022342,0.000197
6472,1,0.022334,0.000185
6473,1,0.022325,0.000175
6474,1,0.022316,0.000166
6475,1,0.022308,0.000158
6476,1,0.022299,0.000151
6477,1,0.022291,0.000144
6478,1,0.022282,0.000139
6479,1,0.022273,0.000134
6480,1,0.022265,0.000129
6481,1,0.022256,0.000125
6482,1,0.022248,0.000122
6483,1,0.022239,0.000119
6484,1,0.022231,0.000116
6485,1,0.022222,0.000113
6486,1,0.022213,0.000110
6487,1,0.022205,0.000107
6488,1,0.022196,0.000103
6489,1,0.022188,0.000099
6490,1,0.022179,0.000095
6491,1,0.022171,0.000091
6492,1,0.022162,0.000087
6493,1,0.022154,0.000082
6494,1,0.022145,0.000077
6495,1,0.022137,0.000073
6496,1,0.022128,0.000068
6497,1,0.022120,0.000064
6498,1,0.022111,0.000060
6499,1,0.022103,0.000056
6500,1,0.022094,0.000052
6501,1,0.022086,0.000048
6502,1,0.022077,0.000045
6503,1,0.022069,0.000041
6504,1,0.022060,0.000039
6505,1,0.022052,0.000036
6506,1,0.022043,0.000033
6507,1,0.022035,0.000031
6508,1,0.022026,0.000029
6509,1,0.022018,0.000027
6510,1,0.022010,0.000026
6511,1,0.022001,0.000024
6512,1,0.021993,0.000023
6513,1,0.021984,0.000022
6514,1,0.021976,0.000021
6515,1,0.021967,0.000020
6516,1,0.021959,0.000019
6517,1,0.021951,0.000019
6518,1,0.021942,0.000018
6519,1,0.021934,0.000018
6520,1,0.021926,0.000017
6521,1,0.021917,0.000017
6522,1,0.021909,0.000016
6523,1,0.021900,0.000016
6524,1,0.021892,0.000015
6525,1,0.021884,0.000015
6526,1,0.021875,0.000014
6527,1,0.021867,0.000014
6528,1,0.021859,0.000013
6529,1,0.021850,0.000012
6530,1,0.021842,0.000012
6531,1,0.021834,0.000011
6532,1,0.021825,0.000010
6533,1,0.021817,0.000010
6534,1,0.021809,0.000009
6535,1,0.021801,0.000009
6536,1,0.021792,0.000008
6537,1,0.021784,0.000007
6538,1,0.021776,0.000007
6539,1,0.021767,0.000006
6540,1,0.021759,0.000006
6541,1,0.021751,0.000006
6542,1,0.021743,0.000005
6543,1,0.021734,0.000005
6544,1,0.021726,0.000004
6545,1,0.021718,0.000004
6546,1,0.021710,0.000004
6547,1,0.021701,0.000004
6548,1,0.021693,0.000004
6549,1,0.021685,0.000003
6550,1,0.021677,0.000003
6551,1,0.021669,0.000003
6552,1,0.021660,0.000003
6553,1,0.021652,0.000003
6554,1,0.021644,0.000003
6555,1,0.021636,0.000003
6556,1,0.021628,0.000003
6557,1,0.021619,0.000002
6558,1,0.021611,0.000002
6559,1,0.021603,0.000002
6560,1,0.021595,0.000002
6561,1,0.021587,0.000002
6562,1,0.021579,0.000002
6563,1,0.021570,0.000002
6564,1,0.021562,0.000002
6565,1,0.021554,0.000002
6566,1,0.021546,0.000002
6567,1,0.021538,0.000002
6568,1,0.021530,0.000002
6569,1,0.021522,0.000001
6570,1,0.021513,0.000001
6571,1,0.021505,0.000001
6572,1,0.021497,0.000001
6573,1,0.021489,0.000001
6574,1,0.021481,0.000001
6575,1,0.021473,0.000001
6576,1,0.021465,0.000001
6577,1,0.021457,0.000001
6578,1,0.021449,0.000001
6579,1,0.021441,0.000001
6580,1,0.021433,0.000001
6581,1,0.021425,0.000001
6582,1,0.021416,0.000001
6583,1,0.021408,0.000001
6584,1,0.021400,0.000001
6585,1,0.021392,0.000001
6586,1,0.021384,0.000000
6587,1,0.021376,0.000000
6588,1,0.021368,0.000000
6589,1,0.021360,0.000000
6590,1,0.021352,0.000000
6591,1,0.021344,0.000000
6592,1,0.021336,0.000000
6593,1,0.021328,0.000000
6594,1,0.021320,0.000000
6595,1,0.021312,0.000000
6596,1,0.021304,0.000000
6597,1,0.021296,0.000000
6598,1,0.021288,0.000000
6599,1,0.021280,0.000000
6600,1,0.021272,0.000000
6601,1,0.021264,0.000000
6602,1,0.021256,0.000000
6603,1,0.021249,0.000000
6604,1,0.021241,0.000000
6605,1,0.021233,0.000000
6606,1,0.021225,0.000000
6607,1,0.021217,0.000000
6608,1,0.021209,0.000000
6609,1,0.021201,0.000000
6610,1,0.021193,0.000000
6611,1,0.021185,0.000000
6612,1,0.021177,0.000000
6613,1,0.021169,0.000000
6614,1,0.021161,0.000000
6615,1,0.021154,0.000000
6616,1,0.021146,0.000000
6617,1,0.021138,0.000000
6618,1,0.021130,0.000000
6619,1,0.021122,0.000000
6620,1,0.021114,0.000000
6621,1,0.021106,0.000000
6622,1,0.021098,0.000000
6623,1,0.021091,0.000000
6624,1,0.021083,0.000000
6625,1,0.021075,0.000000
6626,1,0.021067,0.000000
6627,1,0.021059,0.000000
6628,1,0.021051,0.000000
6629,1,0.021044,0.000000
6630,1,0.021036,0.000000
6631,1,0.021028,0.000000
6632,1,0.021020,0.000000
6633,1,0.021012,0.000000
6634,1,0.021005,0.000000
6635,1,0.020997,0.000000
6636,1,0.020989,0.000000
6637,1,0.020981,0.000000
6638,1,0.020973,0.000000
6639,1,0.020966,0.000000
6640,1,0.020958,0.000000
6641,1,0.020950,0.000000
6642,1,0.020942,0.000000
6643,1,0.020935,0.000000
6644,1,0.020927,0.000000
6645,1,0.020919,0.000000
6646,1,0.020911,0.000000
6647,1,0.020904,0.000000
6648,1,0.020896,0.000000
6649,1,0.020888,0.000000
6650,1,0.020880,0.000000
6651,1,0.020873,0.000000
6652,1,0.020865,0.000000
6653,1,0.020857,0.000000
6654,1,0.020850,0.000000
6655,1,0.020842,0.000000
6656,1,0.020834,0.000000
6657,1,0.020826,0.000000
6658,1,0.020819,0.000000
6659,1,0.020811,0.000000
6660,1,0.020803,0.000000
6661,1,0.020796,0.000000
6662,1,0.020788,0.000000
6663,1,0.020780,0.000000
6664,1,0.020773,0.000000
6665,1,0.020765,0.000000
6666,1,0.020757,0.000000
6667,1,0.020750,0.000000
6668,1,0.020742,0.000000
6669,1,0.020735,0.000000
6670,1,0.020727,0.000000
6671,1,0.020719,0.000000
6672,1,0.020712,0.000000
6673,1,0.020704,0.000000
6674,1,0.020696,0.000000
6675,1,0.020689,0.000000
6676,1,0.020681,0.000000
6677,1,0.020674,0.000000
6678,1,0.020666,0.000000
6679,1,0.020658,0.000000
6680,1,0.020651,0.000000
6681,1,0.020643,0.000000
6682,1,0.020636,0.000000
6683,1,0.020628,0.000000
6684,1,0.020621,0.000000
6685,1,0.020613,0.000000
6686,1,0.020605,0.000000
6687,1,0.020598,0.000000
6688,1,0.020590,0.000000
6689,1,0.020583,0.000000
6690,1,0.020575,0.000000
6691,1,0.020568,0.000000
6692,1,0.020560,0.000000
6693,1,0.020553,0.000000
6694,1,0.020545,0.000000
6695,1,0.020538,0.000000
6696,1,0.020530,0.000000
6697,1,0.020523,0.000000
6698,1,0.020515,0.000000
6699,1,0.020508,0.000000
6700,1,0.020500,0.000000
6701,1,0.020493,0.000000
6702,1,0.020485,0.000000
6703,1,0.020478,0.000000
6704,1,0.020470,0.000000
6705,1,0.020463,0.000000
6706,1,0.020455,0.000000
6707,1,0.020448,0.000000
6708,1,0.020440,0.000000
6709,1,0.020433,0.000000
6710,1,0.020425,0.000000
6711,1,0.020418,0.000000
6712,1,0.020410,0.000000
6713,1,0.020403,0.000000
6714,1,0.020396,0.000000
6715,1,0.020388,0.000000
6716,1,0.020381,0.000000
6717,1,0.020373,0.000000
6718,1,0.020366,0.000000
6719,1,0.020359,0.000000
6720,1,0.020351,0.000000
6721,1,0.020344,0.000000
6722,1,0.020336,0.000000
6723,1,0.020329,0.000000
6724,1,0.020322,0.000000
6725,1,0.020314,0.000000
6726,1,0.020307,0.000000
6727,1,0.020299,0.000000
6728,1,0.020292,0.000000
6729,1,0.020285,0.000000
6730,1,0.020277,0.000000
6731,1,0.020270,0.000000
6732,1,0.020263,0.000000
6733,1,0.020255,0.000000
6734,1,0.020248,0.000000
6735,1,0.020241,0.000000
6736,1,0.020233,0.000000
6737,1,0.020226,0.000000
6738,1,0.020219,0.000000
6739,1,0.020211,0.000000
6740,1,0.020204,0.000000
6741,1,0.020197,0.000000
6742,1,0.020189,0.000000
6743,1,0.020182,0.000000
6744,1,0.020175,0.000000
6745,1,0.020167,0.000000
6746,1,0.020160,0.000000
6747,1,0.020153,0.000000
6748,1,0.020145,0.000000
6749,1,0.020138,0.000000
6750,1,0.020131,0.000000
6751,1,0.020124,0.000000
6752,1,0.020116,0.000000
6753,1,0.020109,0.000000
6754,1,0.020102,0.000000
6755,1,0.020095,0.000000
6756,1,0.020087,0.000000
6757,1,0.020080,0.000000
6758,1,0.020073,0.000000
6759,1,0.020066,0.000000
6760,1,0.020058,0.000000
6761,1,0.020051,0.000000
6762,1,0.020044,0.000000
6763,1,0.020037,0.000000
6764,1,0.020029,0.000000
6765,1,0.020022,0.000000
6766,1,0.020015,0.000000
6767,1,0.020008,0.000000
6768,1,0.020001,0.000000
6769,1,0.019993,0.000000
6770,1,0.019986,0.000000
6771,1,0.019979,0.000000
6772,1,0.019972,0.000000
6773,1,0.019965,0.000000
6774,1,0.019957,0.000000
6775,1,0.019950,0.000000
6776,1,0.019943,0.000000
6777,1,0.019936,0.000000
6778,1,0.019929,0.000000
6779,1,0.019922,0.000000
6780,1,0.019915,0.000000
6781,1,0.019907,0.000000
6782,1,0.019900,0.000000
6783,1,0.019893,0.000000
6784,1,0.019886,0.000000
6785,1,0.019879,0.000000
6786,1,0.019872,0.000000
6787,1,0.019865,0.000000
6788,1,0.019857,0.000000
6789,1,0.019850,0.000000
6790,1,0.019843,0.000000
6791,1,0.019836,0.000000
6792,1,0.019829,0.000000
6793,1,0.019822,0.000000
6794,1,0.019815,0.000000
6795,1,0.019808,0.000000
6796,1,0.019801,0.000000
6797,1,0.019794,0.000000
6798,1,0.019786,0.000000
6799,1,0.019779,0.000000
6800,1,0.019772,0.000000
6801,1,0.019765,0.000000
6802,1,0.019758,0.000000
6803,1,0.019751,0.000000
6804,1,0.019744,0.000000
6805,1,0.019737,0.000000
6806,1,0.019730,0.000000
6807,1,0.019723,0.000000
6808,1,0.019716,0.000000
6809,1,0.019709,0.000000
6810,1,0.019702,0.000000
6811,1,0.019695,0.000000
6812,1,0.019688,0.000000
6813,1,0.019681,0.000000
6814,1,0.019674,0.000000
6815,1,0.019667,0.000000
6816,1,0.019660,0.000000
6817,1,0.019653,0.000000
6818,1,0.019646,0.000000
6819,1,0.019639,0.000000
6820,1,0.019632,0.000000
6821,1,0.019625,0.000000
6822,1,0.019618,0.000000
6823,1,0.019611,0.000000
6824,1,0.019604,0.000000
6825,1,0.019597,0.000000
6826,1,0.019590,0.000000
6827,1,0.019583,0.000000
6828,1,0.019576,0.000000
6829,1,0.019569,0.000000
6830,1,0.019562,0.000000
6831,1,0.019555,0.000000
6832,1,0.019548,0.000000
6833,1,0.019541,0.000000
6834,1,0.019534,0.000000
6835,1,0.019527,0.000000
6836,1,0.019520,0.000000
6837,1,0.019513,0.000000
6838,1,0.019507,0.000000
6839,1,0.019500,0.000000
6840,1,0.019493,0.000000
6841,1,0.019486,0.000000
6842,1,0.019479,0.000000
6843,1,0.019472,0.000000
6844,1,0.019465,0.000000
6845,1,0.019458,0.000000
6846,1,0.019451,0.000000
6847,1,0.019444,0.000000
6848,1,0.019438,0.000000
6849,1,0.019431,0.000000
6850,1,0.019424,0.000000
6851,1,0.019417,0.000000
6852,1,0.019410,0.000000
6853,1,0.019403,0.000000
6854,1,0.019396,0.000000
6855,1,0.019390,0.000000
6856,1,0.019383,0.000000
6857,1,0.019376,0.000000
6858,1,0.019369,0.000000
6859,1,0.019362,0.000000
6860,1,0.019355,0.000000
6861,1,0.019348,0.000000
6862,1,0.019342,0.000000
6863,1,0.019335,0.000000
6864,1,0.019328,0.000000
6865,1,0.019321,0.000000
6866,1,0.019314,0.000000
6867,1,0.019308,0.000000
6868,1,0.019301,0.000000
6869,1,0.019294,0.000000
6870,1,0.019287,0.000000
6871,1,0.019280,0.000000
6872,1,0.019274,0.000000
6873,1,0.019267,0.000000
6874,1,0.019260,0.000000
6875,1,0.019253,0.000000
6876,1,0.019246,0.000000
6877,1,0.019240,0.000000
6878,1,0.019233,0.000000
6879,1,0.019226,0.000000
6880,1,0.019219,0.000000
6881,1,0.019213,0.000000
6882,1,0.019206,0.000000
6883,1,0.019199,0.000000
6884,1,0.019192,0.000000
6885,1,0.019186,0.000000
6886,1,0.019179,0.000000
6887,1,0.019172,0.000000
6888,1,0.019165,0.000000
6889,1,0.019159,0.000000
6890,1,0.019152,0.000000
6891,1,0.019145,0.000000
6892,1,0.019139,0.000000
6893,1,0.019132,0.000000
6894,1,0.019125,0.000000
6895,1,0.019118,0.000000
6896,1,0.019112,0.000000
6897,1,0.019105,0.000000
6898,1,0.019098,0.000000
6899,1,0.019092,0.000000
6900,1,0.019085,0.000000
6901,1,0.019078,0.000000
6902,1,0.019072,0.000000
6903,1,0.019065,0.000000
6904,1,0.019058,0.000000
6905,1,0.019052,0.000000
6906,1,0.019045,0.000000
6907,1,0.019038,0.000000
6908,1,0.019032,0.000000
6909,1,0.019025,0.000000
6910,1,0.019018,0.000000
6911,1,0.019012,0.000000
6912,1,0.019005,0.000000
6913,1,0.018998,0.000000
6914,1,0.018992,0.000000
6915,1,0.018985,0.000000
6916,1,0.018978,0.000000
6917,1,0.018972,0.000000
6918,1,0.018965,0.000000
6919,1,0.018959,0.000000
6920,1,0.018952,0.000000
6921,1,0.018945,0.000000
6922,1,0.018939,0.000000
6923,1,0.018932,0.000000
6924,1,0.018926,0.000000
6925,1,0.018919,0.000000
6926,1,0.018912,0.000000
6927,1,0.018906,0.000000
6928,1,0.018899,0.000000
6929,1,0.018893,0.000000
6930,1,0.018886,0.000000
6931,1,0.018879,0.000000
6932,1,0.018873,0.000000
6933,1,0.018866,0.000000
6934,1,0.018860,0.000000
6935,1,0.018853,0.000000
6936,1,0.018847,0.000000
6937,1,0.018840,0.000000
6938,1,0.018834,0.000000
6939,1,0.018827,0.000000
6940,1,0.018820,0.000000
6941,1,0.018814,0.000000
6942,1,0.018807,0.000000
6943,1,0.018801,0.000000
6944,1,0.018794,0.000000
6945,1,0.018788,0.000000
6946,1,0.018781,0.000000
6947,1,0.018775,0.000000
6948,1,0.018768,0.000000
6949,1,0.018762,0.000000
6950,1,0.018755,0.000000
6951,1,0.018749,0.000000
6952,1,0.018742,0.000000
6953,1,0.018736,0.000000
6954,1,0.018729,0.000000
6955,1,0.018723,0.000000
6956,1,0.018716,0.000000
6957,1,0.018710,0.000000
6958,1,0.018703,0.000000
6959,1,0.018697,0.000000
6960,1,0.018690,0.000000
6961,1,0.018684,0.000000
6962,1,0.018677,0.000000
6963,1,0.018671,0.000000
6964,1,0.018665,0.000000
6965,1,0.018658,0.000000
6966,1,0.018652,0.000000
6967,1,0.018645,0.000000
6968,1,0.018639,0.000000
6969,1,0.018632,0.000000
6970,1,0.018626,0.000000
6971,1,0.018619,0.000000
6972,1,0.018613,0.000000
6973,1,0.018607,0.000000
6974,1,0.018600,0.000000
6975,1,0.018594,0.000000
6976,1,0.018587,0.000000
6977,1,0.018581,0.000000
6978,1,0.018574,0.000000
6979,1,0.018568,0.000000
6980,1,0.018562,0.000000
6981,1,0.018555,0.000000
6982,1,0.018549,0.000000
6983,1,0.018542,0.000000
6984,1,0.018536,0.000000
6985,1,0.018530,0.000000
6986,1,0.018523,0.000000
6987,1,0.018517,0.000000
6988,1,0.018511,0.000000
6989,1,0.018504,0.000000
6990,1,0.018498,0.000000
6991,1,0.018491,0.000000
6992,1,0.018485,0.000000
6993,1,0.018479,0.000000
6994,1,0.018472,0.000000
6995,1,0.018466,0.000000
6996,1,0.018460,0.000000
6997,1,0.018453,0.000000
6998,1,0.018447,0.000000
6999,1,0.018441,0.000000
7000,1,0.018434,0.000000
7001,1,0.018428,0.000000
7002,1,0.018422,0.000000
7003,1,0.018415,0.000000
7004,1,0.018409,0.000000
7005,1,0.018403,0.000000
7006,1,0.018396,0.000000
7007,1,0.018390,0.000000
7008,1,0.018384,0.000000
7009,1,0.018377,0.000000
7010,1,0.018371,0.000000
7011,1,0.018365,0.000000
7012,1,0.018359,0.000000
7013,1,0.018352,0.000000
7014,1,0.018346,0.000000
7015,1,0.018340,0.000000
7016,1,0.018333,0.000000
7017,1,0.018327,0.000000
7018,1,0.018321,0.000000
7019,1,0.018315,0.000000
7020,1,0.018308,0.000000
7021,1,0.018302,0.000000
7022,1,0.018296,0.000000
7023,1,0.018290,0.000000
7024,1,0.018283,0.000000
7025,1,0.018277,0.000000
7026,1,0.018271,0.000000
7027,1,0.018265,0.000000
7028,1,0.018258,0.000000
7029,1,0.018252,0.000000
7030,1,0.018246,0.000000
7031,1,0.018240,0.000000
7032,1,0.018233,0.000000
7033,1,0.018227,0.000000
7034,1,0.018221,0.000000
7035,1,0.018215,0.000000
7036,1,0.018208,0.000000
7037,1,0.018202,0.000000
7038,1,0.018196,0.000000
7039,1,0.018190,0.000000
7040,1,0.018184,0.000000
7041,1,0.018177,0.000000
7042,1,0.018171,0.000000
7043,1,0.018165,0.000000
7044,1,0.018159,0.000000
7045,1,0.018153,0.000000
7046,1,0.018146,0.000000
7047,1,0.018140,0.000000
7048,1,0.018134,0.000000
7049,1,0.018128,0.000000
7050,1,0.018122,0.000000
7051,1,0.018116,0.000000
7052,1,0.018109,0.000000
7053,1,0.018103,0.000000
7054,1,0.018097,0.000000
7055,1,0.018091,0.000000
7056,1,0.018085,0.000000
7057,1,0.018079,0.000000
7058,1,0.018072,0.000000
7059,1,0.018066,0.000000
7060,1,0.018060,0.000000
7061,1,0.018054,0.000000
7062,1,0.018048,0.000000
7063,1,0.018042,0.000000
7064,1,0.018036,0.000000
7065,1,0.018030,0.000000
7066,1,0.018023,0.000000
7067,1,0.018017,0.000000
7068,1,0.018011,0.000000
7069,1,0.018005,0.000000
7070,1,0.017999,0.000000
7071,1,0.017993,0.000000
7072,1,0.017987,0.000000
7073,1,0.017981,0.000000
7074,1,0.017975,0.000000
7075,1,0.017968,0.000000
7076,1,0.017962,0.000000
7077,1,0.017956,0.000000
7078,1,0.017950,0.000000
7079,1,0.017944,0.000000
7080,1,0.017938,0.000000
7081,1,0.017932,0.000000
7082,1,0.017926,0.000000
7083,1,0.017920,0.000000
7084,1,0.017914,0.000000
7085,1,0.017908,0.000000
7086,1,0.017902,0.000000
7087,1,0.017896,0.000000
7088,1,0.017890,0.000000
7089,1,0.017884,0.000000
7090,1,0.017877,0.000000
7091,1,0.017871,0.000000
7092,1,0.017865,0.000000
7093,1,0.017859,0.000000
7094,1,0.017853,0.000000
7095,1,0.017847,0.000000
7096,1,0.017841,0.000000
7097,1,0.017835,0.000000
7098,1,0.017829,0.000000
7099,1,0.017823,0.000000
7100,1,0.017817,0.000000
7101,1,0.017811,0.000000
7102,1,0.017805,0.000000
7103,1,0.017799,0.000000
7104,1,0.017793,0.000000
7105,1,0.017787,0.000000
7106,1,0.017781,0.000000
7107,1,0.017775,0.000000
7108,1,0.017769,0.000000
7109,1,0.017763,0.000000
7110,1,0.017757,0.000000
7111,1,0.017751,0.000000
7112,1,0.017745,0.000000
7113,1,0.017739,0.000000
7114,1,0.017733,0.000000
7115,1,0.017727,0.000000
7116,1,0.017721,0.000000
7117,1,0.017715,0.000000
7118,1,0.017709,0.000000
7119,1,0.017704,0.000000
7120,1,0.017698,0.000000
7121,1,0.017692,0.000000
7122,1,0.017686,0.000000
7123,1,0.017680,0.000000
7124,1,0.017674,0.000000
7125,1,0.017668,0.000000
7126,1,0.017662,0.000000
7127,1,0.017656,0.000000
7128,1,0.017650,0.000000
7129,1,0.017644,0.000000
7130,1,0.017638,0.000000
7131,1,0.017632,0.000000
7132,1,0.017626,0.000000
7133,1,0.017620,0.000000
7134,1,0.017615,0.000000
7135,1,0.017609,0.000000
7136,1,0.017603,0.000000
7137,1,0.017597,0.000000
7138,1,0.017591,0.000000
7139,1,0.017585,0.000000
7140,1,0.017579,0.000000
7141,1,0.017573,0.000000
7142,1,0.017567,0.000000
7143,1,0.017561,0.000000
7144,1,0.017556,0.000000
7145,1,0.017550,0.000000
7146,1,0.017544,0.000000
7147,1,0.017538,0.000000
7148,1,0.017532,0.000000
7149,1,0.017526,0.000000
7150,1,0.017520,0.000000
7151,1,0.017515,0.000000
7152,1,0.017509,0.000000
7153,1,0.017503,0.000000
7154,1,0.017497,0.000000
7155,1,0.017491,0.000000
7156,1,0.017485,0.000000
7157,1,0.017479,0.000000
7158,1,0.017474,0.000000
7159,1,0.017468,0.000000
7160,1,0.017462,0.000000
7161,1,0.017456,0.000000
7162,1,0.017450,0.000000
7163,1,0.017444,0.000000
7164,1,0.017439,0.000000
7165,1,0.017433,0.000000
7166,1,0.017427,0.000000
7167,1,0.017421,0.000000
7168,1,0.017415,0.000000
7169,1,0.017410,0.000000
7170,1,0.017404,0.000000
7171,1,0.017398,0.000000
7172,1,0.017392,0.000000
7173,1,0.017386,0.000000
7174,1,0.017381,0.000000
7175,1,0.017375,0.000000
7176,1,0.017369,0.000000
7177,1,0.017363,0.000000
7178,1,0.017357,0.000000
7179,1,0.017352,0.000000
7180,1,0.017346,0.000000
7181,1,0.017340,0.000000
7182,1,0.017334,0.000000
7183,1,0.017329,0.000000
7184,1,0.017323,0.000000
7185,1,0.017317,0.000000
7186,1,0.017311,0.000000
7187,1,0.017305,0.000000
7188,1,0.017300,0.000000
7189,1,0.017294,0.000000
7190,1,0.017288,0.000000
7191,1,0.017282,0.000000
7192,1,0.017277,0.000000
7193,1,0.017271,0.000000
7194,1,0.017265,0.000000
7195,1,0.017260,0.000000
7196,1,0.017254,0.000000
7197,1,0.017248,0.000000
7198,1,0.017242,0.000000
7199,1,0.017237,0.000000
7200,1,0.017231,0.000000
7201,1,0.017225,0.000000
7202,1,0.017219,0.000000
7203,1,0.017214,0.000000
7204,1,0.017208,0.000000
7205,1,0.017202,0.000000
7206,1,0.017197,0.000000
7207,1,0.017191,0.000000
7208,1,0.017185,0.000000
7209,1,0.017180,0.000000
7210,1,0.017174,0.000000
7211,1,0.017168,0.000000
7212,1,0.017162,0.000000
7213,1,0.017157,0.000000
7214,1,0.017151,0.000000
7215,1,0.017145,0.000000
7216,1,0.017140,0.000000
7217,1,0.017134,0.000000
7218,1,0.017128,0.000000
7219,1,0.017123,0.000000
7220,1,0.017117,0.000000
7221,1,0.017111,0.000000
7222,1,0.017106,0.000000
7223,1,0.017100,0.000000
7224,1,0.017094,0.000000
7225,1,0.017089,0.000000
7226,1,0.017083,0.000000
7227,1,0.017078,0.000000
7228,1,0.017072,0.000000
7229,1,0.017066,0.000000
7230,1,0.017061,0.000000
7231,1,0.017055,0.000000
7232,1,0.017049,0.000000
7233,1,0.017044,0.000000
7234,1,0.017038,0.000000
7235,1,0.017033,0.000000
7236,1,0.017027,0.000000
7237,1,0.017021,0.000000
7238,1,0.017016,0.000000
7239,1,0.017010,0.000000
7240,1,0.017004,0.000000
7241,1,0.016999,0.000000
7242,1,0.016993,0.000000
7243,1,0.016988,0.000000
7244,1,0.016982,0.000000
7245,1,0.016976,0.000000
7246,1,0.016971,0.000000
7247,1,0.016965,0.000000
7248,1,0.016960,0.000000
7249,1,0.016954,0.000000
7250,1,0.016949,0.000000
7251,1,0.016943,0.000000
7252,1,0.016937,0.000000
7253,1,0.016932,0.000000
7254,1,0.016926,0.000000
7255,1,0.016921,0.000000
7256,1,0.016915,0.000000
7257,1,0.016910,0.000000
7258,1,0.016904,0.000000
7259,1,0.016898,0.000000
7260,1,0.016893,0.000000
7261,1,0.016887,0.000000
7262,1,0.016882,0.000000
7263,1,0.016876,0.000000
7264,1,0.016871,0.000000
7265,1,0.016865,0.000000
7266,1,0.016860,0.000000
7267,1,0.016854,0.000000
7268,1,0.016849,0.000000
7269,1,0.016843,0.000000
7270,1,0.016837,0.000000
7271,1,0.016832,0.000000
7272,1,0.016826,0.000000
7273,1,0.016821,0.000000
7274,1,0.016815,0.000000
7275,1,0.016810,0.000000
7276,1,0.016804,0.000000
7277,1,0.016799,0.000000
7278,1,0.016793,0.000000
7279,1,0.016788,0.000000
7280,1,0.016782,0.000000
7281,1,0.016777,0.000000
7282,1,0.016771,0.000000
7283,1,0.016766,0.000000
7284,1,0.016760,0.000000
7285,1,0.016755,0.000000
7286,1,0.016749,0.000000
7287,1,0.016744,0.000000
7288,1,0.016738,0.000000
7289,1,0.016733,0.000000
7290,1,0.016727,0.000000
7291,1,0.016722,0.000000
7292,1,0.016717,0.000000
7293,1,0.016711,0.000000
7294,1,0.016706,0.000000
7295,1,0.016700,0.000000
7296,1,0.016695,0.000000
7297,1,0.016689,0.000000
7298,1,0.016684,0.000000
7299,1,0.016678,0.000000
7300,1,0.016673,0.000000
7301,1,0.016667,0.000000
7302,1,0.016662,0.000000
7303,1,0.016657,0.000000
7304,1,0.016651,0.000000
7305,1,0.016646,0.000000
7306,1,0.016640,0.000000
7307,1,0.016635,0.000000
7308,1,0.016629,0.000000
7309,1,0.016624,0.000000
7310,1,0.016619,0.000000
7311,1,0.016613,0.000000
7312,1,0.016608,0.000000
7313,1,0.016602,0.000000
7314,1,0.016597,0.000000
7315,1,0.016592,0.000000
7316,1,0.016586,0.000000
7317,1,0.016581,0.000000
7318,1,0.016575,0.000000
7319,1,0.016570,0.000000
7320,1,0.016565,0.000000
7321,1,0.016559,0.000000
7322,1,0.016554,0.000000
7323,1,0.016548,0.000000
7324,1,0.016543,0.000000
7325,1,0.016538,0.000000
7326,1,0.016532,0.000000
7327,1,0.016527,0.000000
7328,1,0.016521,0.000000
7329,1,0.016516,0.000000
7330,1,0.016511,0.000000
7331,1,0.016505,0.000000
7332,1,0.016500,0.000000
7333,1,0.016495,0.000000
7334,1,0.016489,0.000000
7335,1,0.016484,0.000000
7336,1,0.016479,0.000000
7337,1,0.016473,0.000000
7338,1,0.016468,0.000000
7339,1,0.016462,0.000000
7340,1,0.016457,0.000000
7341,1,0.016452,0.000000
7342,1,0.016446,0.000000
7343,1,0.016441,0.000000
7344,1,0.016436,0.000000
7345,1,0.016430,0.000000
7346,1,0.016425,0.000000
7347,1,0.016420,0.000000
7348,1,0.016414,0.000000
7349,1,0.016409,0.000000
7350,1,0.016404,0.000000
7351,1,0.016398,0.000000
7352,1,0.016393,0.000000
7353,1,0.016388,0.000000
7354,1,0.016383,0.000000
7355,1,0.016377,0.000000
7356,1,0.016372,0.000000
7357,1,0.016367,0.000000
7358,1,0.016361,0.000000
7359,1,0.016356,0.000000
7360,1,0.016351,0.000000
7361,1,0.016345,0.000000
7362,1,0.016340,0.000000
7363,1,0.016335,0.000000
7364,1,0.016330,0.000000
7365,1,0.016324,0.000000
7366,1,0.016319,0.000000
7367,1,0.016314,0.000000
7368,1,0.016309,0.000000
7369,1,0.016303,0.000000
7370,1,0.016298,0.000000
7371,1,0.016293,0.000000
7372,1,0.016287,0.000000
7373,1,0.016282,0.000000
7374,1,0.016277,0.000000
7375,1,0.016272,0.000000
7376,1,0.016266,0.000000
7377,1,0.016261,0.000000
7378,1,0.016256,0.000000
7379,1,0.016251,0.000000
7380,1,0.016245,0.000000
7381,1,0.016240,0.000000
7382,1,0.016235,0.000000
7383,1,0.016230,0.000000
7384,1,0.016224,0.000000
7385,1,0.016219,0.000000
7386,1,0.016214,0.000000
7387,1,0.016209,0.000000
7388,1,0.016204,0.000000
7389,1,0.016198,0.000000
7390,1,0.016193,0.000000
7391,1,0.016188,0.000000
7392,1,0.016183,0.000000
7393,1,0.016177,0.000000
7394,1,0.016172,0.000000
7395,1,0.016167,0.000000
7396,1,0.016162,0.000000
7397,1,0.016157,0.000000
7398,1,0.016151,0.000000
7399,1,0.016146,0.000000
7400,1,0.016141,0.000000
7401,1,0.016136,0.000000
7402,1,0.016131,0.000000
7403,1,0.016125,0.000000
7404,1,0.016120,0.000000
7405,1,0.016115,0.000000
7406,1,0.016110,0.000000
7407,1,0.016105,0.000000
7408,1,0.016100,0.000000
7409,1,0.016094,0.000000
7410,1,0.016089,0.000000
7411,1,0.016084,0.000000
7412,1,0.016079,0.000000
7413,1,0.016074,0.000000
7414,1,0.016069,0.000000
7415,1,0.016063,0.000000
7416,1,0.016058,0.000000
7417,1,0.016053,0.000000
7418,1,0.016048,0.000000
7419,1,0.016043,0.000000
7420,1,0.016038,0.000000
7421,1,0.016032,0.000000
7422,1,0.016027,0.000000
7423,1,0.016022,0.000000
7424,1,0.016017,0.000000
7425,1,0.016012,0.000000
7426,1,0.016007,0.000000
7427,1,0.016002,0.000000
7428,1,0.015997,0.000000
7429,1,0.015991,0.000000
7430,1,0.015986,0.000000
7431,1,0.015981,0.000000
7432,1,0.015976,0.000000
7433,1,0.015971,0.000000
7434,1,0.015966,0.000000
7435,1,0.015961,0.000000
7436,1,0.015956,0.000000
7437,1,0.015950,0.000000
7438,1,0.015945,0.000000
7439,1,0.015940,0.000000
7440,1,0.015935,0.000000
7441,1,0.015930,0.000000
7442,1,0.015925,0.000000
7443,1,0.015920,0.000000
7444,1,0.015915,0.000000
7445,1,0.015910,0.000000
7446,1,0.015905,0.000000
7447,1,0.015900,0.000000
7448,1,0.015894,0.000000
7449,1,0.015889,0.000000
7450,1,0.015884,0.000000
7451,1,0.015879,0.000000
7452,1,0.015874,0.000000
7453,1,0.015869,0.000000
7454,1,0.015864,0.000000
7455,1,0.015859,0.000000
7456,1,0.015854,0.000000
7457,1,0.015849,0.000000
7458,1,0.015844,0.000000
7459,1,0.015839,0.000000
7460,1,0.015834,0.000000
7461,1,0.015829,0.000000
7462,1,0.015824,0.000000
7463,1,0.015818,0.000000
7464,1,0.015813,0.000000
7465,1,0.015808,0.000000
7466,1,0.015803,0.000000
7467,1,0.015798,0.000000
7468,1,0.015793,0.000000
7469,1,0.015788,0.000000
7470,1,0.015783,0.000000
7471,1,0.015778,0.000000
7472,1,0.015773,0.000000
7473,1,0.015768,0.000000
7474,1,0.015763,0.000000
7475,1,0.015758,0.000000
7476,1,0.015753,0.000000
7477,1,0.015748,0.000000
7478,1,0.015743,0.000000
7479,1,0.015738,0.000000
7480,1,0.015733,0.000000
7481,1,0.015728,0.000000
7482,1,0.015723,0.000000
7483,1,0.015718,0.000000
7484,1,0.015713,0.000000
7485,1,0.015708,0.000000
7486,1,0.015703,0.000000
7487,1,0.015698,0.000000
7488,1,0.015693,0.000000
7489,1,0.015688,0.000000
7490,1,0.015683,0.000000
7491,1,0.015678,0.000000
7492,1,0.015673,0.000000
7493,1,0.015668,0.000000
7494,1,0.015663,0.000000
7495,1,0.015658,0.000000
7496,1,0.015653,0.000000
7497,1,0.015648,0.000000
7498,1,0.015643,0.000000
7499,1,0.015638,0.000000
7500,1,0.015633,0.000000
7501,1,0.015628,0.000000
7502,1,0.015623,0.000000
7503,1,0.015618,0.000000
7504,1,0.015613,0.000000
7505,1,0.015609,0.000000
7506,1,0.015604,0.000000
7507,1,0.015599,0.000000
7508,1,0.015594,0.000000
7509,1,0.015589,0.000000
7510,1,0.015584,0.000000
7511,1,0.015579,0.000000
7512,1,0.015574,0.000000
7513,1,0.015569,0.000000
7514,1,0.015564,0.000000
7515,1,0.015559,0.000000
7516,1,0.015554,0.000000
7517,1,0.015549,0.000000
7518,1,0.015544,0.000000
7519,1,0.015539,0.000000
7520,1,0.015535,0.000000
7521,1,0.015530,0.000000
7522,1,0.015525,0.000000
7523,1,0.015520,0.000000
7524,1,0.015515,0.000000
7525,1,0.015510,0.000000
7526,1,0.015505,0.000000
7527,1,0.015500,0.000000
7528,1,0.015495,0.000000
7529,1,0.015490,0.000000
7530,1,0.015485,0.000000
7531,1,0.015481,0.000000
7532,1,0.015476,0.000000
7533,1,0.015471,0.000000
7534,1,0.015466,0.000000
7535,1,0.015461,0.000000
7536,1,0.015456,0.000000
7537,1,0.015451,0.000000
7538,1,0.015446,0.000000
7539,1,0.015441,0.000000
7540,1,0.015437,0.000000
7541,1,0.015432,0.000000
7542,1,0.015427,0.000000
7543,1,0.015422,0.000000
7544,1,0.015417,0.000000
7545,1,0.015412,0.000000
7546,1,0.015407,0.000000
7547,1,0.015403,0.000000
7548,1,0.015398,0.000000
7549,1,0.015393,0.000000
7550,1,0.015388,0.000000
7551,1,0.015383,0.000000
7552,1,0.015378,0.000000
7553,1,0.015373,0.000000
7554,1,0.015369,0.000000
7555,1,0.015364,0.000000
7556,1,0.015359,0.000000
7557,1,0.015354,0.000000
7558,1,0.015349,0.000000
7559,1,0.015344,0.000000
7560,1,0.015340,0.000000
7561,1,0.015335,0.000000
7562,1,0.015330,0.000000
7563,1,0.015325,0.000000
7564,1,0.015320,0.000000
7565,1,0.015315,0.000000
7566,1,0.015311,0.000000
7567,1,0.015306,0.000000
7568,1,0.015301,0.000000
7569,1,0.015296,0.000000
7570,1,0.015291,0.000000
7571,1,0.015287,0.000000
7572,1,0.015282,0.000000
7573,1,0.015277,0.000000
7574,1,0.015272,0.000000
7575,1,0.015267,0.000000
7576,1,0.015263,0.000000
7577,1,0.015258,0.000000
7578,1,0.015253,0.000000
7579,1,0.015248,0.000000
7580,1,0.015243,0.000000
7581,1,0.015239,0.000000
7582,1,0.015234,0.000000
7583,1,0.015229,0.000000
7584,1,0.015224,0.000000
7585,1,0.015219,0.000000
7586,1,0.015215,0.000000
7587,1,0.015210,0.000000
7588,1,0.015205,0.000000
7589,1,0.015200,0.000000
7590,1,0.015196,0.000000
7591,1,0.015191,0.000000
7592,1,0.015186,0.000000
7593,1,0.015181,0.000000
7594,1,0.015177,0.000000
7595,1,0.015172,0.000000
7596,1,0.015167,0.000000
7597,1,0.015162,0.000000
7598,1,0.015158,0.000000
7599,1,0.015153,0.000000
7600,1,0.015148,0.000000
7601,1,0.015143,0.000000
7602,1,0.015139,0.000000
7603,1,0.015134,0.000000
7604,1,0.015129,0.000000
7605,1,0.015124,0.000000
7606,1,0.015120,0.000000
7607,1,0.015115,0.000000
7608,1,0.015110,0.000000
7609,1,0.015105,0.000000
7610,1,0.015101,0.000000
7611,1,0.015096,0.000000
7612,1,0.015091,0.000000
7613,1,0.015087,0.000000
7614,1,0.015082,0.000000
7615,1,0.015077,0.000000
7616,1,0.015072,0.000000
7617,1,0.015068,0.000000
7618,1,0.015063,0.000000
7619,1,0.015058,0.000000
7620,1,0.015054,0.000000
7621,1,0.015049,0.000000
7622,1,0.015044,0.000000
7623,1,0.015039,0.000000
7624,1,0.015035,0.000000
7625,1,0.015030,0.000000
7626,1,0.015025,0.000000
7627,1,0.015021,0.000000
7628,1,0.015016,0.000000
7629,1,0.015011,0.000000
7630,1,0.015007,0.000000
7631,1,0.015002,0.000000
7632,1,0.014997,0.000000
7633,1,0.014993,0.000000
7634,1,0.014988,0.000000
7635,1,0.014983,0.000000
7636,1,0.014979,0.000000
7637,1,0.014974,0.000000
7638,1,0.014969,0.000000
7639,1,0.014965,0.000000
7640,1,0.014960,0.000000
7641,1,0.014955,0.000000
7642,1,0.014951,0.000000
7643,1,0.014946,0.000000
7644,1,0.014941,0.000000
7645,1,0.014937,0.000000
7646,1,0.014932,0.000000
7647,1,0.014927,0.000000
7648,1,0.014923,0.000000
7649,1,0.014918,0.000000
7650,1,0.014913,0.000000
7651,1,0.014909,0.000000
7652,1,0.014904,0.000000
7653,1,0.014899,0.000000
7654,1,0.014895,0.000000
7655,1,0.014890,0.000000
7656,1,0.014886,0.000000
7657,1,0.014881,0.000000
7658,1,0.014876,0.000000
7659,1,0.014872,0.000000
7660,1,0.014867,0.000000
7661,1,0.014862,0.000000
7662,1,0.014858,0.000000
7663,1,0.014853,0.000000
7664,1,0.014849,0.000000
7665,1,0.014844,0.000000
7666,1,0.014839,0.000000
7667,1,0.014835,0.000000
7668,1,0.014830,0.000000
7669,1,0.014826,0.000000
7670,1,0.014821,0.000000
7671,1,0.014816,0.000000
7672,1,0.014812,0.000000
7673,1,0.014807,0.000000
7674,1,0.014803,0.000000
7675,1,0.014798,0.000000
7676,1,0.014793,0.000000
7677,1,0.014789,0.000000
7678,1,0.014784,0.000000
7679,1,0.014780,0.000000
7680,1,0.014775,0.000000
7681,1,0.014770,0.000000
7682,1,0.014766,0.000000
7683,1,0.014761,0.000000
7684,1,0.014757,0.000000
7685,1,0.014752,0.000000
7686,1,0.014748,0.000000
7687,1,0.014743,0.000000
7688,1,0.014738,0.000000
7689,1,0.014734,0.000000
7690,1,0.014729,0.000000
7691,1,0.014725,0.000000
7692,1,0.014720,0.000000
7693,1,0.014716,0.000000
7694,1,0.014711,0.000000
7695,1,0.014706,0.000000
7696,1,0.014702,0.000000
7697,1,0.014697,0.000000
7698,1,0.014693,0.000000
7699,1,0.014688,0.000000
7700,1,0.014684,0.000000
7701,1,0.014679,0.000000
7702,1,0.014675,0.000000
7703,1,0.014670,0.000000
7704,1,0.014666,0.000000
7705,1,0.014661,0.000000
7706,1,0.014656,0.000000
7707,1,0.014652,0.000000
7708,1,0.014647,0.000000
7709,1,0.014643,0.000000
7710,1,0.014638,0.000000
7711,1,0.014634,0.000000
7712,1,0.014629,0.000000
7713,1,0.014625,0.000000
7714,1,0.014620,0.000000
7715,1,0.014616,0.000000
7716,1,0.014611,0.000000
7717,1,0.014607,0.000000
7718,1,0.014602,0.000000
7719,1,0.014598,0.000000
7720,1,0.014593,0.000000
7721,1,0.014589,0.000000
7722,1,0.014584,0.000000
7723,1,0.014580,0.000000
7724,1,0.014575,0.000000
7725,1,0.014571,0.000000
7726,1,0.014566,0.000000
7727,1,0.014562,0.000000
7728,1,0.014557,0.000000
7729,1,0.014553,0.000000
7730,1,0.014548,0.000000
7731,1,0.014544,0.000000
7732,1,0.014539,0.000000
7733,1,0.014535,0.000000
7734,1,0.014530,0.000000
7735,1,0.014526,0.000000
7736,1,0.014521,0.000000
7737,1,0.014517,0.000000
7738,1,0.014512,0.000000
7739,1,0.014508,0.000000
7740,1,0.014504,0.000000
7741,1,0.014499,0.000000
7742,1,0.014495,0.000000
7743,1,0.014490,0.000000
7744,1,0.014486,0.000000
7745,1,0.014481,0.000000
7746,1,0.014477,0.000000
7747,1,0.014472,0.000000
7748,1,0.014468,0.000000
7749,1,0.014463,0.000000
7750,1,0.014459,0.000000
7751,1,0.014454,0.000000
7752,1,0.014450,0.000000
7753,1,0.014446,0.000000
7754,1,0.014441,0.000000
7755,1,0.014437,0.000000
7756,1,0.014432,0.000000
7757,1,0.014428,0.000000
7758,1,0.014423,0.000000
7759,1,0.014419,0.000000
7760,1,0.014415,0.000000
7761,1,0.014410,0.000000
7762,1,0.014406,0.000000
7763,1,0.014401,0.000000
7764,1,0.014397,0.000000
7765,1,0.014392,0.000000
7766,1,0.014388,0.000000
7767,1,0.014384,0.000000
7768,1,0.014379,0.000000
7769,1,0.014375,0.000000
7770,1,0.014370,0.000000
7771,1,0.014366,0.000000
7772,1,0.014362,0.000000
7773,1,0.014357,0.000000
7774,1,0.014353,0.000000
7775,1,0.014348,0.000000
7776,1,0.014344,0.000000
7777,1,0.014340,0.000000
7778,1,0.014335,0.000000
7779,1,0.014331,0.000000
7780,1,0.014326,0.000000
7781,1,0.014322,0.000000
7782,1,0.014318,0.000000
7783,1,0.014313,0.000000
7784,1,0.014309,0.000000
7785,1,0.014304,0.000000
7786,1,0.014300,0.000000
7787,1,0.014296,0.000000
7788,1,0.014291,0.000000
7789,1,0.014287,0.000000
7790,1,0.014282,0.000000
7791,1,0.014278,0.000000
7792,1,0.014274,0.000000
7793,1,0.014269,0.000000
7794,1,0.014265,0.000000
7795,1,0.014261,0.000000
7796,1,0.014256,0.000000
7797,1,0.014252,0.000000
7798,1,0.014248,0.000000
7799,1,0.014243,0.000000
7800,1,0.014239,0.000000
7801,1,0.014234,0.000000
7802,1,0.014230,0.000000
7803,1,0.014226,0.000000
7804,1,0.014221,0.000000
7805,1,0.014217,0.000000
7806,1,0.014213,0.000000
7807,1,0.014208,0.000000
7808,1,0.014204,0.000000
7809,1,0.014200,0.000000
7810,1,0.014195,0.000000
7811,1,0.014191,0.000000
7812,1,0.014187,0.000000
7813,1,0.014182,0.000000
7814,1,0.014178,0.000000
7815,1,0.014174,0.000000
7816,1,0.014169,0.000000
7817,1,0.014165,0.000000
7818,1,0.014161,0.000000
7819,1,0.014156,0.000000
7820,1,0.014152,0.000000
7821,1,0.014148,0.000000
7822,1,0.014143,0.000000
7823,1,0.014139,0.000000
7824,1,0.014135,0.000000
7825,1,0.014131,0.000000
7826,1,0.014126,0.000000
7827,1,0.014122,0.000000
7828,1,0.014118,0.000000
7829,1,0.014113,0.000000
7830,1,0.014109,0.000000
7831,1,0.014105,0.000000
7832,1,0.014100,0.000000
7833,1,0.014096,0.000000
7834,1,0.014092,0.000000
7835,1,0.014088,0.000000
7836,1,0.014083,0.000000
7837,1,0.014079,0.000000
7838,1,0.014075,0.000000
7839,1,0.014070,0.000000
7840,1,0.014066,0.000000
7841,1,0.014062,0.000000
7842,1,0.014058,0.000000
7843,1,0.014053,0.000000
7844,1,0.014049,0.000000
7845,1,0.014045,0.000000
7846,1,0.014040,0.000000
7847,1,0.014036,0.000000
7848,1,0.014032,0.000000
7849,1,0.014028,0.000000
7850,1,0.014023,0.000000
7851,1,0.014019,0.000000
7852,1,0.014015,0.000000
7853,1,0.014011,0.000000
7854,1,0.014006,0.000000
7855,1,0.014002,0.000000
7856,1,0.013998,0.000000
7857,1,0.013994,0.000000
7858,1,0.013989,0.000000
7859,1,0.013985,0.000000
7860,1,0.013981,0.000000
7861,1,0.013977,0.000000
7862,1,0.013972,0.000000
7863,1,0.013968,0.000000
7864,1,0.013964,0.000000
7865,1,0.013960,0.000000
7866,1,0.013955,0.000000
7867,1,0.013951,0.000000
7868,1,0.013947,0.000000
7869,1,0.013943,0.000000
7870,1,0.013938,0.000000
7871,1,0.013934,0.000000
7872,1,0.013930,0.000000
7873,1,0.013926,0.000000
7874,1,0.013921,0.000000
7875,1,0.013917,0.000000
7876,1,0.013913,0.000000
7877,1,0.013909,0.000000
7878,1,0.013905,0.000000
7879,1,0.013900,0.000000
7880,1,0.013896,0.000000
7881,1,0.013892,0.000000
7882,1,0.013888,0.000000
7883,1,0.013884,0.000000
7884,1,0.013879,0.000000
7885,1,0.013875,0.000000
7886,1,0.013871,0.000000
7887,1,0.013867,0.000000
7888,1,0.013862,0.000000
7889,1,0.013858,0.000000
7890,1,0.013854,0.000000
7891,1,0.013850,0.000000
7892,1,0.013846,0.000000
7893,1,0.013842,0.000000
7894,1,0.013837,0.000000
7895,1,0.013833,0.000000
7896,1,0.013829,0.000000
7897,1,0.013825,0.000000
7898,1,0.013821,0.000000
7899,1,0.013816,0.000000
7900,1,0.013812,0.000000
7901,1,0.013808,0.000000
7902,1,0.013804,0.000000
7903,1,0.013800,0.000000
7904,1,0.013796,0.000000
7905,1,0.013791,0.000000
7906,1,0.013787,0.000000
7907,1,0.013783,0.000000
7908,1,0.013779,0.000000
7909,1,0.013775,0.000000
7910,1,0.013771,0.000000
7911,1,0.013766,0.000000
7912,1,0.013762,0.000000
7913,1,0.013758,0.000000
7914,1,0.013754,0.000000
7915,1,0.013750,0.000000
7916,1,0.013746,0.000000
7917,1,0.013741,0.000000
7918,1,0.013737,0.000000
7919,1,0.013733,0.000000
7920,1,0.013729,0.000000
7921,1,0.013725,0.000000
7922,1,0.013721,0.000000
7923,1,0.013717,0.000000
7924,1,0.013712,0.000000
7925,1,0.013708,0.000000
7926,1,0.013704,0.000000
7927,1,0.013700,0.000000
7928,1,0.013696,0.000000
7929,1,0.013692,0.000000
7930,1,0.013688,0.000000
7931,1,0.013683,0.000000
7932,1,0.013679,0.000000
7933,1,0.013675,0.000000
7934,1,0.013671,0.000000
7935,1,0.013667,0.000000
7936,1,0.013663,0.000000
7937,1,0.013659,0.000000
7938,1,0.013655,0.000000
7939,1,0.013651,0.000000
7940,1,0.013646,0.000000
7941,1,0.013642,0.000000
7942,1,0.013638,0.000000
7943,1,0.013634,0.000000
7944,1,0.013630,0.000000
7945,1,0.013626,0.000000
7946,1,0.013622,0.000000
7947,1,0.013618,0.000000
7948,1,0.013614,0.000000
7949,1,0.013609,0.000000
7950,1,0.013605,0.000000
7951,1,0.013601,0.000000
7952,1,0.013597,0.000000
7953,1,0.013593,0.000000
7954,1,0.013589,0.000000
7955,1,0.013585,0.000000
7956,1,0.013581,0.000000
7957,1,0.013577,0.000000
7958,1,0.013573,0.000000
7959,1,0.013569,0.000000
7960,1,0.013565,0.000000
7961,1,0.013560,0.000000
7962,1,0.013556,0.000000
7963,1,0.013552,0.000000
7964,1,0.013548,0.000000
7965,1,0.013544,0.000000
7966,1,0.013540,0.000000
7967,1,0.013536,0.000000
7968,1,0.013532,0.000000
7969,1,0.013528,0.000000
7970,1,0.013524,0.000000
7971,1,0.013520,0.000000
7972,1,0.013516,0.000000
7973,1,0.013512,0.000000
7974,1,0.013508,0.000000
7975,1,0.013504,0.000000
7976,1,0.013499,0.000000
7977,1,0.013495,0.000000
7978,1,0.013491,0.000000
7979,1,0.013487,0.000000
7980,1,0.013483,0.000000
7981,1,0.013479,0.000000
7982,1,0.013475,0.000000
7983,1,0.013471,0.000000
7984,1,0.013467,0.000000
7985,1,0.013463,0.000000
7986,1,0.013459,0.000000
7987,1,0.013455,0.000000
7988,1,0.013451,0.000000
7989,1,0.013447,0.000000
7990,1,0.013443,0.000000
7991,1,0.013439,0.000000
7992,1,0.013435,0.000000
7993,1,0.013431,0.000000
7994,1,0.013427,0.000000
7995,1,0.013423,0.000000
7996,1,0.013419,0.000000
7997,1,0.013415,0.000000
7998,1,0.013411,0.000000
7999,1,0.013407,0.000000
8000,1,0.013403,0.000000
8001,1,0.013399,0.000000
8002,1,0.013395,0.000000
8003,1,0.013391,0.000000
8004,1,0.013387,0.000000
8005,1,0.013383,0.000000
8006,1,0.013379,0.000000
8007,1,0.013375,0.000000
8008,1,0.013371,0.000000
8009,1,0.013367,0.000000
8010,1,0.013363,0.000000
8011,1,0.013359,0.000000
8012,1,0.013355,0.000000
8013,1,0.013351,0.000000
8014,1,0.013347,0.000000
8015,1,0.013343,0.000000
8016,1,0.013339,0.000000
8017,1,0.013335,0.000000
8018,1,0.013331,0.000000
8019,1,0.013327,0.000000
8020,1,0.013323,0.000000
8021,1,0.013319,0.000000
8022,1,0.013315,0.000000
8023,1,0.013311,0.000000
8024,1,0.013307,0.000000
8025,1,0.013303,0.000000
8026,1,0.013299,0.000000
8027,1,0.013295,0.000000
8028,1,0.013291,0.000000
8029,1,0.013287,0.000000
8030,1,0.013283,0.000000
8031,1,0.013279,0.000000
8032,1,0.013275,0.000000
8033,1,0.013271,0.000000
8034,1,0.013267,0.000000
8035,1,0.013263,0.000000
8036,1,0.013259,0.000000
8037,1,0.013255,0.000000
8038,1,0.013251,0.000000
8039,1,0.013247,0.000000
8040,1,0.013243,0.000000
8041,1,0.013239,0.000000
8042,1,0.013236,0.000000
8043,1,0.013232,0.000000
8044,1,0.013228,0.000000
8045,1,0.013224,0.000000
8046,1,0.013220,0.000000
8047,1,0.013216,0.000000
8048,1,0.013212,0.000000
8049,1,0.013208,0.000000
8050,1,0.013204,0.000000
8051,1,0.013200,0.000000
8052,1,0.013196,0.000000
8053,1,0.013192,0.000000
8054,1,0.013188,0.000000
8055,1,0.013184,0.000000
8056,1,0.013180,0.000000
8057,1,0.013176,0.000000
8058,1,0.013173,0.000000
8059,1,0.013169,0.000000
8060,1,0.013165,0.000000
8061,1,0.013161,0.000000
8062,1,0.013157,0.000000
8063,1,0.013153,0.000000
8064,1,0.013149,0.000000
8065,1,0.013145,0.000000
8066,1,0.013141,0.000000
8067,1,0.013137,0.000000
8068,1,0.013133,0.000000
8069,1,0.013129,0.000000
8070,1,0.013126,0.000000
8071,1,0.013122,0.000000
8072,1,0.013118,0.000000
8073,1,0.013114,0.000000
8074,1,0.013110,0.000000
8075,1,0.013106,0.000000
8076,1,0.013102,0.000000
8077,1,0.013098,0.000000
8078,1,0.013094,0.000000
8079,1,0.013091,0.000000
8080,1,0.013087,0.000000
8081,1,0.013083,0.000000
8082,1,0.013079,0.000000
8083,1,0.013075,0.000000
8084,1,0.013071,0.000000
8085,1,0.013067,0.000000
8086,1,0.013063,0.000000
8087,1,0.013059,0.000000
8088,1,0.013056,0.000000
8089,1,0.013052,0.000000
8090,1,0.013048,0.000000
8091,1,0.013044,0.000000
8092,1,0.013040,0.000000
8093,1,0.013036,0.000000
8094,1,0.013032,0.000000
8095,1,0.013028,0.000000
8096,1,0.013025,0.000000
8097,1,0.013021,0.000000
8098,1,0.013017,0.000000
8099,1,0.013013,0.000000
8100,1,0.013009,0.000000
8101,1,0.013005,0.000000
8102,1,0.013001,0.000000
8103,1,0.012998,0.000000
8104,1,0.012994,0.000000
8105,1,0.012990,0.000000
8106,1,0.012986,0.000000
8107,1,0.012982,0.000000
8108,1,0.012978,0.000000
8109,1,0.012975,0.000000
8110,1,0.012971,0.000000
8111,1,0.012967,0.000000
8112,1,0.012963,0.000000
8113,1,0.012959,0.000000
8114,1,0.012955,0.000000
8115,1,0.012951,0.000000
8116,1,0.012948,0.000000
8117,1,0.012944,0.000000
8118,1,0.012940,0.000000
8119,1,0.012936,0.000000
8120,1,0.012932,0.000000
8121,1,0.012928,0.000000
8122,1,0.012925,0.000000
8123,1,0.012921,0.000000
8124,1,0.012917,0.000000
8125,1,0.012913,0.000000
8126,1,0.012909,0.000000
8127,1,0.012906,0.000000
8128,1,0.012902,0.000000
8129,1,0.012898,0.000000
8130,1,0.012894,0.000000
8131,1,0.012890,0.000000
8132,1,0.012886,0.000000
8133,1,0.012883,0.000000
8134,1,0.012879,0.000000
8135,1,0.012875,0.000000
8136,1,0.012871,0.000000
8137,1,0.012867,0.000000
8138,1,0.012864,0.000000
8139,1,0.012860,0.000000
8140,1,0.012856,0.000000
8141,1,0.012852,0.000000
8142,1,0.012848,0.000000
8143,1,0.012845,0.000000
8144,1,0.012841,0.000000
8145,1,0.012837,0.000000
8146,1,0.012833,0.000000
8147,1,0.012829,0.000000
8148,1,0.012826,0.000000
8149,1,0.012822,0.000000
8150,1,0.012818,0.000000
8151,1,0.012814,0.000000
8152,1,0.012811,0.000000
8153,1,0.012807,0.000000
8154,1,0.012803,0.000000
8155,1,0.012799,0.000000
8156,1,0.012795,0.000000
8157,1,0.012792,0.000000
8158,1,0.012788,0.000000
8159,1,0.012784,0.000000
8160,1,0.012780,0.000000
8161,1,0.012777,0.000000
8162,1,0.012773,0.000000
8163,1,0.012769,0.000000
8164,1,0.012765,0.000000
8165,1,0.012762,0.000000
8166,1,0.012758,0.000000
8167,1,0.012754,0.000000
8168,1,0.012750,0.000000
8169,1,0.012747,0.000000
8170,1,0.012743,0.000000
8171,1,0.012739,0.000000
8172,1,0.012735,0.000000
8173,1,0.012731,0.000000
8174,1,0.012728,0.000000
8175,1,0.012724,0.000000
8176,1,0.012720,0.000000
8177,1,0.012716,0.000000
8178,1,0.012713,0.000000
8179,1,0.012709,0.000000
8180,1,0.012705,0.000000
8181,1,0.012702,0.000000
8182,1,0.012698,0.000000
8183,1,0.012694,0.000000
8184,1,0.012690,0.000000
8185,1,0.012687,0.000000
8186,1,0.012683,0.000000
8187,1,0.012679,0.000000
8188,1,0.012675,0.000000
8189,1,0.012672,0.000000
8190,1,0.012668,0.000000
8191,1,0.012664,0.000000
8192,1,0.012660,0.000000
8193,1,0.012657,0.000000
8194,1,0.012653,0.000000
8195,1,0.012649,0.000000
8196,1,0.012646,0.000000
8197,1,0.012642,0.000000
8198,1,0.012638,0.000000
8199,1,0.012634,0.000000
8200,1,0.012631,0.000000
8201,1,0.012627,0.000000
8202,1,0.012623,0.000000
8203,1,0.012620,0.000000
8204,1,0.012616,0.000000
8205,1,0.012612,0.000000
8206,1,0.012609,0.000000
8207,1,0.012605,0.000000
8208,1,0.012601,0.000000
8209,1,0.012597,0.000000
8210,1,0.012594,0.000000
8211,1,0.012590,0.000000
8212,1,0.012586,0.000000
8213,1,0.012583,0.000000
8214,1,0.012579,0.000000
8215,1,0.012575,0.000000
8216,1,0.012572,0.000000
8217,1,0.012568,0.000000
8218,1,0.012564,0.000000
8219,1,0.012560,0.000000
8220,1,0.012557,0.000000
8221,1,0.012553,0.000000
8222,1,0.012549,0.000000
8223,1,0.012546,0.000000
8224,1,0.012542,0.000000
8225,1,0.012538,0.000000
8226,1,0.012535,0.000000
8227,1,0.012531,0.000000
8228,1,0.012527,0.000000
8229,1,0.012524,0.000000
8230,1,0.012520,0.000000
8231,1,0.012516,0.000000
8232,1,0.012513,0.000000
8233,1,0.012509,0.000000
8234,1,0.012505,0.000000
8235,1,0.012502,0.000000
8236,1,0.012498,0.000000
8237,1,0.012494,0.000000
8238,1,0.012491,0.000000
8239,1,0.012487,0.000000
8240,1,0.012483,0.000000
8241,1,0.012480,0.000000
8242,1,0.012476,0.000000
8243,1,0.012472,0.000000
8244,1,0.012469,0.000000
8245,1,0.012465,0.000000
8246,1,0.012461,0.000000
8247,1,0.012458,0.000000
8248,1,0.012454,0.000000
8249,1,0.012451,0.000000
8250,1,0.012447,0.000000
8251,1,0.012443,0.000000
8252,1,0.012440,0.000000
8253,1,0.012436,0.000000
8254,1,0.012432,0.000000
8255,1,0.012429,0.000000
8256,1,0.012425,0.000000
8257,1,0.012421,0.000000
8258,1,0.012418,0.000000
8259,1,0.012414,0.000000
8260,1,0.012411,0.000000
8261,1,0.012407,0.000000
8262,1,0.012403,0.000000
8263,1,0.012400,0.000000
8264,1,0.012396,0.000000
8265,1,0.012392,0.000000
8266,1,0.012389,0.000000
8267,1,0.012385,0.000000
8268,1,0.012382,0.000000
8269,1,0.012378,0.000000
8270,1,0.012374,0.000000
8271,1,0.012371,0.000000
8272,1,0.012367,0.000000
8273,1,0.012364,0.000000
8274,1,0.012360,0.000000
8275,1,0.012356,0.000000
8276,1,0.012353,0.000000
8277,1,0.012349,0.000000
8278,1,0.012346,0.000000
8279,1,0.012342,0.000000
8280,1,0.012338,0.000000
8281,1,0.012335,0.000000
8282,1,0.012331,0.000000
8283,1,0.012327,0.000000
8284,1,0.012324,0.000000
8285,1,0.012320,0.000000
8286,1,0.012317,0.000000
8287,1,0.012313,0.000000
8288,1,0.012310,0.000000
8289,1,0.012306,0.000000
8290,1,0.012302,0.000000
8291,1,0.012299,0.000000
8292,1,0.012295,0.000000
8293,1,0.012292,0.000000
8294,1,0.012288,0.000000
8295,1,0.012284,0.000000
8296,1,0.012281,0.000000
8297,1,0.012277,0.000000
8298,1,0.012274,0.000000
8299,1,0.012270,0.000000
8300,1,0.012267,0.000000
8301,1,0.012263,0.000000
8302,1,0.012259,0.000000
8303,1,0.012256,0.000000
8304,1,0.012252,0.000000
8305,1,0.012249,0.000000
8306,1,0.012245,0.000000
8307,1,0.012242,0.000000
8308,1,0.012238,0.000000
8309,1,0.012234,0.000000
8310,1,0.012231,0.000000
8311,1,0.012227,0.000000
8312,1,0.012224,0.000000
8313,1,0.012220,0.000000
8314,1,0.012217,0.000000
8315,1,0.012213,0.000000
8316,1,0.012210,0.000000
8317,1,0.012206,0.000000
8318,1,0.012202,0.000000
8319,1,0.012199,0.000000
8320,1,0.012195,0.000000
8321,1,0.012192,0.000000
8322,1,0.012188,0.000000
8323,1,0.012185,0.000000
8324,1,0.012181,0.000000
8325,1,0.012178,0.000000
8326,1,0.012174,0.000000
8327,1,0.012171,0.000000
8328,1,0.012167,0.000000
8329,1,0.012163,0.000000
8330,1,0.012160,0.000000
8331,1,0.012156,0.000000
8332,1,0.012153,0.000000
8333,1,0.012149,0.000000
8334,1,0.012146,0.000000
8335,1,0.012142,0.000000
8336,1,0.012139,0.000000
8337,1,0.012135,0.000000
8338,1,0.012132,0.000000
8339,1,0.012128,0.000000
8340,1,0.012125,0.000000
8341,1,0.012121,0.000000
8342,1,0.012118,0.000000
8343,1,0.012114,0.000000
8344,1,0.012111,0.000000
8345,1,0.012107,0.000000
8346,1,0.012104,0.000000
8347,1,0.012100,0.000000
8348,1,0.012097,0.000000
8349,1,0.012093,0.000000
8350,1,0.012090,0.000000
8351,1,0.012086,0.000000
8352,1,0.012083,0.000000
8353,1,0.012079,0.000000
8354,1,0.012076,0.000000
8355,1,0.012072,0.000000
8356,1,0.012069,0.000000
8357,1,0.012065,0.000000
8358,1,0.012062,0.000000
8359,1,0.012058,0.000000
8360,1,0.012055,0.000000
8361,1,0.012051,0.000000
8362,1,0.012048,0.000000
8363,1,0.012044,0.000000
8364,1,0.012041,0.000000
8365,1,0.012037,0.000000
8366,1,0.012034,0.000000
8367,1,0.012030,0.000000
8368,1,0.012027,0.000000
8369,1,0.012023,0.000000
8370,1,0.012020,0.000000
8371,1,0.012016,0.000000
8372,1,0.012013,0.000000
8373,1,0.012009,0.000000
8374,1,0.012006,0.000000
8375,1,0.012002,0.000000
8376,1,0.011999,0.000000
8377,1,0.011995,0.000000
8378,1,0.011992,0.000000
8379,1,0.011988,0.000000
8380,1,0.011985,0.000000
8381,1,0.011981,0.000000
8382,1,0.011978,0.000000
8383,1,0.011975,0.000000
8384,1,0.011971,0.000000
8385,1,0.011968,0.000000
8386,1,0.011964,0.000000
8387,1,0.011961,0.000000
8388,1,0.011957,0.000000
8389,1,0.011954,0.000000
8390,1,0.011950,0.000000
8391,1,0.011947,0.000000
8392,1,0.011943,0.000000
8393,1,0.011940,0.000000
8394,1,0.011936,0.000000
8395,1,0.011933,0.000000
8396,1,0.011930,0.000000
8397,1,0.011926,0.000000
8398,1,0.011923,0.000000
8399,1,0.011919,0.000000
8400,1,0.011916,0.000000
8401,1,0.011912,0.000000
8402,1,0.011909,0.000000
8403,1,0.011905,0.000000
8404,1,0.011902,0.000000
8405,1,0.011899,0.000000
8406,1,0.011895,0.000000
8407,1,0.011892,0.000000
8408,1,0.011888,0.000000
8409,1,0.011885,0.000000
8410,1,0.011881,0.000000
8411,1,0.011878,0.000000
8412,1,0.011875,0.000000
8413,1,0.011871,0.000000
8414,1,0.011868,0.000000
8415,1,0.011864,0.000000
8416,1,0.011861,0.000000
8417,1,0.011857,0.000000
8418,1,0.011854,0.000000
8419,1,0.011851,0.000000
8420,1,0.011847,0.000000
8421,1,0.011844,0.000000
8422,1,0.011840,0.000000
8423,1,0.011837,0.000000
8424,1,0.011834,0.000000
8425,1,0.011830,0.000000
8426,1,0.011827,0.000000
8427,1,0.011823,0.000000
8428,1,0.011820,0.000000
8429,1,0.011816,0.000000
8430,1,0.011813,0.000000
8431,1,0.011810,0.000000
8432,1,0.011806,0.000000
8433,1,0.011803,0.000000
8434,1,0.011799,0.000000
8435,1,0.011796,0.000000
8436,1,0.011793,0.000000
8437,1,0.011789,0.000000
8438,1,0.011786,0.000000
8439,1,0.011782,0.000000
8440,1,0.011779,0.000000
8441,1,0.011776,0.000000
8442,1,0.011772,0.000000
8443,1,0.011769,0.000000
8444,1,0.011766,0.000000
8445,1,0.011762,0.000000
8446,1,0.011759,0.000000
8447,1,0.011755,0.000000
8448,1,0.011752,0.000000
8449,1,0.011749,0.000000
8450,1,0.011745,0.000000
8451,1,0.011742,0.000000
8452,1,0.011738,0.000000
8453,1,0.011735,0.000000
8454,1,0.011732,0.000000
8455,1,0.011728,0.000000
8456,1,0.011725,0.000000
8457,1,0.011722,0.000000
8458,1,0.011718,0.000000
8459,1,0.011715,0.000000
8460,1,0.011711,0.000000
8461,1,0.011708,0.000000
8462,1,0.011705,0.000000
8463,1,0.011701,0.000000
8464,1,0.011698,0.000000
8465,1,0.011695,0.000000
8466,1,0.011691,0.000000
8467,1,0.011688,0.000000
8468,1,0.011685,0.000000
8469,1,0.011681,0.000000
8470,1,0.011678,0.000000
8471,1,0.011675,0.000000
8472,1,0.011671,0.000000
8473,1,0.011668,0.000000
8474,1,0.011664,0.000000
8475,1,0.011661,0.000000
8476,1,0.011658,0.000000
8477,1,0.011654,0.000000
8478,1,0.011651,0.000000
8479,1,0.011648,0.000000
8480,1,0.011644,0.000000
8481,1,0.011641,0.000000
8482,1,0.011638,0.000000
8483,1,0.011634,0.000000
8484,1,0.011631,0.000000
8485,1,0.011628,0.000000
8486,1,0.011624,0.000000
8487,1,0.011621,0.000000
8488,1,0.011618,0.000000
8489,1,0.011614,0.000000
8490,1,0.011611,0.000000
8491,1,0.011608,0.000000
8492,1,0.011604,0.000000
8493,1,0.011601,0.000000
8494,1,0.011598,0.000000
8495,1,0.011594,0.000000
8496,1,0.011591,0.000000
8497,1,0.011588,0.000000
8498,1,0.011584,0.000000
8499,1,0.011581,0.000000
8500,1,0.011578,0.000000
8501,1,0.011574,0.000000
8502,1,0.011571,0.000000
8503,1,0.011568,0.000000
8504,1,0.011564,0.000000
8505,1,0.011561,0.000000
8506,1,0.011558,0.000000
8507,1,0.011555,0.000000
8508,1,0.011551,0.000000
8509,1,0.011548,0.000000
8510,1,0.011545,0.000000
8511,1,0.011541,0.000000
8512,1,0.011538,0.000000
8513,1,0.011535,0.000000
8514,1,0.011531,0.000000
8515,1,0.011528,0.000000
8516,1,0.011525,0.000000
8517,1,0.011521,0.000000
8518,1,0.011518,0.000000
8519,1,0.011515,0.000000
8520,1,0.011512,0.000000
8521,1,0.011508,0.000000
8522,1,0.011505,0.000000
8523,1,0.011502,0.000000
8524,1,0.011498,0.000000
8525,1,0.011495,0.000000
8526,1,0.011492,0.000000
8527,1,0.011489,0.000000
8528,1,0.011485,0.000000
8529,1,0.011482,0.000000
8530,1,0.011479,0.000000
8531,1,0.011475,0.000000
8532,1,0.011472,0.000000
8533,1,0.011469,0.000000
8534,1,0.011466,0.000000
8535,1,0.011462,0.000000
8536,1,0.011459,0.000000
8537,1,0.011456,0.000000
8538,1,0.011452,0.000000
8539,1,0.011449,0.000000
8540,1,0.011446,0.000000
8541,1,0.011443,0.000000
8542,1,0.011439,0.000000
8543,1,0.011436,0.000000
8544,1,0.011433,0.000000
8545,1,0.011430,0.000000
8546,1,0.011426,0.000000
8547,1,0.011423,0.000000
8548,1,0.011420,0.000000
8549,1,0.011417,0.000000
8550,1,0.011413,0.000000
8551,1,0.011410,0.000000
8552,1,0.011407,0.000000
8553,1,0.011403,0.000000
8554,1,0.011400,0.000000
8555,1,0.011397,0.000000
8556,1,0.011394,0.000000
8557,1,0.011390,0.000000
8558,1,0.011387,0.000000
8559,1,0.011384,0.000000
8560,1,0.011381,0.000000
8561,1,0.011377,0.000000
8562,1,0.011374,0.000000
8563,1,0.011371,0.000000
8564,1,0.011368,0.000000
8565,1,0.011364,0.000000
8566,1,0.011361,0.000000
8567,1,0.011358,0.000000
8568,1,0.011355,0.000000
8569,1,0.011352,0.000000
8570,1,0.011348,0.000000
8571,1,0.011345,0.000000
8572,1,0.011342,0.000000
8573,1,0.011339,0.000000
8574,1,0.011335,0.000000
8575,1,0.011332,0.000000
8576,1,0.011329,0.000000
8577,1,0.011326,0.000000
8578,1,0.011322,0.000000
8579,1,0.011319,0.000000
8580,1,0.011316,0.000000
8581,1,0.011313,0.000000
8582,1,0.011310,0.000000
8583,1,0.011306,0.000000
8584,1,0.011303,0.000000
8585,1,0.011300,0.000000
8586,1,0.011297,0.000000
8587,1,0.011293,0.000000
8588,1,0.011290,0.000000
8589,1,0.011287,0.000000
8590,1,0.011284,0.000000
8591,1,0.011281,0.000000
8592,1,0.011277,0.000000
8593,1,0.011274,0.000000
8594,1,0.011271,0.000000
8595,1,0.011268,0.000000
8596,1,0.011265,0.000000
8597,1,0.011261,0.000000
8598,1,0.011258,0.000000
8599,1,0.011255,0.000000
8600,1,0.011252,0.000000
8601,1,0.011249,0.000000
8602,1,0.011245,0.000000
8603,1,0.011242,0.000000
8604,1,0.011239,0.000000
8605,1,0.011236,0.000000
8606,1,0.011233,0.000000
8607,1,0.011229,0.000000
8608,1,0.011226,0.000000
8609,1,0.011223,0.000000
8610,1,0.011220,0.000000
8611,1,0.011217,0.000000
8612,1,0.011213,0.000000
8613,1,0.011210,0.000000
8614,1,0.011207,0.000000
8615,1,0.011204,0.000000
8616,1,0.011201,0.000000
8617,1,0.011197,0.000000
8618,1,0.011194,0.000000
8619,1,0.011191,0.000000
8620,1,0.011188,0.000000
8621,1,0.011185,0.000000
8622,1,0.011182,0.000000
8623,1,0.011178,0.000000
8624,1,0.011175,0.000000
8625,1,0.011172,0.000000
8626,1,0.011169,0.000000
8627,1,0.011166,0.000000
8628,1,0.011162,0.000000
8629,1,0.011159,0.000000
8630,1,0.011156,0.000000
8631,1,0.011153,0.000000
8632,1,0.011150,0.000000
8633,1,0.011147,0.000000
8634,1,0.011143,0.000000
8635,1,0.011140,0.000000
8636,1,0.011137,0.000000
8637,1,0.011134,0.000000
8638,1,0.011131,0.000000
8639,1,0.011128,0.000000
8640,1,0.011125,0.000000
8641,1,0.011121,0.000000
8642,1,0.011118,0.000000
8643,1,0.011115,0.000000
8644,1,0.011112,0.000000
8645,1,0.011109,0.000000
8646,1,0.011106,0.000000
8647,1,0.011102,0.000000
8648,1,0.011099,0.000000
8649,1,0.011096,0.000000
8650,1,0.011093,0.000000
8651,1,0.011090,0.000000
8652,1,0.011087,0.000000
8653,1,0.011084,0.000000
8654,1,0.011080,0.000000
8655,1,0.011077,0.000000
8656,1,0.011074,0.000000
8657,1,0.011071,0.000000
8658,1,0.011068,0.000000
8659,1,0.011065,0.000000
8660,1,0.011062,0.000000
8661,1,0.011058,0.000000
8662,1,0.011055,0.000000
8663,1,0.011052,0.000000
8664,1,0.011049,0.000000
8665,1,0.011046,0.000000
8666,1,0.011043,0.000000
8667,1,0.011040,0.000000
8668,1,0.011037,0.000000
8669,1,0.011033,0.000000
8670,1,0.011030,0.000000
8671,1,0.011027,0.000000
8672,1,0.011024,0.000000
8673,1,0.011021,0.000000
8674,1,0.011018,0.000000
8675,1,0.011015,0.000000
8676,1,0.011012,0.000000
8677,1,0.011008,0.000000
8678,1,0.011005,0.000000
8679,1,0.011002,0.000000
8680,1,0.010999,0.000000
8681,1,0.010996,0.000000
8682,1,0.010993,0.000000
8683,1,0.010990,0.000000
8684,1,0.010987,0.000000
8685,1,0.010984,0.000000
8686,1,0.010980,0.000000
8687,1,0.010977,0.000000
8688,1,0.010974,0.000000
8689,1,0.010971,0.000000
8690,1,0.010968,0.000000
8691,1,0.010965,0.000000
8692,1,0.010962,0.000000
8693,1,0.010959,0.000000
8694,1,0.010956,0.000000
8695,1,0.010953,0.000000
8696,1,0.010949,0.000000
8697,1,0.010946,0.000000
8698,1,0.010943,0.000000
8699,1,0.010940,0.000000
8700,1,0.010937,0.000000
8701,1,0.010934,0.000000
8702,1,0.010931,0.000000
8703,1,0.010928,0.000000
8704,1,0.010925,0.000000
8705,1,0.010922,0.000000
8706,1,0.010919,0.000000
8707,1,0.010915,0.000000
8708,1,0.010912,0.000000
8709,1,0.010909,0.000000
8710,1,0.010906,0.000000
8711,1,0.010903,0.000000
8712,1,0.010900,0.000000
8713,1,0.010897,0.000000
8714,1,0.010894,0.000000
8715,1,0.010891,0.000000
8716,1,0.010888,0.000000
8717,1,0.010885,0.000000
8718,1,0.010882,0.000000
8719,1,0.010879,0.000000
8720,1,0.010875,0.000000
8721,1,0.010872,0.000000
8722,1,0.010869,0.000000
8723,1,0.010866,0.000000
8724,1,0.010863,0.000000
8725,1,0.010860,0.000000
8726,1,0.010857,0.000000
8727,1,0.010854,0.000000
8728,1,0.010851,0.000000
8729,1,0.010848,0.000000
8730,1,0.010845,0.000000
8731,1,0.010842,0.000000
8732,1,0.010839,0.000000
8733,1,0.010836,0.000000
8734,1,0.010833,0.000000
8735,1,0.010830,0.000000
8736,1,0.010827,0.000000
8737,1,0.010823,0.000000
8738,1,0.010820,0.000000
8739,1,0.010817,0.000000
8740,1,0.010814,0.000000
8741,1,0.010811,0.000000
8742,1,0.010808,0.000000
8743,1,0.010805,0.000000
8744,1,0.010802,0.000000
8745,1,0.010799,0.000000
8746,1,0.010796,0.000000
8747,1,0.010793,0.000000
8748,1,0.010790,0.000000
8749,1,0.010787,0.000000
8750,1,0.010784,0.000000
8751,1,0.010781,0.000000
8752,1,0.010778,0.000000
8753,1,0.010775,0.000000
8754,1,0.010772,0.000000
8755,1,0.010769,0.000000
8756,1,0.010766,0.000000
8757,1,0.010763,0.000000
8758,1,0.010760,0.000000
8759,1,0.010757,0.000000
8760,1,0.010754,0.000000
8761,1,0.010751,0.000000
8762,1,0.010748,0.000000
8763,1,0.010744,0.000000
8764,1,0.010741,0.000000
8765,1,0.010738,0.000000
8766,1,0.010735,0.000000
8767,1,0.010732,0.000000
8768,1,0.010729,0.000000
8769,1,0.010726,0.000000
8770,1,0.010723,0.000000
8771,1,0.010720,0.000000
8772,1,0.010717,0.000000
8773,1,0.010714,0.000000
8774,1,0.010711,0.000000
8775,1,0.010708,0.000000
8776,1,0.010705,0.000000
8777,1,0.010702,0.000000
8778,1,0.010699,0.000000
8779,1,0.010696,0.000000
8780,1,0.010693,0.000000
8781,1,0.010690,0.000000
8782,1,0.010687,0.000000
8783,1,0.010684,0.000000
8784,1,0.010681,0.000000
8785,1,0.010678,0.000000
8786,1,0.010675,0.000000
8787,1,0.010672,0.000000
8788,1,0.010669,0.000000
8789,1,0.010666,0.000000
8790,1,0.010663,0.000000
8791,1,0.010660,0.000000
8792,1,0.010657,0.000000
8793,1,0.010654,0.000000
8794,1,0.010651,0.000000
8795,1,0.010648,0.000000
8796,1,0.010645,0.000000
8797,1,0.010642,0.000000
8798,1,0.010639,0.000000
8799,1,0.010636,0.000000
8800,1,0.010633,0.000000
8801,1,0.010630,0.000000
8802,1,0.010627,0.000000
8803,1,0.010624,0.000000
8804,1,0.010621,0.000000
8805,1,0.010618,0.000000
8806,1,0.010615,0.000000
8807,1,0.010612,0.000000
8808,1,0.010609,0.000000
8809,1,0.010606,0.000000
8810,1,0.010604,0.000000
8811,1,0.010601,0.000000
8812,1,0.010598,0.000000
8813,1,0.010595,0.000000
8814,1,0.010592,0.000000
8815,1,0.010589,0.000000
8816,1,0.010586,0.000000
8817,1,0.010583,0.000000
8818,1,0.010580,0.000000
8819,1,0.010577,0.000000
8820,1,0.010574,0.000000
8821,1,0.010571,0.000000
8822,1,0.010568,0.000000
8823,1,0.010565,0.000000
8824,1,0.010562,0.000000
8825,1,0.010559,0.000000
8826,1,0.010556,0.000000
8827,1,0.010553,0.000000
8828,1,0.010550,0.000000
8829,1,0.010547,0.000000
8830,1,0.010544,0.000000
8831,1,0.010541,0.000000
8832,1,0.010538,0.000000
8833,1,0.010535,0.000000
8834,1,0.010532,0.000000
8835,1,0.010529,0.000000
8836,1,0.010527,0.000000
8837,1,0.010524,0.000000
8838,1,0.010521,0.000000
8839,1,0.010518,0.000000
8840,1,0.010515,0.000000
8841,1,0.010512,0.000000
8842,1,0.010509,0.000000
8843,1,0.010506,0.000000
8844,1,0.010503,0.000000
8845,1,0.010500,0.000000
8846,1,0.010497,0.000000
8847,1,0.010494,0.000000
8848,1,0.010491,0.000000
8849,1,0.010488,0.000000
8850,1,0.010485,0.000000
8851,1,0.010482,0.000000
8852,1,0.010479,0.000000
8853,1,0.010477,0.000000
8854,1,0.010474,0.000000
8855,1,0.010471,0.000000
8856,1,0.010468,0.000000
8857,1,0.010465,0.000000
8858,1,0.010462,0.000000
8859,1,0.010459,0.000000
8860,1,0.010456,0.000000
8861,1,0.010453,0.000000
8862,1,0.010450,0.000000
8863,1,0.010447,0.000000
8864,1,0.010444,0.000000
8865,1,0.010441,0.000000
8866,1,0.010438,0.000000
8867,1,0.010436,0.000000
8868,1,0.010433,0.000000
8869,1,0.010430,0.000000
8870,1,0.010427,0.000000
8871,1,0.010424,0.000000
8872,1,0.010421,0.000000
8873,1,0.010418,0.000000
8874,1,0.010415,0.000000
8875,1,0.010412,0.000000
8876,1,0.010409,0.000000
8877,1,0.010406,0.000000
8878,1,0.010404,0.000000
8879,1,0.010401,0.000000
8880,1,0.010398,0.000000
8881,1,0.010395,0.000000
8882,1,0.010392,0.000000
8883,1,0.010389,0.000000
8884,1,0.010386,0.000000
8885,1,0.010383,0.000000
8886,1,0.010380,0.000000
8887,1,0.010377,0.000000
8888,1,0.010375,0.000000
8889,1,0.010372,0.000000
8890,1,0.010369,0.000000
8891,1,0.010366,0.000000
8892,1,0.010363,0.000000
8893,1,0.010360,0.000000
8894,1,0.010357,0.000000
8895,1,0.010354,0.000000
8896,1,0.010351,0.000000
8897,1,0.010348,0.000000
8898,1,0.010346,0.000000
8899,1,0.010343,0.000000
8900,1,0.010340,0.000000
8901,1,0.010337,0.000000
8902,1,0.010334,0.000000
8903,1,0.010331,0.000000
8904,1,0.010328,0.000000
8905,1,0.010325,0.000000
8906,1,0.010323,0.000000
8907,1,0.010320,0.000000
8908,1,0.010317,0.000000
8909,1,0.010314,0.000000
8910,1,0.010311,0.000000
8911,1,0.010308,0.000000
8912,1,0.010305,0.000000
8913,1,0.010302,0.000000
8914,1,0.010300,0.000000
8915,1,0.010297,0.000000
8916,1,0.010294,0.000000
8917,1,0.010291,0.000000
8918,1,0.010288,0.000000
8919,1,0.010285,0.000000
8920,1,0.010282,0.000000
8921,1,0.010279,0.000000
8922,1,0.010277,0.000000
8923,1,0.010274,0.000000
8924,1,0.010271,0.000000
8925,1,0.010268,0.000000
8926,1,0.010265,0.000000
8927,1,0.010262,0.000000
8928,1,0.010259,0.000000
8929,1,0.010257,0.000000
8930,1,0.010254,0.000000
8931,1,0.010251,0.000000
8932,1,0.010248,0.000000
8933,1,0.010245,0.000000
8934,1,0.010242,0.000000
8935,1,0.010239,0.000000
8936,1,0.010237,0.000000
8937,1,0.010234,0.000000
8938,1,0.010231,0.000000
8939,1,0.010228,0.000000
8940,1,0.010225,0.000000
8941,1,0.010222,0.000000
8942,1,0.010220,0.000000
8943,1,0.010217,0.000000
8944,1,0.010214,0.000000
8945,1,0.010211,0.000000
8946,1,0.010208,0.000000
8947,1,0.010205,0.000000
8948,1,0.010202,0.000000
8949,1,0.010200,0.000000
8950,1,0.010197,0.000000
8951,1,0.010194,0.000000
8952,1,0.010191,0.000000
8953,1,0.010188,0.000000
8954,1,0.010185,0.000000
8955,1,0.010183,0.000000
8956,1,0.010180,0.000000
8957,1,0.010177,0.000000
8958,1,0.010174,0.000000
8959,1,0.010171,0.000000
8960,1,0.010168,0.000000
8961,1,0.010166,0.000000
8962,1,0.010163,0.000000
8963,1,0.010160,0.000000
8964,1,0.010157,0.000000
8965,1,0.010154,0.000000
8966,1,0.010152,0.000000
8967,1,0.010149,0.000000
8968,1,0.010146,0.000000
8969,1,0.010143,0.000000
8970,1,0.010140,0.000000
8971,1,0.010137,0.000000
8972,1,0.010135,0.000000
8973,1,0.010132,0.000000
8974,1,0.010129,0.000000
8975,1,0.010126,0.000000
8976,1,0.010123,0.000000
8977,1,0.010121,0.000000
8978,1,0.010118,0.000000
8979,1,0.010115,0.000000
8980,1,0.010112,0.000000
8981,1,0.010109,0.000000
8982,1,0.010107,0.000000
8983,1,0.010104,0.000000
8984,1,0.010101,0.000000
8985,1,0.010098,0.000000
8986,1,0.010095,0.000000
8987,1,0.010093,0.000000
8988,1,0.010090,0.000000
8989,1,0.010087,0.000000
8990,1,0.010084,0.000000
8991,1,0.010081,0.000000
8992,1,0.010079,0.000000
8993,1,0.010076,0.000000
8994,1,0.010073,0.000000
8995,1,0.010070,0.000000
8996,1,0.010067,0.000000
8997,1,0.010065,0.000000
8998,1,0.010062,0.000000
8999,1,0.010059,0.000000
9000,1,0.010056,0.000000
9001,1,0.010053,0.000000
9002,1,0.010051,0.000000
9003,1,0.010048,0.000000
9004,1,0.010045,0.000000
9005,1,0.010042,0.000000
9006,1,0.010039,0.000000
9007,1,0.010037,0.000000
9008,1,0.010034,0.000000
9009,1,0.010031,0.000000
9010,1,0.010028,0.000000
9011,1,0.010026,0.000000
9012,1,0.010023,0.000000
9013,1,0.010020,0.000000
9014,1,0.010017,0.000000
9015,1,0.010014,0.000000
9016,1,0.010012,0.000000
9017,1,0.010009,0.000000
9018,1,0.010006,0.000000
9019,1,0.010003,0.000000
9020,1,0.010001,0.000000
9021,1,0.009998,0.000000
9022,1,0.009995,0.000000
9023,1,0.009992,0.000000
9024,1,0.009989,0.000000
9025,1,0.009987,0.000000
9026,1,0.009984,0.000000
9027,1,0.009981,0.000000
9028,1,0.009978,0.000000
9029,1,0.009976,0.000000
9030,1,0.009973,0.000000
9031,1,0.009970,0.000000
9032,1,0.009967,0.000000
9033,1,0.009965,0.000000
9034,1,0.009962,0.000000
9035,1,0.009959,0.000000
9036,1,0.009956,0.000000
9037,1,0.009954,0.000000
9038,1,0.009951,0.000000
9039,1,0.009948,0.000000
9040,1,0.009945,0.000000
9041,1,0.009943,0.000000
9042,1,0.009940,0.000000
9043,1,0.009937,0.000000
9044,1,0.009934,0.000000
9045,1,0.009932,0.000000
9046,1,0.009929,0.000000
9047,1,0.009926,0.000000
9048,1,0.009923,0.000000
9049,1,0.009921,0.000000
9050,1,0.009918,0.000000
9051,1,0.009915,0.000000
9052,1,0.009912,0.000000
9053,1,0.009910,0.000000
9054,1,0.009907,0.000000
9055,1,0.009904,0.000000
9056,1,0.009901,0.000000
9057,1,0.009899,0.000000
9058,1,0.009896,0.000000
9059,1,0.009893,0.000000
9060,1,0.009890,0.000000
9061,1,0.009888,0.000000
9062,1,0.009885,0.000000
9063,1,0.009882,0.000000
9064,1,0.009880,0.000000
9065,1,0.009877,0.000000
9066,1,0.009874,0.000000
9067,1,0.009871,0.000000
9068,1,0.009869,0.000000
9069,1,0.009866,0.000000
9070,1,0.009863,0.000000
9071,1,0.009860,0.000000
9072,1,0.009858,0.000000
9073,1,0.009855,0.000000
9074,1,0.009852,0.000000
9075,1,0.009850,0.000000
9076,1,0.009847,0.000000
9077,1,0.009844,0.000000
9078,1,0.009841,0.000000
9079,1,0.009839,0.000000
9080,1,0.009836,0.000000
9081,1,0.009833,0.000000
9082,1,0.009831,0.000000
9083,1,0.009828,0.000000
9084,1,0.009825,0.000000
9085,1,0.009822,0.000000
9086,1,0.009820,0.000000
9087,1,0.009817,0.000000
9088,1,0.009814,0.000000
9089,1,0.009812,0.000000
9090,1,0.009809,0.000000
9091,1,0.009806,0.000000
9092,1,0.009803,0.000000
9093,1,0.009801,0.000000
9094,1,0.009798,0.000000
9095,1,0.009795,0.000000
9096,1,0.009793,0.000000
9097,1,0.009790,0.000000
9098,1,0.009787,0.000000
9099,1,0.009785,0.000000
9100,1,0.009782,0.000000
9101,1,0.009779,0.000000
9102,1,0.009776,0.000000
9103,1,0.009774,0.000000
9104,1,0.009771,0.000000
9105,1,0.009768,0.000000
9106,1,0.009766,0.000000
9107,1,0.009763,0.000000
9108,1,0.009760,0.000000
9109,1,0.009758,0.000000
9110,1,0.009755,0.000000
9111,1,0.009752,0.000000
9112,1,0.009750,0.000000
9113,1,0.009747,0.000000
9114,1,0.009744,0.000000
9115,1,0.009741,0.000000
9116,1,0.009739,0.000000
9117,1,0.009736,0.000000
9118,1,0.009733,0.000000
9119,1,0.009731,0.000000
9120,1,0.009728,0.000000
9121,1,0.009725,0.000000
9122,1,0.009723,0.000000
9123,1,0.009720,0.000000
9124,1,0.009717,0.000000
9125,1,0.009715,0.000000
9126,1,0.009712,0.000000
9127,1,0.009709,0.000000
9128,1,0.009707,0.000000
9129,1,0.009704,0.000000
9130,1,0.009701,0.000000
9131,1,0.009699,0.000000
9132,1,0.009696,0.000000
9133,1,0.009693,0.000000
9134,1,0.009691,0.000000
9135,1,0.009688,0.000000
9136,1,0.009685,0.000000
9137,1,0.009683,0.000000
9138,1,0.009680,0.000000
9139,1,0.009677,0.000000
9140,1,0.009675,0.000000
9141,1,0.009672,0.000000
9142,1,0.009669,0.000000
9143,1,0.009667,0.000000
9144,1,0.009664,0.000000
9145,1,0.009661,0.000000
9146,1,0.009659,0.000000
9147,1,0.009656,0.000000
9148,1,0.009653,0.000000
9149,1,0.009651,0.000000
9150,1,0.009648,0.000000
9151,1,0.009645,0.000000
9152,1,0.009643,0.000000
9153,1,0.009640,0.000000
9154,1,0.009637,0.000000
9155,1,0.009635,0.000000
9156,1,0.009632,0.000000
9157,1,0.009630,0.000000
9158,1,0.009627,0.000000
9159,1,0.009624,0.000000
9160,1,0.009622,0.000000
9161,1,0.009619,0.000000
9162,1,0.009616,0.000000
9163,1,0.009614,0.000000
9164,1,0.009611,0.000000
9165,1,0.009608,0.000000
9166,1,0.009606,0.000000
9167,1,0.009603,0.000000
9168,1,0.009600,0.000000
9169,1,0.009598,0.000000
9170,1,0.009595,0.000000
9171,1,0.009593,0.000000
9172,1,0.009590,0.000000
9173,1,0.009587,0.000000
9174,1,0.009585,0.000000
9175,1,0.009582,0.000000
9176,1,0.009579,0.000000
9177,1,0.009577,0.000000
9178,1,0.009574,0.000000
9179,1,0.009571,0.000000
9180,1,0.009569,0.000000
9181,1,0.009566,0.000000
9182,1,0.009564,0.000000
9183,1,0.009561,0.000000
9184,1,0.009558,0.000000
9185,1,0.009556,0.000000
9186,1,0.009553,0.000000
9187,1,0.009550,0.000000
9188,1,0.009548,0.000000
9189,1,0.009545,0.000000
9190,1,0.009543,0.000000
9191,1,0.009540,0.000000
9192,1,0.009537,0.000000
9193,1,0.009535,0.000000
9194,1,0.009532,0.000000
9195,1,0.009530,0.000000
9196,1,0.009527,0.000000
9197,1,0.009524,0.000000
9198,1,0.009522,0.000000
9199,1,0.009519,0.000000
9200,1,0.009516,0.000000
9201,1,0.009514,0.000000
9202,1,0.009511,0.000000
9203,1,0.009509,0.000000
9204,1,0.009506,0.000000
9205,1,0.009503,0.000000
9206,1,0.009501,0.000000
9207,1,0.009498,0.000000
9208,1,0.009496,0.000000
9209,1,0.009493,0.000000
9210,1,0.009490,0.000000
9211,1,0.009488,0.000000
9212,1,0.009485,0.000000
9213,1,0.009483,0.000000
9214,1,0.009480,0.000000
9215,1,0.009477,0.000000
9216,1,0.009475,0.000000
9217,1,0.009472,0.000000
9218,1,0.009470,0.000000
9219,1,0.009467,0.000000
9220,1,0.009464,0.000000
9221,1,0.009462,0.000000
9222,1,0.009459,0.000000
9223,1,0.009457,0.000000
9224,1,0.009454,0.000000
9225,1,0.009451,0.000000
9226,1,0.009449,0.000000
9227,1,0.009446,0.000000
9228,1,0.009444,0.000000
9229,1,0.009441,0.000000
9230,1,0.009439,0.000000
9231,1,0.009436,0.000000
9232,1,0.009433,0.000000
9233,1,0.009431,0.000000
9234,1,0.009428,0.000000
9235,1,0.009426,0.000000
9236,1,0.009423,0.000000
9237,1,0.009420,0.000000
9238,1,0.009418,0.000000
9239,1,0.009415,0.000000
9240,1,0.009413,0.000000
9241,1,0.009410,0.000000
9242,1,0.009408,0.000000
9243,1,0.009405,0.000000
9244,1,0.009402,0.000000
9245,1,0.009400,0.000000
9246,1,0.009397,0.000000
9247,1,0.009395,0.000000
9248,1,0.009392,0.000000
9249,1,0.009390,0.000000
9250,1,0.009387,0.000000
9251,1,0.009384,0.000000
9252,1,0.009382,0.000000
9253,1,0.009379,0.000000
9254,1,0.009377,0.000000
9255,1,0.009374,0.000000
9256,1,0.009372,0.000000
9257,1,0.009369,0.000000
9258,1,0.009366,0.000000
9259,1,0.009364,0.000000
9260,1,0.009361,0.000000
9261,1,0.009359,0.000000
9262,1,0.009356,0.000000
9263,1,0.009354,0.000000
9264,1,0.009351,0.000000
9265,1,0.009349,0.000000
9266,1,0.009346,0.000000
9267,1,0.009343,0.000000
9268,1,0.009341,0.000000
9269,1,0.009338,0.000000
9270,1,0.009336,0.000000
9271,1,0.009333,0.000000
9272,1,0.009331,0.000000
9273,1,0.009328,0.000000
9274,1,0.009326,0.000000
9275,1,0.009323,0.000000
9276,1,0.009321,0.000000
9277,1,0.009318,0.000000
9278,1,0.009315,0.000000
9279,1,0.009313,0.000000
9280,1,0.009310,0.000000
9281,1,0.009308,0.000000
9282,1,0.009305,0.000000
9283,1,0.009303,0.000000
9284,1,0.009300,0.000000
9285,1,0.009298,0.000000
9286,1,0.009295,0.000000
9287,1,0.009293,0.000000
9288,1,0.009290,0.000000
9289,1,0.009287,0.000000
9290,1,0.009285,0.000000
9291,1,0.009282,0.000000
9292,1,0.009280,0.000000
9293,1,0.009277,0.000000
9294,1,0.009275,0.000000
9295,1,0.009272,0.000000
9296,1,0.009270,0.000000
9297,1,0.009267,0.000000
9298,1,0.009265,0.000000
9299,1,0.009262,0.000000
9300,1,0.009260,0.000000
9301,1,0.009257,0.000000
9302,1,0.009255,0.000000
9303,1,0.009252,0.000000
9304,1,0.009250,0.000000
9305,1,0.009247,0.000000
9306,1,0.009244,0.000000
9307,1,0.009242,0.000000
9308,1,0.009239,0.000000
9309,1,0.009237,0.000000
9310,1,0.009234,0.000000
9311,1,0.009232,0.000000
9312,1,0.009229,0.000000
9313,1,0.009227,0.000000
9314,1,0.009224,0.000000
9315,1,0.009222,0.000000
9316,1,0.009219,0.000000
9317,1,0.009217,0.000000
9318,1,0.009214,0.000000
9319,1,0.009212,0.000000
9320,1,0.009209,0.000000
9321,1,0.009207,0.000000
9322,1,0.009204,0.000000
9323,1,0.009202,0.000000
9324,1,0.009199,0.000000
9325,1,0.009197,0.000000
9326,1,0.009194,0.000000
9327,1,0.009192,0.000000
9328,1,0.009189,0.000000
9329,1,0.009187,0.000000
9330,1,0.009184,0.000000
9331,1,0.009182,0.000000
9332,1,0.009179,0.000000
9333,1,0.009177,0.000000
9334,1,0.009174,0.000000
9335,1,0.009172,0.000000
9336,1,0.009169,0.000000
9337,1,0.009167,0.000000
9338,1,0.009164,0.000000
9339,1,0.009162,0.000000
9340,1,0.009159,0.000000
9341,1,0.009157,0.000000
9342,1,0.009154,0.000000
9343,1,0.009152,0.000000
9344,1,0.009149,0.000000
9345,1,0.009147,0.000000
9346,1,0.009144,0.000000
9347,1,0.009142,0.000000
9348,1,0.009139,0.000000
9349,1,0.009137,0.000000
9350,1,0.009134,0.000000
9351,1,0.009132,0.000000
9352,1,0.009129,0.000000
9353,1,0.009127,0.000000
9354,1,0.009124,0.000000
9355,1,0.009122,0.000000
9356,1,0.009119,0.000000
9357,1,0.009117,0.000000
9358,1,0.009114,0.000000
9359,1,0.009112,0.000000
9360,1,0.009109,0.000000
9361,1,0.009107,0.000000
9362,1,0.009104,0.000000
9363,1,0.009102,0.000000
9364,1,0.009100,0.000000
9365,1,0.009097,0.000000
9366,1,0.009095,0.000000
9367,1,0.009092,0.000000
9368,1,0.009090,0.000000
9369,1,0.009087,0.000000
9370,1,0.009085,0.000000
9371,1,0.009082,0.000000
9372,1,0.009080,0.000000
9373,1,0.009077,0.000000
9374,1,0.009075,0.000000
9375,1,0.009072,0.000000
9376,1,0.009070,0.000000
9377,1,0.009067,0.000000
9378,1,0.009065,0.000000
9379,1,0.009062,0.000000
9380,1,0.009060,0.000000
9381,1,0.009058,0.000000
9382,1,0.009055,0.000000
9383,1,0.009053,0.000000
9384,1,0.009050,0.000000
9385,1,0.009048,0.000000
9386,1,0.009045,0.000000
9387,1,0.009043,0.000000
9388,1,0.009040,0.000000
9389,1,0.009038,0.000000
9390,1,0.009035,0.000000
9391,1,0.009033,0.000000
9392,1,0.009031,0.000000
9393,1,0.009028,0.000000
9394,1,0.009026,0.000000
9395,1,0.009023,0.000000
9396,1,0.009021,0.000000
9397,1,0.009018,0.000000
9398,1,0.009016,0.000000
9399,1,0.009013,0.000000
9400,1,0.009011,0.000000
9401,1,0.009008,0.000000
9402,1,0.009006,0.000000
9403,1,0.009004,0.000000
9404,1,0.009001,0.000000
9405,1,0.008999,0.000000
9406,1,0.008996,0.000000
9407,1,0.008994,0.000000
9408,1,0.008991,0.000000
9409,1,0.008989,0.000000
9410,1,0.008986,0.000000
9411,1,0.008984,0.000000
9412,1,0.008982,0.000000
9413,1,0.008979,0.000000
9414,1,0.008977,0.000000
9415,1,0.008974,0.000000
9416,1,0.008972,0.000000
9417,1,0.008969,0.000000
9418,1,0.008967,0.000000
9419,1,0.008965,0.000000
9420,1,0.008962,0.000000
9421,1,0.008960,0.000000
9422,1,0.008957,0.000000
9423,1,0.008955,0.000000
9424,1,0.008952,0.000000
9425,1,0.008950,0.000000
9426,1,0.008948,0.000000
9427,1,0.008945,0.000000
9428,1,0.008943,0.000000
9429,1,0.008940,0.000000
9430,1,0.008938,0.000000
9431,1,0.008935,0.000000
9432,1,0.008933,0.000000
9433,1,0.008931,0.000000
9434,1,0.008928,0.000000
9435,1,0.008926,0.000000
9436,1,0.008923,0.000000
9437,1,0.008921,0.000000
9438,1,0.008918,0.000000
9439,1,0.008916,0.000000
9440,1,0.008914,0.000000
9441,1,0.008911,0.000000
9442,1,0.008909,0.000000
9443,1,0.008906,0.000000
9444,1,0.008904,0.000000
9445,1,0.008902,0.000000
9446,1,0.008899,0.000000
9447,1,0.008897,0.000000
9448,1,0.008894,0.000000
9449,1,0.008892,0.000000
9450,1,0.008890,0.000000
9451,1,0.008887,0.000000
9452,1,0.008885,0.000000
9453,1,0.008882,0.000000
9454,1,0.008880,0.000000
9455,1,0.008877,0.000000
9456,1,0.008875,0.000000
9457,1,0.008873,0.000000
9458,1,0.008870,0.000000
9459,1,0.008868,0.000000
9460,1,0.008865,0.000000
9461,1,0.008863,0.000000
9462,1,0.008861,0.000000
9463,1,0.008858,0.000000
9464,1,0.008856,0.000000
9465,1,0.008853,0.000000
9466,1,0.008851,0.000000
9467,1,0.008849,0.000000
9468,1,0.008846,0.000000
9469,1,0.008844,0.000000
9470,1,0.008841,0.000000
9471,1,0.008839,0.000000
9472,1,0.008837,0.000000
9473,1,0.008834,0.000000
9474,1,0.008832,0.000000
9475,1,0.008830,0.000000
9476,1,0.008827,0.000000
9477,1,0.008825,0.000000
9478,1,0.008822,0.000000
9479,1,0.008820,0.000000
9480,1,0.008818,0.000000
9481,1,0.008815,0.000000
9482,1,0.008813,0.000000
9483,1,0.008810,0.000000
9484,1,0.008808,0.000000
9485,1,0.008806,0.000000
9486,1,0.008803,0.000000
9487,1,0.008801,0.000000
9488,1,0.008799,0.000000
9489,1,0.008796,0.000000
9490,1,0.008794,0.000000
9491,1,0.008791,0.000000
9492,1,0.008789,0.000000
9493,1,0.008787,0.000000
9494,1,0.008784,0.000000
9495,1,0.008782,0.000000
9496,1,0.008780,0.000000
9497,1,0.008777,0.000000
9498,1,0.008775,0.000000
9499,1,0.008772,0.000000
9500,1,0.008770,0.000000
9501,1,0.008768,0.000000
9502,1,0.008765,0.000000
9503,1,0.008763,0.000000
9504,1,0.008761,0.000000
9505,1,0.008758,0.000000
9506,1,0.008756,0.000000
9507,1,0.008753,0.000000
9508,1,0.008751,0.000000
9509,1,0.008749,0.000000
9510,1,0.008746,0.000000
9511,1,0.008744,0.000000
9512,1,0.008742,0.000000
9513,1,0.008739,0.000000
9514,1,0.008737,0.000000
9515,1,0.008735,0.000000
9516,1,0.008732,0.000000
9517,1,0.008730,0.000000
9518,1,0.008727,0.000000
9519,1,0.008725,0.000000
9520,1,0.008723,0.000000
9521,1,0.008720,0.000000
9522,1,0.008718,0.000000
9523,1,0.008716,0.000000
9524,1,0.008713,0.000000
9525,1,0.008711,0.000000
9526,1,0.008709,0.000000
9527,1,0.008706,0.000000
9528,1,0.008704,0.000000
9529,1,0.008702,0.000000
9530,1,0.008699,0.000000
9531,1,0.008697,0.000000
9532,1,0.008695,0.000000
9533,1,0.008692,0.000000
9534,1,0.008690,0.000000
9535,1,0.008687,0.000000
9536,1,0.008685,0.000000
9537,1,0.008683,0.000000
9538,1,0.008680,0.000000
9539,1,0.008678,0.000000
9540,1,0.008676,0.000000
9541,1,0.008673,0.000000
9542,1,0.008671,0.000000
9543,1,0.008669,0.000000
9544,1,0.008666,0.000000
9545,1,0.008664,0.000000
9546,1,0.008662,0.000000
9547,1,0.008659,0.000000
9548,1,0.008657,0.000000
9549,1,0.008655,0.000000
9550,1,0.008652,0.000000
9551,1,0.008650,0.000000
9552,1,0.008648,0.000000
9553,1,0.008645,0.000000
9554,1,0.008643,0.000000
9555,1,0.008641,0.000000
9556,1,0.008638,0.000000
9557,1,0.008636,0.000000
9558,1,0.008634,0.000000
9559,1,0.008631,0.000000
9560,1,0.008629,0.000000
9561,1,0.008627,0.000000
9562,1,0.008624,0.000000
9563,1,0.008622,0.000000
9564,1,0.008620,0.000000
9565,1,0.008617,0.000000
9566,1,0.008615,0.000000
9567,1,0.008613,0.000000
9568,1,0.008610,0.000000
9569,1,0.008608,0.000000
9570,1,0.008606,0.000000
9571,1,0.008604,0.000000
9572,1,0.008601,0.000000
9573,1,0.008599,0.000000
9574,1,0.008597,0.000000
9575,1,0.008594,0.000000
9576,1,0.008592,0.000000
9577,1,0.008590,0.000000
9578,1,0.008587,0.000000
9579,1,0.008585,0.000000
9580,1,0.008583,0.000000
9581,1,0.008580,0.000000
9582,1,0.008578,0.000000
9583,1,0.008576,0.000000
9584,1,0.008573,0.000000
9585,1,0.008571,0.000000
9586,1,0.008569,0.000000
9587,1,0.008567,0.000000
9588,1,0.008564,0.000000
9589,1,0.008562,0.000000
9590,1,0.008560,0.000000
9591,1,0.008557,0.000000
9592,1,0.008555,0.000000
9593,1,0.008553,0.000000
9594,1,0.008550,0.000000
9595,1,0.008548,0.000000
9596,1,0.008546,0.000000
9597,1,0.008543,0.000000
9598,1,0.008541,0.000000
9599,1,0.008539,0.000000
9600,1,0.008537,0.000000
9601,1,0.008534,0.000000
9602,1,0.008532,0.000000
9603,1,0.008530,0.000000
9604,1,0.008527,0.000000
9605,1,0.008525,0.000000
9606,1,0.008523,0.000000
9607,1,0.008521,0.000000
9608,1,0.008518,0.000000
9609,1,0.008516,0.000000
9610,1,0.008514,0.000000
9611,1,0.008511,0.000000
9612,1,0.008509,0.000000
9613,1,0.008507,0.000000
9614,1,0.008504,0.000000
9615,1,0.008502,0.000000
9616,1,0.008500,0.000000
9617,1,0.008498,0.000000
9618,1,0.008495,0.000000
9619,1,0.008493,0.000000
9620,1,0.008491,0.000000
9621,1,0.008488,0.000000
9622,1,0.008486,0.000000
9623,1,0.008484,0.000000
9624,1,0.008482,0.000000
9625,1,0.008479,0.000000
9626,1,0.008477,0.000000
9627,1,0.008475,0.000000
9628,1,0.008473,0.000000
9629,1,0.008470,0.000000
9630,1,0.008468,0.000000
9631,1,0.008466,0.000000
9632,1,0.008463,0.000000
9633,1,0.008461,0.000000
9634,1,0.008459,0.000000
9635,1,0.008457,0.000000
9636,1,0.008454,0.000000
9637,1,0.008452,0.000000
9638,1,0.008450,0.000000
9639,1,0.008448,0.000000
9640,1,0.008445,0.000000
9641,1,0.008443,0.000000
9642,1,0.008441,0.000000
9643,1,0.008438,0.000000
9644,1,0.008436,0.000000
9645,1,0.008434,0.000000
9646,1,0.008432,0.000000
9647,1,0.008429,0.000000
9648,1,0.008427,0.000000
9649,1,0.008425,0.000000
9650,1,0.008423,0.000000
9651,1,0.008420,0.000000
9652,1,0.008418,0.000000
9653,1,0.008416,0.000000
9654,1,0.008414,0.000000
9655,1,0.008411,0.000000
9656,1,0.008409,0.000000
9657,1,0.008407,0.000000
9658,1,0.008405,0.000000
9659,1,0.008402,0.000000
9660,1,0.008400,0.000000
9661,1,0.008398,0.000000
9662,1,0.008395,0.000000
9663,1,0.008393,0.000000
9664,1,0.008391,0.000000
9665,1,0.008389,0.000000
9666,1,0.008386,0.000000
9667,1,0.008384,0.000000
9668,1,0.008382,0.000000
9669,1,0.008380,0.000000
9670,1,0.008377,0.000000
9671,1,0.008375,0.000000
9672,1,0.008373,0.000000
9673,1,0.008371,0.000000
9674,1,0.008368,0.000000
9675,1,0.008366,0.000000
9676,1,0.008364,0.000000
9677,1,0.008362,0.000000
9678,1,0.008360,0.000000
9679,1,0.008357,0.000000
9680,1,0.008355,0.000000
9681,1,0.008353,0.000000
9682,1,0.008351,0.000000
9683,1,0.008348,0.000000
9684,1,0.008346,0.000000
9685,1,0.008344,0.000000
9686,1,0.008342,0.000000
9687,1,0.008339,0.000000
9688,1,0.008337,0.000000
9689,1,0.008335,0.000000
9690,1,0.008333,0.000000
9691,1,0.008330,0.000000
9692,1,0.008328,0.000000
9693,1,0.008326,0.000000
9694,1,0.008324,0.000000
9695,1,0.008321,0.000000
9696,1,0.008319,0.000000
9697,1,0.008317,0.000000
9698,1,0.008315,0.000000
9699,1,0.008313,0.000000
9700,1,0.008310,0.000000
9701,1,0.008308,0.000000
9702,1,0.008306,0.000000
9703,1,0.008304,0.000000
9704,1,0.008301,0.000000
9705,1,0.008299,0.000000
9706,1,0.008297,0.000000
9707,1,0.008295,0.000000
9708,1,0.008293,0.000000
9709,1,0.008290,0.000000
9710,1,0.008288,0.000000
9711,1,0.008286,0.000000
9712,1,0.008284,0.000000
9713,1,0.008281,0.000000
9714,1,0.008279,0.000000
9715,1,0.008277,0.000000
9716,1,0.008275,0.000000
9717,1,0.008273,0.000000
9718,1,0.008270,0.000000
9719,1,0.008268,0.000000
9720,1,0.008266,0.000000
9721,1,0.008264,0.000000
9722,1,0.008261,0.000000
9723,1,0.008259,0.000000
9724,1,0.008257,0.000000
9725,1,0.008255,0.000000
9726,1,0.008253,0.000000
9727,1,0.008250,0.000000
9728,1,0.008248,0.000000
9729,1,0.008246,0.000000
9730,1,0.008244,0.000000
9731,1,0.008242,0.000000
9732,1,0.008239,0.000000
9733,1,0.008237,0.000000
9734,1,0.008235,0.000000
9735,1,0.008233,0.000000
9736,1,0.008231,0.000000
9737,1,0.008228,0.000000
9738,1,0.008226,0.000000
9739,1,0.008224,0.000000
9740,1,0.008222,0.000000
9741,1,0.008220,0.000000
9742,1,0.008217,0.000000
9743,1,0.008215,0.000000
9744,1,0.008213,0.000000
9745,1,0.008211,0.000000
9746,1,0.008209,0.000000
9747,1,0.008206,0.000000
9748,1,0.008204,0.000000
9749,1,0.008202,0.000000
9750,1,0.008200,0.000000
9751,1,0.008198,0.000000
9752,1,0.008195,0.000000
9753,1,0.008193,0.000000
9754,1,0.008191,0.000000
9755,1,0.008189,0.000000
9756,1,0.008187,0.000000
9757,1,0.008184,0.000000
9758,1,0.008182,0.000000
9759,1,0.008180,0.000000
9760,1,0.008178,0.000000
9761,1,0.008176,0.000000
9762,1,0.008174,0.000000
9763,1,0.008171,0.000000
9764,1,0.008169,0.000000
9765,1,0.008167,0.000000
9766,1,0.008165,0.000000
9767,1,0.008163,0.000000
9768,1,0.008160,0.000000
9769,1,0.008158,0.000000
9770,1,0.008156,0.000000
9771,1,0.008154,0.000000
9772,1,0.008152,0.000000
9773,1,0.008150,0.000000
9774,1,0.008147,0.000000
9775,1,0.008145,0.000000
9776,1,0.008143,0.000000
9777,1,0.008141,0.000000
9778,1,0.008139,0.000000
9779,1,0.008136,0.000000
9780,1,0.008134,0.000000
9781,1,0.008132,0.000000
9782,1,0.008130,0.000000
9783,1,0.008128,0.000000
9784,1,0.008126,0.000000
9785,1,0.008123,0.000000
9786,1,0.008121,0.000000
9787,1,0.008119,0.000000
9788,1,0.008117,0.000000
9789,1,0.008115,0.000000
9790,1,0.008113,0.000000
9791,1,0.008110,0.000000
9792,1,0.008108,0.000000
9793,1,0.008106,0.000000
9794,1,0.008104,0.000000
9795,1,0.008102,0.000000
9796,1,0.008100,0.000000
9797,1,0.008097,0.000000
9798,1,0.008095,0.000000
9799,1,0.008093,0.000000
9800,1,0.008091,0.000000
9801,1,0.008089,0.000000
9802,1,0.008087,0.000000
9803,1,0.008084,0.000000
9804,1,0.008082,0.000000
9805,1,0.008080,0.000000
9806,1,0.008078,0.000000
9807,1,0.008076,0.000000
9808,1,0.008074,0.000000
9809,1,0.008072,0.000000
9810,1,0.008069,0.000000
9811,1,0.008067,0.000000
9812,1,0.008065,0.000000
9813,1,0.008063,0.000000
9814,1,0.008061,0.000000
9815,1,0.008059,0.000000
9816,1,0.008056,0.000000
9817,1,0.008054,0.000000
9818,1,0.008052,0.000000
9819,1,0.008050,0.000000
9820,1,0.008048,0.000000
9821,1,0.008046,0.000000
9822,1,0.008044,0.000000
9823,1,0.008041,0.000000
9824,1,0.008039,0.000000
9825,1,0.008037,0.000000
9826,1,0.008035,0.000000
9827,1,0.008033,0.000000
9828,1,0.008031,0.000000
9829,1,0.008029,0.000000
9830,1,0.008026,0.000000
9831,1,0.008024,0.000000
9832,1,0.008022,0.000000
9833,1,0.008020,0.000000
9834,1,0.008018,0.000000
9835,1,0.008016,0.000000
9836,1,0.008014,0.000000
9837,1,0.008011,0.000000
9838,1,0.008009,0.000000
9839,1,0.008007,0.000000
9840,1,0.008005,0.000000
9841,1,0.008003,0.000000
9842,1,0.008001,0.000000
9843,1,0.007999,0.000000
9844,1,0.007997,0.000000
9845,1,0.007994,0.000000
9846,1,0.007992,0.000000
9847,1,0.007990,0.000000
9848,1,0.007988,0.000000
9849,1,0.007986,0.000000
9850,1,0.007984,0.000000
9851,1,0.007982,0.000000
9852,1,0.007980,0.000000
9853,1,0.007977,0.000000
9854,1,0.007975,0.000000
9855,1,0.007973,0.000000
9856,1,0.007971,0.000000
9857,1,0.007969,0.000000
9858,1,0.007967,0.000000
9859,1,0.007965,0.000000
9860,1,0.007963,0.000000
9861,1,0.007960,0.000000
9862,1,0.007958,0.000000
9863,1,0.007956,0.000000
9864,1,0.007954,0.000000
9865,1,0.007952,0.000000
9866,1,0.007950,0.000000
9867,1,0.007948,0.000000
9868,1,0.007946,0.000000
9869,1,0.007943,0.000000
9870,1,0.007941,0.000000
9871,1,0.007939,0.000000
9872,1,0.007937,0.000000
9873,1,0.007935,0.000000
9874,1,0.007933,0.000000
9875,1,0.007931,0.000000
9876,1,0.007929,0.000000
9877,1,0.007927,0.000000
9878,1,0.007924,0.000000
9879,1,0.007922,0.000000
9880,1,0.007920,0.000000
9881,1,0.007918,0.000000
9882,1,0.007916,0.000000
9883,1,0.007914,0.000000
9884,1,0.007912,0.000000
9885,1,0.007910,0.000000
9886,1,0.007908,0.000000
9887,1,0.007905,0.000000
9888,1,0.007903,0.000000
9889,1,0.007901,0.000000
9890,1,0.007899,0.000000
9891,1,0.007897,0.000000
9892,1,0.007895,0.000000
9893,1,0.007893,0.000000
9894,0,0.007891,0.000000
9895,1,0.007987,0.000000
9896,1,0.008074,0.000000
9897,1,0.008153,0.000000
9898,1,0.008225,0.000000
9899,1,0.008290,0.000000
9900,1,0.008350,0.000000
9901,1,0.008404,0.000000
9902,1,0.008453,0.000000
9903,1,0.008498,0.000000
9904,1,0.008540,0.000000
9905,1,0.008577,0.000000
9906,1,0.008612,0.000000
9907,1,0.008643,0.000000
9908,1,0.008672,0.000000
9909,1,0.008698,0.000000
9910,1,0.008722,0.000000
9911,1,0.008744,0.000000
9912,1,0.008763,0.000000
9913,1,0.008781,0.000000
9914,1,0.008797,0.000074
9915,1,0.008812,0.000267
9916,1,0.008824,0.000552
9917,1,0.008836,0.000907
9918,1,0.008846,0.001314
9919,1,0.008854,0.001756
9920,1,0.008862,0.002218
9921,1,0.008869,0.002686
9922,1,0.008874,0.003138
9923,1,0.008879,0.003537
9924,1,0.008883,0.003863
9925,1,0.008887,0.004107
9926,1,0.008889,0.004269
9927,1,0.008892,0.004353
9928,1,0.008894,0.004369
9929,1,0.008895,0.004326
9930,1,0.008896,0.004235
9931,1,0.008897,0.004108
9932,1,0.008897,0.003954
9933,1,0.008897,0.003784
9934,1,0.008897,0.003605
9935,1,0.008896,0.003425
9936,1,0.008896,0.003249
9937,1,0.008895,0.003082
9938,1,0.008894,0.002928
9939,1,0.008893,0.002789
9940,1,0.008891,0.002666
9941,1,0.008890,0.002560
9942,1,0.008888,0.002471
9943,1,0.008887,0.002399
9944,1,0.008885,0.002341
9945,1,0.008883,0.002296
9946,1,0.008881,0.002264
9947,1,0.008879,0.002241
9948,1,0.008877,0.002226
9949,1,0.008875,0.002217
9950,1,0.008872,0.002205
9951,1,0.008870,0.002185
9952,1,0.008868,0.002153
9953,1,0.008865,0.002107
9954,1,0.008863,0.002049
9955,1,0.008860,0.001979
9956,1,0.008858,0.001900
9957,1,0.008855,0.001813
9958,1,0.008853,0.001722
9959,1,0.008850,0.001628
9960,1,0.008847,0.001534
9961,1,0.008845,0.001441
9962,1,0.008842,0.001351
9963,1,0.008840,0.001265
9964,1,0.008837,0.001184
9965,1,0.008834,0.001109
9966,1,0.008832,0.001040
9967,1,0.008829,0.000978
9968,1,0.008826,0.000923
9969,1,0.008823,0.000873
9970,1,0.008821,0.000830
9971,1,0.008818,0.000793
9972,1,0.008815,0.000761
9973,1,0.008812,0.000733
9974,1,0.008810,0.000710
9975,1,0.008807,0.000690
9976,1,0.008804,0.000674
9977,1,0.008801,0.000658
9978,1,0.008799,0.000642
9979,1,0.008796,0.000625
9980,1,0.008793,0.000605
9981,1,0.008790,0.000584
9982,1,0.008788,0.000560
9983,1,0.008785,0.000534
9984,1,0.008782,0.000507
9985,1,0.008779,0.000480
9986,1,0.008777,0.000452
9987,1,0.008774,0.000425
9988,1,0.008771,0.000398
9989,1,0.008768,0.000372
9990,1,0.008765,0.000347
9991,1,0.008763,0.000324
9992,1,0.008760,0.000302
9993,1,0.008757,0.000283
9994,1,0.008754,0.000265
9995,1,0.008752,0.000249
9996,1,0.008749,0.000234
9997,1,0.008746,0.000222
9998,1,0.008743,0.000210
9999,1,0.008741,0.000201
10000,1,0.008738,0.000192
10001,1,0.008735,0.000185
10002,1,0.008732,0.000179
10003,1,0.008730,0.000174
10004,1,0.008727,0.000169
10005,1,0.008724,0.000164
10006,1,0.008721,0.000159
10007,1,0.008718,0.000154
10008,1,0.008716,0.000148
10009,1,0.008713,0.000142
10010,1,0.008710,0.000135
10011,1,0.008707,0.000128
10012,1,0.008705,0.000121
10013,1,0.008702,0.000114
10014,1,0.008699,0.000107
10015,1,0.008696,0.000100
10016,1,0.008694,0.000093
10017,1,0.008691,0.000087
10018,1,0.008688,0.000081
10019,1,0.008685,0.000076
10020,1,0.008683,0.000071
10021,1,0.008680,0.000066
10022,1,0.008677,0.000062
10023,1,0.008675,0.000058
10024,1,0.008672,0.000055
10025,1,0.008669,0.000052
10026,1,0.008666,0.000050
10027,1,0.008664,0.000048
10028,1,0.008661,0.000046
10029,1,0.008658,0.000044
10030,1,0.008655,0.000043
10031,1,0.008653,0.000042
10032,1,0.008650,0.000040
10033,1,0.008647,0.000039
10034,1,0.008644,0.000038
10035,1,0.008642,0.000036
10036,1,0.008639,0.000035
10037,1,0.008636,0.000033
10038,1,0.008634,0.000031
10039,1,0.008631,0.000030
10040,1,0.008628,0.000028
10041,1,0.008625,0.000026
10042,1,0.008623,0.000024
10043,1,0.008620,0.000023
10044,1,0.008617,0.000021
10045,1,0.008615,0.000020
10046,1,0.008612,0.000018
10047,1,0.008609,0.000017
10048,1,0.008606,0.000016
10049,1,0.008604,0.000015
10050,1,0.008601,0.000014
10051,1,0.008598,0.000013
10052,1,0.008596,0.000013
10053,1,0.008593,0.000012
10054,1,0.008590,0.000012
10055,1,0.008587,0.000011
10056,1,0.008585,0.000011
10057,1,0.008582,0.000011
10058,1,0.008579,0.000010
10059,1,0.008577,0.000010
10060,1,0.008574,0.000010
10061,1,0.008571,0.000009
10062,1,0.008569,0.000009
10063,1,0.008566,0.000008
10064,1,0.008563,0.000008
10065,1,0.008561,0.000008
10066,1,0.008558,0.000007
10067,1,0.008555,0.000007
10068,1,0.008552,0.000006
10069,1,0.008550,0.000006
10070,1,0.008547,0.000005
10071,1,0.008544,0.000005
10072,1,0.008542,0.000005
10073,1,0.008539,0.000004
10074,1,0.008536,0.000004
10075,1,0.008534,0.000004
10076,1,0.008531,0.000004
10077,1,0.008528,0.000003
10078,1,0.008526,0.000003
10079,1,0.008523,0.000003
10080,1,0.008520,0.000003
10081,1,0.008518,0.000003
10082,1,0.008515,0.000003
10083,1,0.008512,0.000003
10084,1,0.008510,0.000003
10085,1,0.008507,0.000003
10086,1,0.008504,0.000002
10087,1,0.008502,0.000002
10088,1,0.008499,0.000002
10089,1,0.008496,0.000002
10090,1,0.008494,0.000002
10091,1,0.008491,0.000002
10092,1,0.008488,0.000002
10093,1,0.008486,0.000002
10094,1,0.008483,0.000002
10095,1,0.008480,0.000002
10096,1,0.008478,0.000001
10097,1,0.008475,0.000001
10098,1,0.008473,0.000001
10099,1,0.008470,0.000001
10100,1,0.008467,0.000001
10101,1,0.008465,0.000001
10102,1,0.008462,0.000001
10103,1,0.008459,0.000001
10104,1,0.008457,0.000001
10105,1,0.008454,0.000001
10106,1,0.008451,0.000001
10107,1,0.008449,0.000001
10108,1,0.008446,0.000001
10109,1,0.008443,0.000001
10110,1,0.008441,0.000001
10111,1,0.008438,0.000001
10112,1,0.008436,0.000001
10113,1,0.008433,0.000001
10114,1,0.008430,0.000001
10115,1,0.008428,0.000001
10116,1,0.008425,0.000001
10117,1,0.008422,0.000000
10118,1,0.008420,0.000000
10119,1,0.008417,0.000000
10120,1,0.008415,0.000000
10121,1,0.008412,0.000000
10122,1,0.008409,0.000000
10123,1,0.008407,0.000000
10124,1,0.008404,0.000000
10125,1,0.008401,0.000000
10126,1,0.008399,0.000000
10127,1,0.008396,0.000000
10128,1,0.008394,0.000000
10129,1,0.008391,0.000000
10130,1,0.008388,0.000000
10131,1,0.008386,0.000000
10132,1,0.008383,0.000000
10133,1,0.008381,0.000000
10134,1,0.008378,0.000000
10135,1,0.008375,0.000000
10136,1,0.008373,0.000000
10137,1,0.008370,0.000000
10138,1,0.008368,0.000000
10139,1,0.008365,0.000000
10140,1,0.008362,0.000000
10141,1,0.008360,0.000000
10142,1,0.008357,0.000000
10143,1,0.008355,0.000000
10144,1,0.008352,0.000000
10145,1,0.008349,0.000000
10146,1,0.008347,0.000000
10147,1,0.008344,0.000000
10148,1,0.008342,0.000000
10149,1,0.008339,0.000000
10150,1,0.008336,0.000000
10151,1,0.008334,0.000000
10152,1,0.008331,0.000000
10153,1,0.008329,0.000000
10154,1,0.008326,0.000000
10155,1,0.008323,0.000000
10156,1,0.008321,0.000000
10157,1,0.008318,0.000000
10158,1,0.008316,0.000000
10159,1,0.008313,0.000000
10160,1,0.008311,0.000000
10161,1,0.008308,0.000000
10162,1,0.008305,0.000000
10163,1,0.008303,0.000000
10164,1,0.008300,0.000000
10165,1,0.008298,0.000000
10166,1,0.008295,0.000000
10167,1,0.008293,0.000000
10168,1,0.008290,0.000000
10169,1,0.008287,0.000000
10170,1,0.008285,0.000000
10171,1,0.008282,0.000000
10172,1,0.008280,0.000000
10173,1,0.008277,0.000000
10174,1,0.008275,0.000000
10175,1,0.008272,0.000000
10176,1,0.008269,0.000000
10177,1,0.008267,0.000000
10178,1,0.008264,0.000000
10179,1,0.008262,0.000000
10180,1,0.008259,0.000000
10181,1,0.008257,0.000000
10182,1,0.008254,0.000000
10183,1,0.008252,0.000000
10184,1,0.008249,0.000000
10185,1,0.008246,0.000000
10186,1,0.008244,0.000000
10187,1,0.008241,0.000000
10188,1,0.008239,0.000000
10189,1,0.008236,0.000000
10190,1,0.008234,0.000000
10191,1,0.008231,0.000000
10192,1,0.008229,0.000000
10193,1,0.008226,0.000000
10194,1,0.008224,0.000000
10195,1,0.008221,0.000000
10196,1,0.008218,0.000000
10197,1,0.008216,0.000000
10198,1,0.008213,0.000000
10199,1,0.008211,0.000000
10200,1,0.008208,0.000000
10201,1,0.008206,0.000000
10202,1,0.008203,0.000000
10203,1,0.008201,0.000000
10204,1,0.008198,0.000000
10205,1,0.008196,0.000000
10206,1,0.008193,0.000000
10207,1,0.008191,0.000000
10208,1,0.008188,0.000000
10209,1,0.008186,0.000000
10210,1,0.008183,0.000000
10211,1,0.008181,0.000000
10212,1,0.008178,0.000000
10213,1,0.008176,0.000000
10214,1,0.008173,0.000000
10215,1,0.008170,0.000000
10216,1,0.008168,0.000000
10217,1,0.008165,0.000000
10218,1,0.008163,0.000000
10219,1,0.008160,0.000000
10220,1,0.008158,0.000000
10221,1,0.008155,0.000000
10222,1,0.008153,0.000000
10223,1,0.008150,0.000000
10224,1,0.008148,0.000000
10225,1,0.008145,0.000000
10226,1,0.008143,0.000000
10227,1,0.008140,0.000000
10228,1,0.008138,0.000000
10229,1,0.008135,0.000000
10230,1,0.008133,0.000000
10231,1,0.008130,0.000000
10232,1,0.008128,0.000000
10233,1,0.008125,0.000000
10234,1,0.008123,0.000000
10235,1,0.008120,0.000000
10236,1,0.008118,0.000000
10237,1,0.008115,0.000000
10238,1,0.008113,0.000000
10239,1,0.008110,0.000000
10240,1,0.008108,0.000000
10241,1,0.008105,0.000000
10242,1,0.008103,0.000000
10243,1,0.008100,0.000000
10244,1,0.008098,0.000000
10245,1,0.008095,0.000000
10246,1,0.008093,0.000000
10247,1,0.008090,0.000000
10248,1,0.008088,0.000000
10249,1,0.008086,0.000000
10250,1,0.008083,0.000000
10251,1,0.008081,0.000000
10252,1,0.008078,0.000000
10253,1,0.008076,0.000000
10254,1,0.008073,0.000000
10255,1,0.008071,0.000000
10256,1,0.008068,0.000000
10257,1,0.008066,0.000000
10258,1,0.008063,0.000000
10259,1,0.008061,0.000000
10260,1,0.008058,0.000000
10261,1,0.008056,0.000000
10262,1,0.008053,0.000000
10263,1,0.008051,0.000000
10264,1,0.008048,0.000000
10265,1,0.008046,0.000000
10266,1,0.008044,0.000000
10267,1,0.008041,0.000000
10268,1,0.008039,0.000000
10269,1,0.008036,0.000000
10270,1,0.008034,0.000000
10271,1,0.008031,0.000000
10272,1,0.008029,0.000000
10273,1,0.008026,0.000000
10274,1,0.008024,0.000000
10275,1,0.008021,0.000000
10276,1,0.008019,0.000000
10277,1,0.008016,0.000000
10278,1,0.008014,0.000000
10279,1,0.008012,0.000000
10280,1,0.008009,0.000000
10281,1,0.008007,0.000000
10282,1,0.008004,0.000000
10283,1,0.008002,0.000000
10284,1,0.007999,0.000000
10285,1,0.007997,0.000000
10286,1,0.007994,0.000000
10287,1,0.007992,0.000000
10288,1,0.007990,0.000000
10289,1,0.007987,0.000000
10290,1,0.007985,0.000000
10291,1,0.007982,0.000000
10292,1,0.007980,0.000000
10293,1,0.007977,0.000000
10294,1,0.007975,0.000000
10295,1,0.007973,0.000000
10296,1,0.007970,0.000000
10297,1,0.007968,0.000000
10298,1,0.007965,0.000000
10299,1,0.007963,0.000000
10300,1,0.007960,0.000000
10301,1,0.007958,0.000000
10302,1,0.007956,0.000000
10303,1,0.007953,0.000000
10304,1,0.007951,0.000000
10305,1,0.007948,0.000000
10306,1,0.007946,0.000000
10307,1,0.007943,0.000000
10308,1,0.007941,0.000000
10309,1,0.007939,0.000000
10310,1,0.007936,0.000000
10311,1,0.007934,0.000000
10312,1,0.007931,0.000000
10313,1,0.007929,0.000000
10314,1,0.007927,0.000000
10315,1,0.007924,0.000000
10316,1,0.007922,0.000000
10317,1,0.007919,0.000000
10318,1,0.007917,0.000000
10319,1,0.007914,0.000000
10320,1,0.007912,0.000000
10321,1,0.007910,0.000000
10322,1,0.007907,0.000000
10323,1,0.007905,0.000000
10324,1,0.007902,0.000000
10325,1,0.007900,0.000000
10326,1,0.007898,0.000000
10327,1,0.007895,0.000000
10328,1,0.007893,0.000000
10329,1,0.007890,0.000000
10330,1,0.007888,0.000000
10331,1,0.007886,0.000000
10332,1,0.007883,0.000000
10333,1,0.007881,0.000000
10334,1,0.007878,0.000000
10335,1,0.007876,0.000000
10336,1,0.007874,0.000000
10337,1,0.007871,0.000000
10338,1,0.007869,0.000000
10339,1,0.007867,0.000000
10340,1,0.007864,0.000000
10341,1,0.007862,0.000000
10342,1,0.007859,0.000000
10343,1,0.007857,0.000000
10344,1,0.007855,0.000000
10345,1,0.007852,0.000000
10346,1,0.007850,0.000000
10347,1,0.007847,0.000000
10348,1,0.007845,0.000000
10349,1,0.007843,0.000000
10350,1,0.007840,0.000000
10351,1,0.007838,0.000000
10352,1,0.007836,0.000000
10353,1,0.007833,0.000000
10354,1,0.007831,0.000000
10355,1,0.007828,0.000000
10356,1,0.007826,0.000000
10357,1,0.007824,0.000000
10358,1,0.007821,0.000000
10359,1,0.007819,0.000000
10360,1,0.007817,0.000000
10361,1,0.007814,0.000000
10362,1,0.007812,0.000000
10363,1,0.007809,0.000000
10364,1,0.007807,0.000000
10365,1,0.007805,0.000000
10366,1,0.007802,0.000000
10367,1,0.007800,0.000000
10368,1,0.007798,0.000000
10369,1,0.007795,0.000000
10370,1,0.007793,0.000000
10371,1,0.007791,0.000000
10372,1,0.007788,0.000000
10373,1,0.007786,0.000000
10374,1,0.007784,0.000000
10375,1,0.007781,0.000000
10376,1,0.007779,0.000000
10377,1,0.007776,0.000000
10378,1,0.007774,0.000000
10379,1,0.007772,0.000000
10380,1,0.007769,0.000000
10381,1,0.007767,0.000000
10382,1,0.007765,0.000000
10383,1,0.007762,0.000000
10384,1,0.007760,0.000000
10385,1,0.007758,0.000000
10386,1,0.007755,0.000000
10387,1,0.007753,0.000000
10388,1,0.007751,0.000000
10389,1,0.007748,0.000000
10390,1,0.007746,0.000000
10391,1,0.007744,0.000000
10392,1,0.007741,0.000000
10393,1,0.007739,0.000000
10394,1,0.007737,0.000000
10395,1,0.007734,0.000000
10396,1,0.007732,0.000000
10397,1,0.007730,0.000000
10398,1,0.007727,0.000000
10399,1,0.007725,0.000000
10400,1,0.007723,0.000000
10401,1,0.007720,0.000000
10402,1,0.007718,0.000000
10403,1,0.007716,0.000000
10404,1,0.007713,0.000000
10405,1,0.007711,0.000000
10406,1,0.007709,0.000000
10407,1,0.007706,0.000000
10408,1,0.007704,0.000000
10409,1,0.007702,0.000000
10410,1,0.007699,0.000000
10411,1,0.007697,0.000000
10412,1,0.007695,0.000000
10413,1,0.007692,0.000000
10414,1,0.007690,0.000000
10415,1,0.007688,0.000000
10416,1,0.007686,0.000000
10417,1,0.007683,0.000000
10418,1,0.007681,0.000000
10419,1,0.007679,0.000000
10420,1,0.007676,0.000000
10421,1,0.007674,0.000000
10422,1,0.007672,0.000000
10423,1,0.007669,0.000000
10424,1,0.007667,0.000000
10425,1,0.007665,0.000000
10426,1,0.007662,0.000000
10427,1,0.007660,0.000000
10428,1,0.007658,0.000000
10429,1,0.007656,0.000000
10430,1,0.007653,0.000000
10431,1,0.007651,0.000000
10432,1,0.007649,0.000000
10433,1,0.007646,0.000000
10434,1,0.007644,0.000000
10435,1,0.007642,0.000000
10436,1,0.007639,0.000000
10437,1,0.007637,0.000000
10438,1,0.007635,0.000000
10439,1,0.007633,0.000000
10440,1,0.007630,0.000000
10441,1,0.007628,0.000000
10442,1,0.007626,0.000000
10443,1,0.007623,0.000000
10444,1,0.007621,0.000000
10445,1,0.007619,0.000000
10446,1,0.007617,0.000000
10447,1,0.007614,0.000000
10448,1,0.007612,0.000000
10449,1,0.007610,0.000000
10450,1,0.007607,0.000000
10451,1,0.007605,0.000000
10452,1,0.007603,0.000000
10453,1,0.007601,0.000000
10454,1,0.007598,0.000000
10455,1,0.007596,0.000000
10456,1,0.007594,0.000000
10457,1,0.007592,0.000000
10458,1,0.007589,0.000000
10459,1,0.007587,0.000000
10460,1,0.007585,0.000000
10461,1,0.007582,0.000000
10462,1,0.007580,0.000000
10463,1,0.007578,0.000000
10464,1,0.007576,0.000000
10465,1,0.007573,0.000000
10466,1,0.007571,0.000000
10467,1,0.007569,0.000000
10468,1,0.007567,0.000000
10469,1,0.007564,0.000000
10470,1,0.007562,0.000000
10471,1,0.007560,0.000000
10472,1,0.007557,0.000000
10473,1,0.007555,0.000000
10474,1,0.007553,0.000000
10475,1,0.007551,0.000000
10476,1,0.007548,0.000000
10477,1,0.007546,0.000000
10478,1,0.007544,0.000000
10479,1,0.007542,0.000000
10480,1,0.007539,0.000000
10481,1,0.007537,0.000000
10482,1,0.007535,0.000000
10483,1,0.007533,0.000000
10484,1,0.007530,0.000000
10485,1,0.007528,0.000000
10486,1,0.007526,0.000000
10487,1,0.007524,0.000000
10488,1,0.007521,0.000000
10489,1,0.007519,0.000000
10490,1,0.007517,0.000000
10491,1,0.007515,0.000000
10492,1,0.007512,0.000000
10493,1,0.007510,0.000000
10494,1,0.007508,0.000000
10495,1,0.007506,0.000000
10496,1,0.007503,0.000000
10497,1,0.007501,0.000000
10498,1,0.007499,0.000000
10499,1,0.007497,0.000000
10500,1,0.007495,0.000000
10501,1,0.007492,0.000000
10502,1,0.007490,0.000000
10503,1,0.007488,0.000000
10504,1,0.007486,0.000000
10505,1,0.007483,0.000000
10506,1,0.007481,0.000000
10507,1,0.007479,0.000000
10508,1,0.007477,0.000000
10509,1,0.007474,0.000000
10510,1,0.007472,0.000000
10511,1,0.007470,0.000000
10512,1,0.007468,0.000000
10513,1,0.007466,0.000000
10514,1,0.007463,0.000000
10515,1,0.007461,0.000000
10516,1,0.007459,0.000000
10517,1,0.007457,0.000000
10518,1,0.007454,0.000000
10519,1,0.007452,0.000000
10520,1,0.007450,0.000000
10521,1,0.007448,0.000000
10522,1,0.007446,0.000000
10523,1,0.007443,0.000000
10524,1,0.007441,0.000000
10525,1,0.007439,0.000000
10526,1,0.007437,0.000000
10527,1,0.007434,0.000000
10528,1,0.007432,0.000000
10529,1,0.007430,0.000000
10530,1,0.007428,0.000000
10531,1,0.007426,0.000000
10532,1,0.007423,0.000000
10533,1,0.007421,0.000000
10534,1,0.007419,0.000000
10535,1,0.007417,0.000000
10536,1,0.007415,0.000000
10537,1,0.007412,0.000000
10538,1,0.007410,0.000000
10539,1,0.007408,0.000000
10540,1,0.007406,0.000000
10541,1,0.007404,0.000000
10542,1,0.007401,0.000000
10543,1,0.007399,0.000000
10544,1,0.007397,0.000000
10545,1,0.007395,0.000000
10546,1,0.007393,0.000000
10547,1,0.007390,0.000000
10548,1,0.007388,0.000000
10549,1,0.007386,0.000000
10550,1,0.007384,0.000000
10551,1,0.007382,0.000000
10552,1,0.007379,0.000000
10553,1,0.007377,0.000000
10554,1,0.007375,0.000000
10555,1,0.007373,0.000000
10556,1,0.007371,0.000000
10557,1,0.007369,0.000000
10558,1,0.007366,0.000000
10559,1,0.007364,0.000000
10560,1,0.007362,0.000000
10561,1,0.007360,0.000000
10562,1,0.007358,0.000000
10563,1,0.007355,0.000000
10564,1,0.007353,0.000000
10565,1,0.007351,0.000000
10566,1,0.007349,0.000000
10567,1,0.007347,0.000000
10568,1,0.007345,0.000000
10569,1,0.007342,0.000000
10570,1,0.007340,0.000000
10571,1,0.007338,0.000000
10572,1,0.007336,0.000000
10573,1,0.007334,0.000000
10574,1,0.007332,0.000000
10575,1,0.007329,0.000000
10576,1,0.007327,0.000000
10577,1,0.007325,0.000000
10578,1,0.007323,0.000000
10579,1,0.007321,0.000000
10580,1,0.007319,0.000000
10581,1,0.007316,0.000000
10582,1,0.007314,0.000000
10583,1,0.007312,0.000000
10584,1,0.007310,0.000000
10585,1,0.007308,0.000000
10586,1,0.007306,0.000000
10587,1,0.007303,0.000000
10588,1,0.007301,0.000000
10589,1,0.007299,0.000000
10590,1,0.007297,0.000000
10591,1,0.007295,0.000000
10592,1,0.007293,0.000000
10593,1,0.007290,0.000000
10594,1,0.007288,0.000000
10595,1,0.007286,0.000000
10596,1,0.007284,0.000000
10597,1,0.007282,0.000000
10598,1,0.007280,0.000000
10599,1,0.007278,0.000000
10600,1,0.007275,0.000000
10601,1,0.007273,0.000000
10602,1,0.007271,0.000000
10603,1,0.007269,0.000000
10604,1,0.007267,0.000000
10605,1,0.007265,0.000000
10606,1,0.007262,0.000000
10607,1,0.007260,0.000000
10608,1,0.007258,0.000000
10609,1,0.007256,0.000000
10610,1,0.007254,0.000000
10611,1,0.007252,0.000000
10612,1,0.007250,0.000000
10613,1,0.007248,0.000000
10614,1,0.007245,0.000000
10615,1,0.007243,0.000000
10616,1,0.007241,0.000000
10617,1,0.007239,0.000000
10618,1,0.007237,0.000000
10619,1,0.007235,0.000000
10620,1,0.007233,0.000000
10621,1,0.007230,0.000000
10622,1,0.007228,0.000000
10623,1,0.007226,0.000000
10624,1,0.007224,0.000000
10625,1,0.007222,0.000000
10626,1,0.007220,0.000000
10627,1,0.007218,0.000000
10628,1,0.007216,0.000000
10629,1,0.007213,0.000000
10630,1,0.007211,0.000000
10631,1,0.007209,0.000000
10632,1,0.007207,0.000000
10633,1,0.007205,0.000000
10634,1,0.007203,0.000000
10635,1,0.007201,0.000000
10636,1,0.007199,0.000000
10637,1,0.007196,0.000000
10638,1,0.007194,0.000000
10639,1,0.007192,0.000000
10640,1,0.007190,0.000000
10641,1,0.007188,0.000000
10642,1,0.007186,0.000000
10643,1,0.007184,0.000000
10644,1,0.007182,0.000000
10645,1,0.007180,0.000000
10646,1,0.007177,0.000000
10647,1,0.007175,0.000000
10648,1,0.007173,0.000000
10649,1,0.007171,0.000000
10650,1,0.007169,0.000000
10651,1,0.007167,0.000000
10652,1,0.007165,0.000000
10653,1,0.007163,0.000000
10654,1,0.007161,0.000000
10655,1,0.007158,0.000000
10656,1,0.007156,0.000000
10657,1,0.007154,0.000000
10658,1,0.007152,0.000000
10659,1,0.007150,0.000000
10660,1,0.007148,0.000000
10661,1,0.007146,0.000000
10662,1,0.007144,0.000000
10663,1,0.007142,0.000000
10664,1,0.007140,0.000000
10665,1,0.007137,0.000000
10666,1,0.007135,0.000000
10667,1,0.007133,0.000000
10668,1,0.007131,0.000000
10669,1,0.007129,0.000000
10670,1,0.007127,0.000000
10671,1,0.007125,0.000000
10672,1,0.007123,0.000000
10673,1,0.007121,0.000000
10674,1,0.007119,0.000000
10675,1,0.007117,0.000000
10676,1,0.007114,0.000000
10677,1,0.007112,0.000000
10678,1,0.007110,0.000000
10679,1,0.007108,0.000000
10680,1,0.007106,0.000000
10681,1,0.007104,0.000000
10682,1,0.007102,0.000000
10683,1,0.007100,0.000000
10684,1,0.007098,0.000000
10685,1,0.007096,0.000000
10686,1,0.007094,0.000000
10687,1,0.007092,0.000000
10688,1,0.007090,0.000000
10689,1,0.007087,0.000000
10690,1,0.007085,0.000000
10691,1,0.007083,0.000000
10692,1,0.007081,0.000000
10693,1,0.007079,0.000000
10694,1,0.007077,0.000000
10695,1,0.007075,0.000000
10696,1,0.007073,0.000000
10697,1,0.007071,0.000000
10698,1,0.007069,0.000000
10699,1,0.007067,0.000000
10700,1,0.007065,0.000000
10701,1,0.007063,0.000000
10702,1,0.007061,0.000000
10703,1,0.007058,0.000000
10704,1,0.007056,0.000000
10705,1,0.007054,0.000000
10706,1,0.007052,0.000000
10707,1,0.007050,0.000000
10708,1,0.007048,0.000000
10709,1,0.007046,0.000000
10710,1,0.007044,0.000000
10711,1,0.007042,0.000000
10712,1,0.007040,0.000000
10713,1,0.007038,0.000000
10714,1,0.007036,0.000000
10715,1,0.007034,0.000000
10716,1,0.007032,0.000000
10717,1,0.007030,0.000000
10718,1,0.007028,0.000000
10719,1,0.007026,0.000000
10720,1,0.007023,0.000000
10721,1,0.007021,0.000000
10722,1,0.007019,0.000000
10723,1,0.007017,0.000000
10724,1,0.007015,0.000000
10725,1,0.007013,0.000000
10726,1,0.007011,0.000000
10727,1,0.007009,0.000000
10728,1,0.007007,0.000000
10729,1,0.007005,0.000000
10730,1,0.007003,0.000000
10731,1,0.007001,0.000000
10732,1,0.006999,0.000000
10733,1,0.006997,0.000000
10734,1,0.006995,0.000000
10735,1,0.006993,0.000000
10736,1,0.006991,0.000000
10737,1,0.006989,0.000000
10738,1,0.006987,0.000000
10739,1,0.006985,0.000000
10740,1,0.006983,0.000000
10741,1,0.006981,0.000000
10742,1,0.006979,0.000000
10743,1,0.006977,0.000000
10744,1,0.006974,0.000000
10745,1,0.006972,0.000000
10746,1,0.006970,0.000000
10747,1,0.006968,0.000000
10748,1,0.006966,0.000000
10749,1,0.006964,0.000000
10750,1,0.006962,0.000000
10751,1,0.006960,0.000000
10752,1,0.006958,0.000000
10753,1,0.006956,0.000000
10754,1,0.006954,0.000000
10755,1,0.006952,0.000000
10756,1,0.006950,0.000000
10757,1,0.006948,0.000000
10758,1,0.006946,0.000000
10759,1,0.006944,0.000000
10760,1,0.006942,0.000000
10761,1,0.006940,0.000000
10762,1,0.006938,0.000000
10763,1,0.006936,0.000000
10764,1,0.006934,0.000000
10765,1,0.006932,0.000000
10766,1,0.006930,0.000000
10767,1,0.006928,0.000000
10768,1,0.006926,0.000000
10769,1,0.006924,0.000000
10770,1,0.006922,0.000000
10771,1,0.006920,0.000000
10772,1,0.006918,0.000000
10773,1,0.006916,0.000000
10774,1,0.006914,0.000000
10775,1,0.006912,0.000000
10776,1,0.006910,0.000000
10777,1,0.006908,0.000000
10778,1,0.006906,0.000000
10779,1,0.006904,0.000000
10780,1,0.006902,0.000000
10781,1,0.006900,0.000000
10782,1,0.006898,0.000000
10783,1,0.006896,0.000000
10784,1,0.006894,0.000000
10785,1,0.006892,0.000000
10786,1,0.006890,0.000000
10787,1,0.006888,0.000000
10788,1,0.006886,0.000000
10789,1,0.006884,0.000000
10790,1,0.006882,0.000000
10791,1,0.006880,0.000000
10792,1,0.006878,0.000000
10793,1,0.006876,0.000000
10794,1,0.006874,0.000000
10795,1,0.006872,0.000000
10796,1,0.006870,0.000000
10797,1,0.006868,0.000000
10798,1,0.006866,0.000000
10799,1,0.006864,0.000000
10800,1,0.006862,0.000000
10801,1,0.006860,0.000000
10802,1,0.006858,0.000000
10803,1,0.006856,0.000000
10804,1,0.006854,0.000000
10805,1,0.006852,0.000000
10806,1,0.006850,0.000000
10807,1,0.006848,0.000000
10808,1,0.006846,0.000000
10809,1,0.006844,0.000000
10810,1,0.006842,0.000000
10811,1,0.006840,0.000000
10812,1,0.006838,0.000000
10813,1,0.006836,0.000000
10814,1,0.006834,0.000000
10815,1,0.006832,0.000000
10816,1,0.006830,0.000000
10817,1,0.006828,0.000000
10818,1,0.006826,0.000000
10819,1,0.006824,0.000000
10820,1,0.006822,0.000000
10821,1,0.006820,0.000000
10822,1,0.006818,0.000000
10823,1,0.006816,0.000000
10824,1,0.006814,0.000000
10825,1,0.006812,0.000000
10826,1,0.006810,0.000000
10827,1,0.006808,0.000000
10828,1,0.006806,0.000000
10829,1,0.006805,0.000000
10830,1,0.006803,0.000000
10831,1,0.006801,0.000000
10832,1,0.006799,0.000000
10833,1,0.006797,0.000000
10834,1,0.006795,0.000000
10835,1,0.006793,0.000000
10836,1,0.006791,0.000000
10837,1,0.006789,0.000000
10838,1,0.006787,0.000000
10839,1,0.006785,0.000000
10840,1,0.006783,0.000000
10841,1,0.006781,0.000000
10842,1,0.006779,0.000000
10843,1,0.006777,0.000000
10844,1,0.006775,0.000000
10845,1,0.006773,0.000000
10846,1,0.006771,0.000000
10847,1,0.006769,0.000000
10848,1,0.006767,0.000000
10849,1,0.006765,0.000000
10850,1,0.006763,0.000000
10851,1,0.006761,0.000000
10852,1,0.006759,0.000000
10853,1,0.006757,0.000000
10854,1,0.006756,0.000000
10855,1,0.006754,0.000000
10856,1,0.006752,0.000000
10857,1,0.006750,0.000000
10858,1,0.006748,0.000000
10859,1,0.006746,0.000000
10860,1,0.006744,0.000000
10861,1,0.006742,0.000000
10862,1,0.006740,0.000000
10863,1,0.006738,0.000000
10864,1,0.006736,0.000000
10865,1,0.006734,0.000000
10866,1,0.006732,0.000000
10867,1,0.006730,0.000000
10868,1,0.006728,0.000000
10869,1,0.006726,0.000000
10870,1,0.006724,0.000000
10871,1,0.006723,0.000000
10872,1,0.006721,0.000000
10873,1,0.006719,0.000000
10874,1,0.006717,0.000000
10875,1,0.006715,0.000000
10876,1,0.006713,0.000000
10877,1,0.006711,0.000000
10878,1,0.006709,0.000000
10879,1,0.006707,0.000000
10880,1,0.006705,0.000000
10881,1,0.006703,0.000000
10882,1,0.006701,0.000000
10883,1,0.006699,0.000000
10884,1,0.006697,0.000000
10885,1,0.006695,0.000000
10886,1,0.006694,0.000000
10887,1,0.006692,0.000000
10888,1,0.006690,0.000000
10889,1,0.006688,0.000000
10890,1,0.006686,0.000000
10891,1,0.006684,0.000000
10892,1,0.006682,0.000000
10893,1,0.006680,0.000000
10894,1,0.006678,0.000000
10895,1,0.006676,0.000000
10896,1,0.006674,0.000000
10897,1,0.006672,0.000000
10898,1,0.006670,0.000000
10899,1,0.006669,0.000000
10900,1,0.006667,0.000000
10901,1,0.006665,0.000000
10902,1,0.006663,0.000000
10903,1,0.006661,0.000000
10904,1,0.006659,0.000000
10905,1,0.006657,0.000000
10906,1,0.006655,0.000000
10907,1,0.006653,0.000000
10908,1,0.006651,0.000000
10909,1,0.006649,0.000000
10910,1,0.006647,0.000000
10911,1,0.006646,0.000000
10912,1,0.006644,0.000000
10913,1,0.006642,0.000000
10914,1,0.006640,0.000000
10915,1,0.006638,0.000000
10916,1,0.006636,0.000000
10917,1,0.006634,0.000000
10918,1,0.006632,0.000000
10919,1,0.006630,0.000000
10920,1,0.006628,0.000000
10921,1,0.006627,0.000000
10922,1,0.006625,0.000000
10923,1,0.006623,0.000000
10924,1,0.006621,0.000000
10925,1,0.006619,0.000000
10926,1,0.006617,0.000000
10927,1,0.006615,0.000000
10928,1,0.006613,0.000000
10929,1,0.006611,0.000000
10930,1,0.006609,0.000000
10931,1,0.006608,0.000000
10932,1,0.006606,0.000000
10933,1,0.006604,0.000000
10934,1,0.006602,0.000000
10935,1,0.006600,0.000000
10936,1,0.006598,0.000000
10937,1,0.006596,0.000000
10938,1,0.006594,0.000000
10939,1,0.006592,0.000000
10940,1,0.006591,0.000000
10941,1,0.006589,0.000000
10942,1,0.006587,0.000000
10943,1,0.006585,0.000000
10944,1,0.006583,0.000000
10945,1,0.006581,0.000000
10946,1,0.006579,0.000000
10947,1,0.006577,0.000000
10948,1,0.006575,0.000000
10949,1,0.006574,0.000000
10950,1,0.006572,0.000000
10951,1,0.006570,0.000000
10952,1,0.006568,0.000000
10953,1,0.006566,0.000000
10954,1,0.006564,0.000000
10955,1,0.006562,0.000000
10956,1,0.006560,0.000000
10957,1,0.006559,0.000000
10958,1,0.006557,0.000000
10959,1,0.006555,0.000000
10960,1,0.006553,0.000000
10961,1,0.006551,0.000000
10962,1,0.006549,0.000000
10963,1,0.006547,0.000000
10964,1,0.006545,0.000000
10965,1,0.006544,0.000000
10966,1,0.006542,0.000000
10967,1,0.006540,0.000000
10968,1,0.006538,0.000000
10969,1,0.006536,0.000000
10970,1,0.006534,0.000000
10971,1,0.006532,0.000000
10972,1,0.006530,0.000000
10973,1,0.006529,0.000000
10974,1,0.006527,0.000000
10975,1,0.006525,0.000000
10976,1,0.006523,0.000000
10977,1,0.006521,0.000000
10978,1,0.006519,0.000000
10979,1,0.006517,0.000000
10980,1,0.006516,0.000000
10981,1,0.006514,0.000000
10982,1,0.006512,0.000000
10983,1,0.006510,0.000000
10984,1,0.006508,0.000000
10985,1,0.006506,0.000000
10986,1,0.006504,0.000000
10987,1,0.006503,0.000000
10988,1,0.006501,0.000000
10989,1,0.006499,0.000000
10990,1,0.006497,0.000000
10991,1,0.006495,0.000000
10992,1,0.006493,0.000000
10993,1,0.006491,0.000000
10994,1,0.006490,0.000000
10995,1,0.006488,0.000000
10996,1,0.006486,0.000000
10997,1,0.006484,0.000000
10998,1,0.006482,0.000000
10999,1,0.006480,0.000000
11000,1,0.006478,0.000000
11001,1,0.006477,0.000000
11002,1,0.006475,0.000000
11003,1,0.006473,0.000000
11004,1,0.006471,0.000000
11005,1,0.006469,0.000000
11006,1,0.006467,0.000000
11007,1,0.006466,0.000000
11008,1,0.006464,0.000000
11009,1,0.006462,0.000000
11010,1,0.006460,0.000000
11011,1,0.006458,0.000000
11012,1,0.006456,0.000000
11013,1,0.006454,0.000000
11014,1,0.006453,0.000000
11015,1,0.006451,0.000000
11016,1,0.006449,0.000000
11017,1,0.006447,0.000000
11018,1,0.006445,0.000000
11019,1,0.006443,0.000000
11020,1,0.006442,0.000000
11021,1,0.006440,0.000000
11022,1,0.006438,0.000000
11023,1,0.006436,0.000000
11024,1,0.006434,0.000000
11025,1,0.006432,0.000000
11026,1,0.006431,0.000000
11027,1,0.006429,0.000000
11028,1,0.006427,0.000000
11029,1,0.006425,0.000000
11030,1,0.006423,0.000000
11031,1,0.006422,0.000000
11032,1,0.006420,0.000000
11033,1,0.006418,0.000000
11034,1,0.006416,0.000000
11035,1,0.006414,0.000000
11036,1,0.006412,0.000000
11037,1,0.006411,0.000000
11038,1,0.006409,0.000000
11039,1,0.006407,0.000000
11040,1,0.006405,0.000000
11041,1,0.006403,0.000000
11042,1,0.006401,0.000000
11043,1,0.006400,0.000000
11044,1,0.006398,0.000000
11045,1,0.006396,0.000000
11046,1,0.006394,0.000000
11047,1,0.006392,0.000000
11048,1,0.006391,0.000000
11049,1,0.006389,0.000000
11050,1,0.006387,0.000000
11051,1,0.006385,0.000000
11052,1,0.006383,0.000000
11053,1,0.006381,0.000000
11054,1,0.006380,0.000000
11055,1,0.006378,0.000000
11056,1,0.006376,0.000000
11057,1,0.006374,0.000000
11058,1,0.006372,0.000000
11059,1,0.006371,0.000000
11060,1,0.006369,0.000000
11061,1,0.006367,0.000000
11062,1,0.006365,0.000000
11063,1,0.006363,0.000000
11064,1,0.006362,0.000000
11065,1,0.006360,0.000000
11066,1,0.006358,0.000000
11067,1,0.006356,0.000000
11068,1,0.006354,0.000000
11069,1,0.006353,0.000000
11070,1,0.006351,0.000000
11071,1,0.006349,0.000000
11072,1,0.006347,0.000000
11073,1,0.006345,0.000000
11074,1,0.006344,0.000000
11075,1,0.006342,0.000000
11076,1,0.006340,0.000000
11077,1,0.006338,0.000000
11078,1,0.006336,0.000000
11079,1,0.006335,0.000000
11080,1,0.006333,0.000000
11081,1,0.006331,0.000000
11082,1,0.006329,0.000000
11083,1,0.006327,0.000000
11084,1,0.006326,0.000000
11085,1,0.006324,0.000000
11086,1,0.006322,0.000000
11087,1,0.006320,0.000000
11088,1,0.006318,0.000000
11089,1,0.006317,0.000000
11090,1,0.006315,0.000000
11091,1,0.006313,0.000000
11092,1,0.006311,0.000000
11093,1,0.006309,0.000000
11094,1,0.006308,0.000000
11095,1,0.006306,0.000000
11096,1,0.006304,0.000000
11097,1,0.006302,0.000000
11098,1,0.006301,0.000000
11099,1,0.006299,0.000000
11100,1,0.006297,0.000000
11101,1,0.006295,0.000000
11102,1,0.006293,0.000000
11103,1,0.006292,0.000000
11104,1,0.006290,0.000000
11105,1,0.006288,0.000000
11106,1,0.006286,0.000000
11107,1,0.006285,0.000000
11108,1,0.006283,0.000000
11109,1,0.006281,0.000000
11110,1,0.006279,0.000000
11111,1,0.006277,0.000000
11112,1,0.006276,0.000000
11113,1,0.006274,0.000000
11114,1,0.006272,0.000000
11115,1,0.006270,0.000000
11116,1,0.006269,0.000000
11117,1,0.006267,0.000000
11118,1,0.006265,0.000000
11119,1,0.006263,0.000000
11120,1,0.006261,0.000000
11121,1,0.006260,0.000000
11122,1,0.006258,0.000000
11123,1,0.006256,0.000000
11124,1,0.006254,0.000000
11125,1,0.006253,0.000000
11126,1,0.006251,0.000000
11127,1,0.006249,0.000000
11128,1,0.006247,0.000000
11129,1,0.006246,0.000000
11130,1,0.006244,0.000000
11131,1,0.006242,0.000000
11132,1,0.006240,0.000000
11133,1,0.006239,0.000000
11134,1,0.006237,0.000000
11135,1,0.006235,0.000000
11136,1,0.006233,0.000000
11137,1,0.006231,0.000000
11138,1,0.006230,0.000000
11139,1,0.006228,0.000000
11140,1,0.006226,0.000000
11141,1,0.006224,0.000000
11142,1,0.006223,0.000000
11143,1,0.006221,0.000000
11144,1,0.006219,0.000000
11145,1,0.006217,0.000000
11146,1,0.006216,0.000000
11147,1,0.006214,0.000000
11148,1,0.006212,0.000000
11149,1,0.006210,0.000000
11150,1,0.006209,0.000000
11151,1,0.006207,0.000000
11152,1,0.006205,0.000000
11153,1,0.006203,0.000000
11154,1,0.006202,0.000000
11155,1,0.006200,0.000000
11156,1,0.006198,0.000000
11157,1,0.006196,0.000000
11158,1,0.006195,0.000000
11159,1,0.006193,0.000000
11160,1,0.006191,0.000000
11161,1,0.006189,0.000000
11162,1,0.006188,0.000000
11163,1,0.006186,0.000000
11164,1,0.006184,0.000000
11165,1,0.006182,0.000000
11166,1,0.006181,0.000000
11167,1,0.006179,0.000000
11168,1,0.006177,0.000000
11169,1,0.006176,0.000000
11170,1,0.006174,0.000000
11171,1,0.006172,0.000000
11172,1,0.006170,0.000000
11173,1,0.006169,0.000000
11174,1,0.006167,0.000000
11175,1,0.006165,0.000000
11176,1,0.006163,0.000000
11177,1,0.006162,0.000000
11178,1,0.006160,0.000000
11179,1,0.006158,0.000000
11180,1,0.006156,0.000000
11181,1,0.006155,0.000000
11182,1,0.006153,0.000000
11183,1,0.006151,0.000000
11184,1,0.006149,0.000000
11185,1,0.006148,0.000000
11186,1,0.006146,0.000000
11187,1,0.006144,0.000000
11188,1,0.006143,0.000000
11189,1,0.006141,0.000000
11190,1,0.006139,0.000000
11191,1,0.006137,0.000000
11192,1,0.006136,0.000000
11193,1,0.006134,0.000000
11194,1,0.006132,0.000000
11195,1,0.006131,0.000000
11196,1,0.006129,0.000000
11197,1,0.006127,0.000000
11198,1,0.006125,0.000000
11199,1,0.006124,0.000000
11200,1,0.006122,0.000000
11201,1,0.006120,0.000000
11202,1,0.006118,0.000000
11203,1,0.006117,0.000000
11204,1,0.006115,0.000000
11205,1,0.006113,0.000000
11206,1,0.006112,0.000000
11207,1,0.006110,0.000000
11208,1,0.006108,0.000000
11209,1,0.006106,0.000000
11210,1,0.006105,0.000000
11211,1,0.006103,0.000000
11212,1,0.006101,0.000000
11213,1,0.006100,0.000000
11214,1,0.006098,0.000000
11215,1,0.006096,0.000000
11216,1,0.006094,0.000000
11217,1,0.006093,0.000000
11218,1,0.006091,0.000000
11219,1,0.006089,0.000000
11220,1,0.006088,0.000000
11221,1,0.006086,0.000000
11222,1,0.006084,0.000000
11223,1,0.006083,0.000000
11224,1,0.006081,0.000000
11225,1,0.006079,0.000000
11226,1,0.006077,0.000000
11227,1,0.006076,0.000000
11228,1,0.006074,0.000000
11229,1,0.006072,0.000000
11230,1,0.006071,0.000000
11231,1,0.006069,0.000000
11232,1,0.006067,0.000000
11233,1,0.006065,0.000000
11234,1,0.006064,0.000000
11235,1,0.006062,0.000000
11236,1,0.006060,0.000000
11237,1,0.006059,0.000000
11238,1,0.006057,0.000000
11239,1,0.006055,0.000000
11240,1,0.006054,0.000000
11241,1,0.006052,0.000000
11242,1,0.006050,0.000000
11243,1,0.006048,0.000000
11244,1,0.006047,0.000000
11245,1,0.006045,0.000000
11246,1,0.006043,0.000000
11247,1,0.006042,0.000000
11248,1,0.006040,0.000000
11249,1,0.006038,0.000000
11250,1,0.006037,0.000000
11251,1,0.006035,0.000000
11252,1,0.006033,0.000000
11253,1,0.006032,0.000000
11254,1,0.006030,0.000000
11255,1,0.006028,0.000000
11256,1,0.006027,0.000000
11257,1,0.006025,0.000000
11258,1,0.006023,0.000000
11259,1,0.006021,0.000000
11260,1,0.006020,0.000000
11261,1,0.006018,0.000000
11262,1,0.006016,0.000000
11263,1,0.006015,0.000000
11264,1,0.006013,0.000000
11265,1,0.006011,0.000000
11266,1,0.006010,0.000000
11267,1,0.006008,0.000000
11268,1,0.006006,0.000000
11269,1,0.006005,0.000000
11270,1,0.006003,0.000000
11271,1,0.006001,0.000000
11272,1,0.006000,0.000000
11273,1,0.005998,0.000000
11274,1,0.005996,0.000000
11275,1,0.005995,0.000000
11276,1,0.005993,0.000000
11277,1,0.005991,0.000000
11278,1,0.005990,0.000000
11279,1,0.005988,0.000000
11280,1,0.005986,0.000000
11281,1,0.005985,0.000000
11282,1,0.005983,0.000000
11283,1,0.005981,0.000000
11284,1,0.005980,0.000000
11285,1,0.005978,0.000000
11286,1,0.005976,0.000000
11287,1,0.005974,0.000000
11288,1,0.005973,0.000000
11289,1,0.005971,0.000000
11290,1,0.005969,0.000000
11291,1,0.005968,0.000000
11292,1,0.005966,0.000000
11293,1,0.005964,0.000000
11294,1,0.005963,0.000000
11295,1,0.005961,0.000000
11296,1,0.005960,0.000000
11297,1,0.005958,0.000000
11298,1,0.005956,0.000000
11299,1,0.005955,0.000000
11300,1,0.005953,0.000000
11301,1,0.005951,0.000000
11302,1,0.005950,0.000000
11303,1,0.005948,0.000000
11304,1,0.005946,0.000000
11305,1,0.005945,0.000000
11306,1,0.005943,0.000000
11307,1,0.005941,0.000000
11308,1,0.005940,0.000000
11309,1,0.005938,0.000000
11310,1,0.005936,0.000000
11311,1,0.005935,0.000000
11312,1,0.005933,0.000000
11313,1,0.005931,0.000000
11314,1,0.005930,0.000000
11315,1,0.005928,0.000000
11316,1,0.005926,0.000000
11317,1,0.005925,0.000000
11318,1,0.005923,0.000000
11319,1,0.005921,0.000000
11320,1,0.005920,0.000000
11321,1,0.005918,0.000000
11322,1,0.005916,0.000000
11323,1,0.005915,0.000000
11324,1,0.005913,0.000000
11325,1,0.005912,0.000000
11326,1,0.005910,0.000000
11327,1,0.005908,0.000000
11328,1,0.005907,0.000000
11329,1,0.005905,0.000000
11330,1,0.005903,0.000000
11331,1,0.005902,0.000000
11332,1,0.005900,0.000000
11333,1,0.005898,0.000000
11334,1,0.005897,0.000000
11335,1,0.005895,0.000000
11336,1,0.005893,0.000000
11337,1,0.005892,0.000000
11338,1,0.005890,0.000000
11339,1,0.005888,0.000000
11340,1,0.005887,0.000000
11341,1,0.005885,0.000000
11342,1,0.005884,0.000000
11343,1,0.005882,0.000000
11344,1,0.005880,0.000000
11345,1,0.005879,0.000000
11346,1,0.005877,0.000000
11347,1,0.005875,0.000000
11348,1,0.005874,0.000000
11349,1,0.005872,0.000000
11350,1,0.005871,0.000000
11351,1,0.005869,0.000000
11352,1,0.005867,0.000000
11353,1,0.005866,0.000000
11354,1,0.005864,0.000000
11355,1,0.005862,0.000000
11356,1,0.005861,0.000000
11357,1,0.005859,0.000000
11358,1,0.005857,0.000000
11359,1,0.005856,0.000000
11360,1,0.005854,0.000000
11361,1,0.005853,0.000000
11362,1,0.005851,0.000000
11363,1,0.005849,0.000000
11364,1,0.005848,0.000000
11365,1,0.005846,0.000000
11366,1,0.005844,0.000000
11367,1,0.005843,0.000000
11368,1,0.005841,0.000000
11369,1,0.005840,0.000000
11370,1,0.005838,0.000000
11371,1,0.005836,0.000000
11372,1,0.005835,0.000000
11373,1,0.005833,0.000000
11374,1,0.005831,0.000000
11375,1,0.005830,0.000000
11376,1,0.005828,0.000000
11377,1,0.005827,0.000000
11378,1,0.005825,0.000000
11379,1,0.005823,0.000000
11380,1,0.005822,0.000000
11381,1,0.005820,0.000000
11382,1,0.005819,0.000000
11383,1,0.005817,0.000000
11384,1,0.005815,0.000000
11385,1,0.005814,0.000000
11386,1,0.005812,0.000000
11387,1,0.005810,0.000000
11388,1,0.005809,0.000000
11389,1,0.005807,0.000000
11390,1,0.005806,0.000000
11391,1,0.005804,0.000000
11392,1,0.005802,0.000000
11393,1,0.005801,0.000000
11394,1,0.005799,0.000000
11395,1,0.005798,0.000000
11396,1,0.005796,0.000000
11397,1,0.005794,0.000000
11398,1,0.005793,0.000000
11399,1,0.005791,0.000000
11400,1,0.005790,0.000000
11401,1,0.005788,0.000000
11402,1,0.005786,0.000000
11403,1,0.005785,0.000000
11404,1,0.005783,0.000000
11405,1,0.005782,0.000000
11406,1,0.005780,0.000000
11407,1,0.005778,0.000000
11408,1,0.005777,0.000000
11409,1,0.005775,0.000000
11410,1,0.005774,0.000000
11411,1,0.005772,0.000000
11412,1,0.005770,0.000000
11413,1,0.005769,0.000000
11414,1,0.005767,0.000000
11415,1,0.005766,0.000000
11416,1,0.005764,0.000000
11417,1,0.005762,0.000000
11418,1,0.005761,0.000000
11419,1,0.005759,0.000000
11420,1,0.005758,0.000000
11421,1,0.005756,0.000000
11422,1,0.005754,0.000000
11423,1,0.005753,0.000000
11424,1,0.005751,0.000000
11425,1,0.005750,0.000000
11426,1,0.005748,0.000000
11427,1,0.005746,0.000000
11428,1,0.005745,0.000000
11429,1,0.005743,0.000000
11430,1,0.005742,0.000000
11431,1,0.005740,0.000000
11432,1,0.005738,0.000000
11433,1,0.005737,0.000000
11434,1,0.005735,0.000000
11435,1,0.005734,0.000000
11436,1,0.005732,0.000000
11437,1,0.005731,0.000000
11438,1,0.005729,0.000000
11439,1,0.005727,0.000000
11440,1,0.005726,0.000000
11441,1,0.005724,0.000000
11442,1,0.005723,0.000000
11443,1,0.005721,0.000000
11444,1,0.005719,0.000000
11445,1,0.005718,0.000000
11446,1,0.005716,0.000000
11447,1,0.005715,0.000000
11448,1,0.005713,0.000000
11449,1,0.005712,0.000000
11450,1,0.005710,0.000000
11451,1,0.005708,0.000000
11452,1,0.005707,0.000000
11453,1,0.005705,0.000000
11454,1,0.005704,0.000000
11455,1,0.005702,0.000000
11456,1,0.005700,0.000000
11457,1,0.005699,0.000000
11458,1,0.005697,0.000000
11459,1,0.005696,0.000000
11460,1,0.005694,0.000000
11461,1,0.005693,0.000000
11462,1,0.005691,0.000000
11463,1,0.005689,0.000000
11464,1,0.005688,0.000000
11465,1,0.005686,0.000000
11466,1,0.005685,0.000000
11467,1,0.005683,0.000000
11468,1,0.005682,0.000000
11469,1,0.005680,0.000000
11470,1,0.005679,0.000000
11471,1,0.005677,0.000000
11472,1,0.005675,0.000000
11473,1,0.005674,0.000000
11474,1,0.005672,0.000000
11475,1,0.005671,0.000000
11476,1,0.005669,0.000000
11477,1,0.005668,0.000000
11478,1,0.005666,0.000000
11479,1,0.005664,0.000000
11480,1,0.005663,0.000000
11481,1,0.005661,0.000000
11482,1,0.005660,0.000000
11483,1,0.005658,0.000000
11484,1,0.005657,0.000000
11485,1,0.005655,0.000000
11486,1,0.005653,0.000000
11487,1,0.005652,0.000000
11488,1,0.005650,0.000000
11489,1,0.005649,0.000000
11490,1,0.005647,0.000000
11491,1,0.005646,0.000000
11492,1,0.005644,0.000000
11493,1,0.005643,0.000000
11494,1,0.005641,0.000000
11495,1,0.005639,0.000000
11496,1,0.005638,0.000000
11497,1,0.005636,0.000000
11498,1,0.005635,0.000000
11499,1,0.005633,0.000000
11500,1,0.005632,0.000000
11501,1,0.005630,0.000000
11502,1,0.005629,0.000000
11503,1,0.005627,0.000000
11504,1,0.005626,0.000000
11505,1,0.005624,0.000000
11506,1,0.005622,0.000000
11507,1,0.005621,0.000000
11508,1,0.005619,0.000000
11509,1,0.005618,0.000000
11510,1,0.005616,0.000000
11511,1,0.005615,0.000000
11512,1,0.005613,0.000000
11513,1,0.005612,0.000000
11514,1,0.005610,0.000000
11515,1,0.005608,0.000000
11516,1,0.005607,0.000000
11517,1,0.005605,0.000000
11518,1,0.005604,0.000000
11519,1,0.005602,0.000000
11520,1,0.005601,0.000000
11521,1,0.005599,0.000000
11522,1,0.005598,0.000000
11523,1,0.005596,0.000000
11524,1,0.005595,0.000000
11525,1,0.005593,0.000000
11526,1,0.005592,0.000000
11527,1,0.005590,0.000000
11528,1,0.005588,0.000000
11529,1,0.005587,0.000000
11530,1,0.005585,0.000000
11531,1,0.005584,0.000000
11532,1,0.005582,0.000000
11533,1,0.005581,0.000000
11534,1,0.005579,0.000000
11535,1,0.005578,0.000000
11536,1,0.005576,0.000000
11537,1,0.005575,0.000000
11538,1,0.005573,0.000000
11539,1,0.005572,0.000000
11540,1,0.005570,0.000000
11541,1,0.005569,0.000000
11542,1,0.005567,0.000000
11543,1,0.005565,0.000000
11544,1,0.005564,0.000000
11545,1,0.005562,0.000000
11546,1,0.005561,0.000000
11547,1,0.005559,0.000000
11548,1,0.005558,0.000000
11549,1,0.005556,0.000000
11550,1,0.005555,0.000000
11551,1,0.005553,0.000000
11552,1,0.005552,0.000000
11553,1,0.005550,0.000000
11554,1,0.005549,0.000000
11555,1,0.005547,0.000000
11556,1,0.005546,0.000000
11557,1,0.005544,0.000000
11558,1,0.005543,0.000000
11559,1,0.005541,0.000000
11560,1,0.005540,0.000000
11561,1,0.005538,0.000000
11562,1,0.005536,0.000000
11563,1,0.005535,0.000000
11564,1,0.005533,0.000000
11565,1,0.005532,0.000000
11566,1,0.005530,0.000000
11567,1,0.005529,0.000000
11568,1,0.005527,0.000000
11569,1,0.005526,0.000000
11570,1,0.005524,0.000000
11571,1,0.005523,0.000000
11572,1,0.005521,0.000000
11573,1,0.005520,0.000000
11574,1,0.005518,0.000000
11575,1,0.005517,0.000000
11576,1,0.005515,0.000000
11577,1,0.005514,0.000000
11578,1,0.005512,0.000000
11579,1,0.005511,0.000000
11580,1,0.005509,0.000000
11581,1,0.005508,0.000000
11582,1,0.005506,0.000000
11583,1,0.005505,0.000000
11584,1,0.005503,0.000000
11585,1,0.005502,0.000000
11586,1,0.005500,0.000000
11587,1,0.005499,0.000000
11588,1,0.005497,0.000000
11589,1,0.005496,0.000000
11590,1,0.005494,0.000000
11591,1,0.005493,0.000000
11592,1,0.005491,0.000000
11593,1,0.005490,0.000000
11594,1,0.005488,0.000000
11595,1,0.005487,0.000000
11596,1,0.005485,0.000000
11597,1,0.005484,0.000000
11598,1,0.005482,0.000000
11599,1,0.005481,0.000000
11600,1,0.005479,0.000000
11601,1,0.005478,0.000000
11602,1,0.005476,0.000000
11603,1,0.005475,0.000000
11604,1,0.005473,0.000000
11605,1,0.005472,0.000000
11606,1,0.005470,0.000000
11607,1,0.005469,0.000000
11608,1,0.005467,0.000000
11609,1,0.005466,0.000000
11610,1,0.005464,0.000000
11611,1,0.005463,0.000000
11612,1,0.005461,0.000000
11613,1,0.005460,0.000000
11614,1,0.005458,0.000000
11615,1,0.005457,0.000000
11616,1,0.005455,0.000000
11617,1,0.005454,0.000000
11618,1,0.005452,0.000000
11619,1,0.005451,0.000000
11620,1,0.005449,0.000000
11621,1,0.005448,0.000000
11622,1,0.005446,0.000000
11623,1,0.005445,0.000000
11624,1,0.005443,0.000000
11625,1,0.005442,0.000000
11626,1,0.005440,0.000000
11627,1,0.005439,0.000000
11628,1,0.005437,0.000000
11629,1,0.005436,0.000000
11630,1,0.005434,0.000000
11631,1,0.005433,0.000000
11632,1,0.005431,0.000000
11633,1,0.005430,0.000000
11634,1,0.005428,0.000000
11635,1,0.005427,0.000000
11636,1,0.005425,0.000000
11637,1,0.005424,0.000000
11638,1,0.005422,0.000000
11639,1,0.005421,0.000000
11640,1,0.005419,0.000000
11641,1,0.005418,0.000000
11642,1,0.005416,0.000000
11643,1,0.005415,0.000000
11644,1,0.005413,0.000000
11645,1,0.005412,0.000000
11646,1,0.005411,0.000000
11647,1,0.005409,0.000000
11648,1,0.005408,0.000000
11649,1,0.005406,0.000000
11650,1,0.005405,0.000000
11651,1,0.005403,0.000000
11652,1,0.005402,0.000000
11653,1,0.005400,0.000000
11654,1,0.005399,0.000000
11655,1,0.005397,0.000000
11656,1,0.005396,0.000000
11657,1,0.005394,0.000000
11658,1,0.005393,0.000000
11659,1,0.005391,0.000000
11660,1,0.005390,0.000000
11661,1,0.005388,0.000000
11662,1,0.005387,0.000000
11663,1,0.005385,0.000000
11664,1,0.005384,0.000000
11665,1,0.005383,0.000000
11666,1,0.005381,0.000000
11667,1,0.005380,0.000000
11668,1,0.005378,0.000000
11669,1,0.005377,0.000000
11670,1,0.005375,0.000000
11671,1,0.005374,0.000000
11672,1,0.005372,0.000000
11673,1,0.005371,0.000000
11674,1,0.005369,0.000000
11675,1,0.005368,0.000000
11676,1,0.005366,0.000000
11677,1,0.005365,0.000000
11678,1,0.005363,0.000000
11679,1,0.005362,0.000000
11680,1,0.005361,0.000000
11681,1,0.005359,0.000000
11682,1,0.005358,0.000000
11683,1,0.005356,0.000000
11684,1,0.005355,0.000000
11685,1,0.005353,0.000000
11686,1,0.005352,0.000000
11687,1,0.005350,0.000000
11688,1,0.005349,0.000000
11689,1,0.005347,0.000000
11690,1,0.005346,0.000000
11691,1,0.005345,0.000000
11692,1,0.005343,0.000000
11693,1,0.005342,0.000000
11694,1,0.005340,0.000000
11695,1,0.005339,0.000000
11696,1,0.005337,0.000000
11697,1,0.005336,0.000000
11698,1,0.005334,0.000000
11699,1,0.005333,0.000000
11700,1,0.005331,0.000000
11701,1,0.005330,0.000000
11702,1,0.005329,0.000000
11703,1,0.005327,0.000000
11704,1,0.005326,0.000000
11705,1,0.005324,0.000000
11706,1,0.005323,0.000000
11707,1,0.005321,0.000000
11708,1,0.005320,0.000000
11709,1,0.005318,0.000000
11710,1,0.005317,0.000000
11711,1,0.005315,0.000000
11712,1,0.005314,0.000000
11713,1,0.005313,0.000000
11714,1,0.005311,0.000000
11715,1,0.005310,0.000000
11716,1,0.005308,0.000000
11717,1,0.005307,0.000000
11718,1,0.005305,0.000000
11719,1,0.005304,0.000000
11720,1,0.005302,0.000000
11721,1,0.005301,0.000000
11722,1,0.005300,0.000000
11723,1,0.005298,0.000000
11724,1,0.005297,0.000000
11725,1,0.005295,0.000000
11726,1,0.005294,0.000000
11727,1,0.005292,0.000000
11728,1,0.005291,0.000000
11729,1,0.005289,0.000000
11730,1,0.005288,0.000000
11731,1,0.005287,0.000000
11732,1,0.005285,0.000000
11733,1,0.005284,0.000000
11734,1,0.005282,0.000000
11735,1,0.005281,0.000000
11736,1,0.005279,0.000000
11737,1,0.005278,0.000000
11738,1,0.005277,0.000000
11739,1,0.005275,0.000000
11740,1,0.005274,0.000000
11741,1,0.005272,0.000000
11742,1,0.005271,0.000000
11743,1,0.005269,0.000000
11744,1,0.005268,0.000000
11745,1,0.005267,0.000000
11746,1,0.005265,0.000000
11747,1,0.005264,0.000000
11748,1,0.005262,0.000000
11749,1,0.005261,0.000000
11750,1,0.005259,0.000000
11751,1,0.005258,0.000000
11752,1,0.005257,0.000000
11753,1,0.005255,0.000000
11754,1,0.005254,0.000000
11755,1,0.005252,0.000000
11756,1,0.005251,0.000000
11757,1,0.005249,0.000000
11758,1,0.005248,0.000000
11759,1,0.005247,0.000000
11760,1,0.005245,0.000000
11761,1,0.005244,0.000000
11762,1,0.005242,0.000000
11763,1,0.005241,0.000000
11764,1,0.005239,0.000000
11765,1,0.005238,0.000000
11766,1,0.005237,0.000000
11767,1,0.005235,0.000000
11768,1,0.005234,0.000000
11769,1,0.005232,0.000000
11770,1,0.005231,0.000000
11771,1,0.005229,0.000000
11772,1,0.005228,0.000000
11773,1,0.005227,0.000000
11774,1,0.005225,0.000000
11775,1,0.005224,0.000000
11776,1,0.005222,0.000000
11777,1,0.005221,0.000000
11778,1,0.005220,0.000000
11779,1,0.005218,0.000000
11780,1,0.005217,0.000000
11781,1,0.005215,0.000000
11782,1,0.005214,0.000000
11783,1,0.005212,0.000000
11784,1,0.005211,0.000000
11785,1,0.005210,0.000000
11786,1,0.005208,0.000000
11787,1,0.005207,0.000000
11788,1,0.005205,0.000000
11789,1,0.005204,0.000000
11790,1,0.005203,0.000000
11791,1,0.005201,0.000000
11792,1,0.005200,0.000000
11793,1,0.005198,0.000000
11794,1,0.005197,0.000000
11795,1,0.005196,0.000000
11796,1,0.005194,0.000000
11797,1,0.005193,0.000000
11798,1,0.005191,0.000000
11799,1,0.005190,0.000000
11800,1,0.005188,0.000000
11801,1,0.005187,0.000000
11802,1,0.005186,0.000000
11803,1,0.005184,0.000000
11804,1,0.005183,0.000000
11805,1,0.005181,0.000000
11806,1,0.005180,0.000000
11807,1,0.005179,0.000000
11808,1,0.005177,0.000000
11809,1,0.005176,0.000000
11810,1,0.005174,0.000000
11811,1,0.005173,0.000000
11812,1,0.005172,0.000000
11813,1,0.005170,0.000000
11814,1,0.005169,0.000000
11815,0,0.005167,0.000000
11816,1,0.005256,0.000000
11817,1,0.005338,0.000000
11818,1,0.005412,0.000000
11819,1,0.005480,0.000000
11820,1,0.005542,0.000000
11821,1,0.005598,0.000000
11822,1,0.005650,0.000000
11823,1,0.005697,0.000000
11824,1,0.005741,0.000000
11825,1,0.005780,0.000000
11826,1,0.005817,0.000000
11827,1,0.005850,0.000000
11828,1,0.005881,0.000000
11829,1,0.005909,0.000000
11830,1,0.005935,0.000000
11831,1,0.005959,0.000000
11832,1,0.005980,0.000000
11833,1,0.006000,0.000000
11834,1,0.006018,0.000000
11835,1,0.006034,0.000063
11836,1,0.006049,0.000239
11837,1,0.006062,0.000506
11838,1,0.006073,0.000842
11839,1,0.006084,0.001229
11840,1,0.006093,0.001650
11841,1,0.006101,0.002092
11842,1,0.006109,0.002542
11843,1,0.006115,0.002990
11844,1,0.006120,0.003400
11845,1,0.006125,0.003745
11846,1,0.006129,0.004015
11847,1,0.006133,0.004204
11848,1,0.006136,0.004315
11849,1,0.006138,0.004356
11850,1,0.006140,0.004335
11851,1,0.006142,0.004263
11852,1,0.006143,0.004149
11853,1,0.006144,0.004006
11854,1,0.006145,0.003842
11855,1,0.006146,0.003665
11856,1,0.006146,0.003484
11857,1,0.006146,0.003303
11858,1,0.006146,0.003130
11859,1,0.006146,0.002967
11860,1,0.006146,0.002817
11861,1,0.006145,0.002682
11862,1,0.006144,0.002563
11863,1,0.006144,0.002460
11864,1,0.006143,0.002374
11865,1,0.006142,0.002303
11866,1,0.006141,0.002247
11867,1,0.006139,0.002202
11868,1,0.006138,0.002169
11869,1,0.006137,0.002145
11870,1,0.006136,0.002128
11871,1,0.006134,0.002117
11872,1,0.006133,0.002103
11873,1,0.006131,0.002082
11874,1,0.006129,0.002049
11875,1,0.006128,0.002005
11876,1,0.006126,0.001948
11877,1,0.006124,0.001881
11878,1,0.006123,0.001805
11879,1,0.006121,0.001723
11880,1,0.006119,0.001636
11881,1,0.006117,0.001547
11882,1,0.006115,0.001457
11883,1,0.006114,0.001369
11884,1,0.006112,0.001283
11885,1,0.006110,0.001201
11886,1,0.006108,0.001124
11887,1,0.006106,0.001052
11888,1,0.006104,0.000986
11889,1,0.006102,0.000926
11890,1,0.006100,0.000872
11891,1,0.006099,0.000824
11892,1,0.006097,0.000782
11893,1,0.006095,0.000745
11894,1,0.006093,0.000714
11895,1,0.006091,0.000687
11896,1,0.006089,0.000663
11897,1,0.006087,0.000644
11898,1,0.006085,0.000627
11899,1,0.006083,0.000612
11900,1,0.006081,0.000598
11901,1,0.006079,0.000583
11902,1,0.006077,0.000566
11903,1,0.006075,0.000547
11904,1,0.006073,0.000526
11905,1,0.006071,0.000503
11906,1,0.006069,0.000479
11907,1,0.006067,0.000454
11908,1,0.006065,0.000428
11909,1,0.006063,0.000403
11910,1,0.006061,0.000378
11911,1,0.006060,0.000354
11912,1,0.006058,0.000330
11913,1,0.006056,0.000308
11914,1,0.006054,0.000287
11915,1,0.006052,0.000268
11916,1,0.006050,0.000251
11917,1,0.006048,0.000235
11918,1,0.006046,0.000221
11919,1,0.006044,0.000208
11920,1,0.006042,0.000197
11921,1,0.006040,0.000187
11922,1,0.006038,0.000179
11923,1,0.006036,0.000171
11924,1,0.006034,0.000165
11925,1,0.006032,0.000160
11926,1,0.006030,0.000155
11927,1,0.006028,0.000151
11928,1,0.006026,0.000146
11929,1,0.006024,0.000142
11930,1,0.006022,0.000137
11931,1,0.006020,0.000132
11932,1,0.006018,0.000126
11933,1,0.006016,0.000120
11934,1,0.006014,0.000114
11935,1,0.006012,0.000108
11936,1,0.006011,0.000102
11937,1,0.006009,0.000095
11938,1,0.006007,0.000089
11939,1,0.006005,0.000083
11940,1,0.006003,0.000078
11941,1,0.006001,0.000072
11942,1,0.005999,0.000068
11943,1,0.005997,0.000063
11944,1,0.005995,0.000059
11945,1,0.005993,0.000055
11946,1,0.005991,0.000052
11947,1,0.005989,0.000049
11948,1,0.005987,0.000046
11949,1,0.005985,0.000044
11950,1,0.005983,0.000042
11951,1,0.005981,0.000041
11952,1,0.005979,0.000039
11953,1,0.005977,0.000038
11954,1,0.005976,0.000037
11955,1,0.005974,0.000036
11956,1,0.005972,0.000035
11957,1,0.005970,0.000033
11958,1,0.005968,0.000032
11959,1,0.005966,0.000031
11960,1,0.005964,0.000029
11961,1,0.005962,0.000028
11962,1,0.005960,0.000026
11963,1,0.005958,0.000025
11964,1,0.005956,0.000023
11965,1,0.005954,0.000022
11966,1,0.005952,0.000020
11967,1,0.005950,0.000019
11968,1,0.005949,0.000018
11969,1,0.005947,0.000017
11970,1,0.005945,0.000015
11971,1,0.005943,0.000014
11972,1,0.005941,0.000014
11973,1,0.005939,0.000013
11974,1,0.005937,0.000012
11975,1,0.005935,0.000011
11976,1,0.005933,0.000011
11977,1,0.005931,0.000010
11978,1,0.005929,0.000010
11979,1,0.005927,0.000009
11980,1,0.005926,0.000009
11981,1,0.005924,0.000009
11982,1,0.005922,0.000009
11983,1,0.005920,0.000008
11984,1,0.005918,0.000008
11985,1,0.005916,0.000008
11986,1,0.005914,0.000007
11987,1,0.005912,0.000007
11988,1,0.005910,0.000007
11989,1,0.005908,0.000006
11990,1,0.005907,0.000006
11991,1,0.005905,0.000006
11992,1,0.005903,0.000005
11993,1,0.005901,0.000005
11994,1,0.005899,0.000005
11995,1,0.005897,0.000004
11996,1,0.005895,0.000004
11997,1,0.005893,0.000004
11998,1,0.005891,0.000004
11999,1,0.005889,0.000003
12000,1,0.005888,0.000003
12001,1,0.005886,0.000003
12002,1,0.005884,0.000003
12003,1,0.005882,0.000003
12004,1,0.005880,0.000002
12005,1,0.005878,0.000002
12006,1,0.005876,0.000002
12007,1,0.005874,0.000002
12008,1,0.005872,0.000002
12009,1,0.005871,0.000002
12010,1,0.005869,0.000002
12011,1,0.005867,0.000002
12012,1,0.005865,0.000002
12013,1,0.005863,0.000002
12014,1,0.005861,0.000002
12015,1,0.005859,0.000002
12016,1,0.005857,0.000002
12017,1,0.005856,0.000001
12018,1,0.005854,0.000001
12019,1,0.005852,0.000001
12020,1,0.005850,0.000001
12021,1,0.005848,0.000001
12022,1,0.005846,0.000001
12023,1,0.005844,0.000001
12024,1,0.005842,0.000001
12025,1,0.005841,0.000001
12026,1,0.005839,0.000001
12027,1,0.005837,0.000001
12028,1,0.005835,0.000001
12029,1,0.005833,0.000001
12030,1,0.005831,0.000001
12031,1,0.005829,0.000001
12032,1,0.005827,0.000001
12033,1,0.005826,0.000001
12034,1,0.005824,0.000001
12035,1,0.005822,0.000001
12036,1,0.005820,0.000001
12037,1,0.005818,0.000000
12038,1,0.005816,0.000000
12039,1,0.005814,0.000000
12040,1,0.005813,0.000000
12041,1,0.005811,0.000000
12042,1,0.005809,0.000000
12043,1,0.005807,0.000000
12044,1,0.005805,0.000000
12045,1,0.005803,0.000000
12046,1,0.005801,0.000000
12047,1,0.005800,0.000000
12048,1,0.005798,0.000000
12049,1,0.005796,0.000000
12050,1,0.005794,0.000000
12051,1,0.005792,0.000000
12052,1,0.005790,0.000000
12053,1,0.005788,0.000000
12054,1,0.005787,0.000000
12055,1,0.005785,0.000000
12056,1,0.005783,0.000000
12057,1,0.005781,0.000000
12058,1,0.005779,0.000000
12059,1,0.005777,0.000000
12060,1,0.005776,0.000000
12061,1,0.005774,0.000000
12062,1,0.005772,0.000000
12063,1,0.005770,0.000000
12064,1,0.005768,0.000000
12065,1,0.005766,0.000000
12066,1,0.005765,0.000000
12067,1,0.005763,0.000000
12068,1,0.005761,0.000000
12069,1,0.005759,0.000000
12070,1,0.005757,0.000000
12071,1,0.005755,0.000000
12072,1,0.005754,0.000000
12073,1,0.005752,0.000000
12074,1,0.005750,0.000000
12075,1,0.005748,0.000000
12076,1,0.005746,0.000000
12077,1,0.005744,0.000000
12078,1,0.005743,0.000000
12079,1,0.005741,0.000000
12080,1,0.005739,0.000000
12081,1,0.005737,0.000000
12082,1,0.005735,0.000000
12083,1,0.005733,0.000000
12084,1,0.005732,0.000000
12085,1,0.005730,0.000000
12086,1,0.005728,0.000000
12087,1,0.005726,0.000000
12088,1,0.005724,0.000000
12089,1,0.005723,0.000000
12090,1,0.005721,0.000000
12091,1,0.005719,0.000000
12092,1,0.005717,0.000000
12093,1,0.005715,0.000000
12094,1,0.005714,0.000000
12095,1,0.005712,0.000000
12096,1,0.005710,0.000000
12097,1,0.005708,0.000000
12098,1,0.005706,0.000000
12099,1,0.005704,0.000000
12100,1,0.005703,0.000000
12101,1,0.005701,0.000000
12102,1,0.005699,0.000000
12103,1,0.005697,0.000000
12104,1,0.005695,0.000000
12105,1,0.005694,0.000000
12106,1,0.005692,0.000000
12107,1,0.005690,0.000000
12108,1,0.005688,0.000000
12109,1,0.005686,0.000000
12110,1,0.005685,0.000000
12111,1,0.005683,0.000000
12112,1,0.005681,0.000000
12113,1,0.005679,0.000000
12114,1,0.005677,0.000000
12115,1,0.005676,0.000000
12116,1,0.005674,0.000000
12117,1,0.005672,0.000000
12118,1,0.005670,0.000000
12119,1,0.005669,0.000000
12120,1,0.005667,0.000000
12121,1,0.005665,0.000000
12122,1,0.005663,0.000000
12123,1,0.005661,0.000000
12124,1,0.005660,0.000000
12125,1,0.005658,0.000000
12126,1,0.005656,0.000000
12127,1,0.005654,0.000000
12128,1,0.005652,0.000000
12129,1,0.005651,0.000000
12130,1,0.005649,0.000000
12131,1,0.005647,0.000000
12132,1,0.005645,0.000000
12133,1,0.005644,0.000000
12134,1,0.005642,0.000000
12135,1,0.005640,0.000000
12136,1,0.005638,0.000000
12137,1,0.005636,0.000000
12138,1,0.005635,0.000000
12139,1,0.005633,0.000000
12140,1,0.005631,0.000000
12141,1,0.005629,0.000000
12142,1,0.005628,0.000000
12143,1,0.005626,0.000000
12144,1,0.005624,0.000000
12145,1,0.005622,0.000000
12146,1,0.005620,0.000000
12147,1,0.005619,0.000000
12148,1,0.005617,0.000000
12149,1,0.005615,0.000000
12150,1,0.005613,0.000000
12151,1,0.005612,0.000000
12152,1,0.005610,0.000000
12153,1,0.005608,0.000000
12154,1,0.005606,0.000000
12155,1,0.005605,0.000000
12156,1,0.005603,0.000000
12157,1,0.005601,0.000000
12158,1,0.005599,0.000000
12159,1,0.005598,0.000000
12160,1,0.005596,0.000000
12161,1,0.005594,0.000000
12162,1,0.005592,0.000000
12163,1,0.005591,0.000000
12164,1,0.005589,0.000000
12165,1,0.005587,0.000000
12166,1,0.005585,0.000000
12167,1,0.005584,0.000000
12168,1,0.005582,0.000000
12169,1,0.005580,0.000000
12170,1,0.005578,0.000000
12171,1,0.005577,0.000000
12172,1,0.005575,0.000000
12173,1,0.005573,0.000000
12174,1,0.005571,0.000000
12175,1,0.005570,0.000000
12176,1,0.005568,0.000000
12177,1,0.005566,0.000000
12178,1,0.005564,0.000000
12179,1,0.005563,0.000000
12180,1,0.005561,0.000000
12181,1,0.005559,0.000000
12182,1,0.005557,0.000000
12183,1,0.005556,0.000000
12184,1,0.005554,0.000000
12185,1,0.005552,0.000000
12186,1,0.005550,0.000000
12187,1,0.005549,0.000000
12188,1,0.005547,0.000000
12189,1,0.005545,0.000000
12190,1,0.005543,0.000000
12191,1,0.005542,0.000000
12192,1,0.005540,0.000000
12193,1,0.005538,0.000000
12194,1,0.005537,0.000000
12195,1,0.005535,0.000000
12196,1,0.005533,0.000000
12197,1,0.005531,0.000000
12198,1,0.005530,0.000000
12199,1,0.005528,0.000000
12200,1,0.005526,0.000000
12201,1,0.005524,0.000000
12202,1,0.005523,0.000000
12203,1,0.005521,0.000000
12204,1,0.005519,0.000000
12205,1,0.005518,0.000000
12206,1,0.005516,0.000000
12207,1,0.005514,0.000000
12208,1,0.005512,0.000000
12209,1,0.005511,0.000000
12210,1,0.005509,0.000000
12211,1,0.005507,0.000000
12212,1,0.005505,0.000000
12213,1,0.005504,0.000000
12214,1,0.005502,0.000000
12215,1,0.005500,0.000000
12216,1,0.005499,0.000000
12217,1,0.005497,0.000000
12218,1,0.005495,0.000000
12219,1,0.005493,0.000000
12220,1,0.005492,0.000000
12221,1,0.005490,0.000000
12222,1,0.005488,0.000000
12223,1,0.005487,0.000000
12224,1,0.005485,0.000000
12225,1,0.005483,0.000000
12226,1,0.005482,0.000000
12227,1,0.005480,0.000000
12228,1,0.005478,0.000000
12229,1,0.005476,0.000000
12230,1,0.005475,0.000000
12231,1,0.005473,0.000000
12232,1,0.005471,0.000000
12233,1,0.005470,0.000000
12234,1,0.005468,0.000000
12235,1,0.005466,0.000000
12236,1,0.005464,0.000000
12237,1,0.005463,0.000000
12238,1,0.005461,0.000000
12239,1,0.005459,0.000000
12240,1,0.005458,0.000000
12241,1,0.005456,0.000000
12242,1,0.005454,0.000000
12243,1,0.005453,0.000000
12244,1,0.005451,0.000000
12245,1,0.005449,0.000000
12246,1,0.005448,0.000000
12247,1,0.005446,0.000000
12248,1,0.005444,0.000000
12249,1,0.005442,0.000000
12250,1,0.005441,0.000000
12251,1,0.005439,0.000000
12252,1,0.005437,0.000000
12253,1,0.005436,0.000000
12254,1,0.005434,0.000000
12255,1,0.005432,0.000000
12256,1,0.005431,0.000000
12257,1,0.005429,0.000000
12258,1,0.005427,0.000000
12259,1,0.005426,0.000000
12260,1,0.005424,0.000000
12261,1,0.005422,0.000000
12262,1,0.005421,0.000000
12263,1,0.005419,0.000000
12264,1,0.005417,0.000000
12265,1,0.005416,0.000000
12266,1,0.005414,0.000000
12267,1,0.005412,0.000000
12268,1,0.005411,0.000000
12269,1,0.005409,0.000000
12270,1,0.005407,0.000000
12271,1,0.005406,0.000000
12272,1,0.005404,0.000000
12273,1,0.005402,0.000000
12274,1,0.005400,0.000000
12275,1,0.005399,0.000000
12276,1,0.005397,0.000000
12277,1,0.005395,0.000000
12278,1,0.005394,0.000000
12279,1,0.005392,0.000000
12280,1,0.005390,0.000000
12281,1,0.005389,0.000000
12282,1,0.005387,0.000000
12283,1,0.005385,0.000000
12284,1,0.005384,0.000000
12285,1,0.005382,0.000000
12286,1,0.005381,0.000000
12287,1,0.005379,0.000000
12288,1,0.005377,0.000000
12289,1,0.005376,0.000000
12290,1,0.005374,0.000000
12291,1,0.005372,0.000000
12292,1,0.005371,0.000000
12293,1,0.005369,0.000000
12294,1,0.005367,0.000000
12295,1,0.005366,0.000000
12296,1,0.005364,0.000000
12297,1,0.005362,0.000000
12298,1,0.005361,0.000000
12299,1,0.005359,0.000000
12300,1,0.005357,0.000000
12301,1,0.005356,0.000000
12302,1,0.005354,0.000000
12303,1,0.005352,0.000000
12304,1,0.005351,0.000000
12305,1,0.005349,0.000000
12306,1,0.005347,0.000000
12307,1,0.005346,0.000000
12308,1,0.005344,0.000000
12309,1,0.005342,0.000000
12310,1,0.005341,0.000000
12311,1,0.005339,0.000000
12312,1,0.005338,0.000000
12313,1,0.005336,0.000000
12314,1,0.005334,0.000000
12315,1,0.005333,0.000000
12316,1,0.005331,0.000000
12317,1,0.005329,0.000000
12318,1,0.005328,0.000000
12319,1,0.005326,0.000000
12320,1,0.005324,0.000000
12321,1,0.005323,0.000000
12322,1,0.005321,0.000000
12323,1,0.005320,0.000000
12324,1,0.005318,0.000000
12325,1,0.005316,0.000000
12326,1,0.005315,0.000000
12327,1,0.005313,0.000000
12328,1,0.005311,0.000000
12329,1,0.005310,0.000000
12330,1,0.005308,0.000000
12331,1,0.005306,0.000000
12332,1,0.005305,0.000000
12333,1,0.005303,0.000000
12334,1,0.005302,0.000000
12335,1,0.005300,0.000000
12336,1,0.005298,0.000000
12337,1,0.005297,0.000000
12338,1,0.005295,0.000000
12339,1,0.005293,0.000000
12340,1,0.005292,0.000000
12341,1,0.005290,0.000000
12342,1,0.005289,0.000000
12343,1,0.005287,0.000000
12344,1,0.005285,0.000000
12345,1,0.005284,0.000000
12346,1,0.005282,0.000000
12347,1,0.005280,0.000000
12348,1,0.005279,0.000000
12349,1,0.005277,0.000000
12350,1,0.005276,0.000000
12351,1,0.005274,0.000000
12352,1,0.005272,0.000000
12353,1,0.005271,0.000000
12354,1,0.005269,0.000000
12355,1,0.005268,0.000000
12356,1,0.005266,0.000000
12357,1,0.005264,0.000000
12358,1,0.005263,0.000000
12359,1,0.005261,0.000000
12360,1,0.005260,0.000000
12361,1,0.005258,0.000000
12362,1,0.005256,0.000000
12363,1,0.005255,0.000000
12364,1,0.005253,0.000000
12365,1,0.005251,0.000000
12366,1,0.005250,0.000000
12367,1,0.005248,0.000000
12368,1,0.005247,0.000000
12369,1,0.005245,0.000000
12370,1,0.005243,0.000000
12371,1,0.005242,0.000000
12372,1,0.005240,0.000000
12373,1,0.005239,0.000000
12374,1,0.005237,0.000000
12375,1,0.005235,0.000000
12376,1,0.005234,0.000000
12377,1,0.005232,0.000000
12378,1,0.005231,0.000000
12379,1,0.005229,0.000000
12380,1,0.005227,0.000000
12381,1,0.005226,0.000000
12382,1,0.005224,0.000000
12383,1,0.005223,0.000000
12384,1,0.005221,0.000000
12385,1,0.005220,0.000000
12386,1,0.005218,0.000000
12387,1,0.005216,0.000000
12388,1,0.005215,0.000000
12389,1,0.005213,0.000000
12390,1,0.005212,0.000000
12391,1,0.005210,0.000000
12392,1,0.005208,0.000000
12393,1,0.005207,0.000000
12394,1,0.005205,0.000000
12395,1,0.005204,0.000000
12396,1,0.005202,0.000000
12397,1,0.005200,0.000000
12398,1,0.005199,0.000000
12399,1,0.005197,0.000000
12400,1,0.005196,0.000000
12401,1,0.005194,0.000000
12402,1,0.005193,0.000000
12403,1,0.005191,0.000000
12404,1,0.005189,0.000000
12405,1,0.005188,0.000000
12406,1,0.005186,0.000000
12407,1,0.005185,0.000000
12408,1,0.005183,0.000000
12409,1,0.005182,0.000000
12410,1,0.005180,0.000000
12411,1,0.005178,0.000000
12412,1,0.005177,0.000000
12413,1,0.005175,0.000000
12414,1,0.005174,0.000000
12415,1,0.005172,0.000000
12416,1,0.005170,0.000000
12417,1,0.005169,0.000000
12418,1,0.005167,0.000000
12419,1,0.005166,0.000000
12420,1,0.005164,0.000000
12421,1,0.005163,0.000000
12422,1,0.005161,0.000000
12423,1,0.005160,0.000000
12424,1,0.005158,0.000000
12425,1,0.005156,0.000000
12426,1,0.005155,0.000000
12427,1,0.005153,0.000000
12428,1,0.005152,0.000000
12429,1,0.005150,0.000000
12430,1,0.005149,0.000000
12431,1,0.005147,0.000000
12432,1,0.005145,0.000000
12433,1,0.005144,0.000000
12434,1,0.005142,0.000000
12435,1,0.005141,0.000000
12436,1,0.005139,0.000000
12437,1,0.005138,0.000000
12438,1,0.005136,0.000000
12439,1,0.005135,0.000000
12440,1,0.005133,0.000000
12441,1,0.005131,0.000000
12442,1,0.005130,0.000000
12443,1,0.005128,0.000000
12444,1,0.005127,0.000000
12445,1,0.005125,0.000000
12446,1,0.005124,0.000000
12447,1,0.005122,0.000000
12448,1,0.005121,0.000000
12449,1,0.005119,0.000000
12450,1,0.005117,0.000000
12451,1,0.005116,0.000000
12452,1,0.005114,0.000000
12453,1,0.005113,0.000000
12454,1,0.005111,0.000000
12455,1,0.005110,0.000000
12456,1,0.005108,0.000000
12457,1,0.005107,0.000000
12458,1,0.005105,0.000000
12459,1,0.005104,0.000000
12460,1,0.005102,0.000000
12461,1,0.005100,0.000000
12462,1,0.005099,0.000000
12463,1,0.005097,0.000000
12464,1,0.005096,0.000000
12465,1,0.005094,0.000000
12466,1,0.005093,0.000000
12467,1,0.005091,0.000000
12468,1,0.005090,0.000000
12469,1,0.005088,0.000000
12470,1,0.005087,0.000000
12471,1,0.005085,0.000000
12472,1,0.005084,0.000000
12473,1,0.005082,0.000000
12474,1,0.005080,0.000000
12475,1,0.005079,0.000000
12476,1,0.005077,0.000000
12477,1,0.005076,0.000000
12478,1,0.005074,0.000000
12479,1,0.005073,0.000000
12480,1,0.005071,0.000000
12481,1,0.005070,0.000000
12482,1,0.005068,0.000000
12483,1,0.005067,0.000000
12484,1,0.005065,0.000000
12485,1,0.005064,0.000000
12486,1,0.005062,0.000000
12487,1,0.005061,0.000000
12488,1,0.005059,0.000000
12489,1,0.005058,0.000000
12490,1,0.005056,0.000000
12491,1,0.005054,0.000000
12492,1,0.005053,0.000000
12493,1,0.005051,0.000000
12494,1,0.005050,0.000000
12495,1,0.005048,0.000000
12496,1,0.005047,0.000000
12497,1,0.005045,0.000000
12498,1,0.005044,0.000000
12499,1,0.005042,0.000000
12500,1,0.005041,0.000000
12501,1,0.005039,0.000000
12502,1,0.005038,0.000000
12503,1,0.005036,0.000000
12504,1,0.005035,0.000000
12505,1,0.005033,0.000000
12506,1,0.005032,0.000000
12507,1,0.005030,0.000000
12508,1,0.005029,0.000000
12509,1,0.005027,0.000000
12510,1,0.005026,0.000000
12511,1,0.005024,0.000000
12512,1,0.005023,0.000000
12513,1,0.005021,0.000000
12514,1,0.005020,0.000000
12515,1,0.005018,0.000000
12516,1,0.005017,0.000000
12517,1,0.005015,0.000000
12518,1,0.005014,0.000000
12519,1,0.005012,0.000000
12520,1,0.005011,0.000000
12521,1,0.005009,0.000000
12522,1,0.005008,0.000000
12523,1,0.005006,0.000000
12524,1,0.005005,0.000000
12525,1,0.005003,0.000000
12526,1,0.005002,0.000000
12527,1,0.005000,0.000000
12528,1,0.004999,0.000000
12529,1,0.004997,0.000000
12530,1,0.004996,0.000000
12531,1,0.004994,0.000000
12532,1,0.004993,0.000000
12533,1,0.004991,0.000000
12534,1,0.004990,0.000000
12535,1,0.004988,0.000000
12536,1,0.004987,0.000000
12537,1,0.004985,0.000000
12538,1,0.004984,0.000000
12539,1,0.004982,0.000000
12540,1,0.004981,0.000000
12541,1,0.004979,0.000000
12542,1,0.004978,0.000000
12543,1,0.004976,0.000000
12544,1,0.004975,0.000000
12545,1,0.004973,0.000000
12546,1,0.004972,0.000000
12547,1,0.004970,0.000000
12548,1,0.004969,0.000000
12549,1,0.004967,0.000000
12550,1,0.004966,0.000000
12551,1,0.004964,0.000000
12552,1,0.004963,0.000000
12553,1,0.004961,0.000000
12554,1,0.004960,0.000000
12555,1,0.004958,0.000000
12556,1,0.004957,0.000000
12557,1,0.004955,0.000000
12558,1,0.004954,0.000000
12559,1,0.004952,0.000000
12560,1,0.004951,0.000000
12561,1,0.004949,0.000000
12562,1,0.004948,0.000000
12563,1,0.004946,0.000000
12564,1,0.004945,0.000000
12565,1,0.004944,0.000000
12566,1,0.004942,0.000000
12567,1,0.004941,0.000000
12568,1,0.004939,0.000000
12569,1,0.004938,0.000000
12570,1,0.004936,0.000000
12571,1,0.004935,0.000000
12572,1,0.004933,0.000000
12573,1,0.004932,0.000000
12574,1,0.004930,0.000000
12575,1,0.004929,0.000000
12576,1,0.004927,0.000000
12577,1,0.004926,0.000000
12578,1,0.004924,0.000000
12579,1,0.004923,0.000000
12580,1,0.004921,0.000000
12581,1,0.004920,0.000000
12582,1,0.004919,0.000000
12583,1,0.004917,0.000000
12584,1,0.004916,0.000000
12585,1,0.004914,0.000000
12586,1,0.004913,0.000000
12587,1,0.004911,0.000000
12588,1,0.004910,0.000000
12589,1,0.004908,0.000000
12590,1,0.004907,0.000000
12591,1,0.004905,0.000000
12592,1,0.004904,0.000000
12593,1,0.004902,0.000000
12594,1,0.004901,0.000000
12595,1,0.004900,0.000000
12596,1,0.004898,0.000000
12597,1,0.004897,0.000000
12598,1,0.004895,0.000000
12599,1,0.004894,0.000000
12600,1,0.004892,0.000000
12601,1,0.004891,0.000000
12602,1,0.004889,0.000000
12603,1,0.004888,0.000000
12604,1,0.004886,0.000000
12605,1,0.004885,0.000000
12606,1,0.004883,0.000000
12607,1,0.004882,0.000000
12608,1,0.004881,0.000000
12609,1,0.004879,0.000000
12610,1,0.004878,0.000000
12611,1,0.004876,0.000000
12612,1,0.004875,0.000000
12613,1,0.004873,0.000000
12614,1,0.004872,0.000000
12615,1,0.004870,0.000000
12616,1,0.004869,0.000000
12617,1,0.004868,0.000000
12618,1,0.004866,0.000000
12619,1,0.004865,0.000000
12620,1,0.004863,0.000000
12621,1,0.004862,0.000000
12622,1,0.004860,0.000000
12623,1,0.004859,0.000000
12624,1,0.004857,0.000000
12625,1,0.004856,0.000000
12626,1,0.004855,0.000000
12627,1,0.004853,0.000000
12628,1,0.004852,0.000000
12629,1,0.004850,0.000000
12630,1,0.004849,0.000000
12631,1,0.004847,0.000000
12632,1,0.004846,0.000000
12633,1,0.004844,0.000000
12634,1,0.004843,0.000000
12635,1,0.004842,0.000000
12636,1,0.004840,0.000000
12637,1,0.004839,0.000000
12638,1,0.004837,0.000000
12639,1,0.004836,0.000000
12640,1,0.004834,0.000000
12641,1,0.004833,0.000000
12642,1,0.004832,0.000000
12643,1,0.004830,0.000000
12644,1,0.004829,0.000000
12645,1,0.004827,0.000000
12646,1,0.004826,0.000000
12647,1,0.004824,0.000000
12648,1,0.004823,0.000000
12649,1,0.004822,0.000000
12650,1,0.004820,0.000000
12651,1,0.004819,0.000000
12652,1,0.004817,0.000000
12653,1,0.004816,0.000000
12654,1,0.004814,0.000000
12655,1,0.004813,0.000000
12656,1,0.004812,0.000000
12657,1,0.004810,0.000000
12658,1,0.004809,0.000000
12659,1,0.004807,0.000000
12660,1,0.004806,0.000000
12661,1,0.004804,0.000000
12662,1,0.004803,0.000000
12663,1,0.004802,0.000000
12664,1,0.004800,0.000000
12665,1,0.004799,0.000000
12666,1,0.004797,0.000000
12667,1,0.004796,0.000000
12668,1,0.004795,0.000000
12669,1,0.004793,0.000000
12670,1,0.004792,0.000000
12671,1,0.004790,0.000000
12672,1,0.004789,0.000000
12673,1,0.004787,0.000000
12674,1,0.004786,0.000000
12675,1,0.004785,0.000000
12676,1,0.004783,0.000000
12677,1,0.004782,0.000000
12678,1,0.004780,0.000000
12679,1,0.004779,0.000000
12680,1,0.004778,0.000000
12681,1,0.004776,0.000000
12682,1,0.004775,0.000000
12683,1,0.004773,0.000000
12684,1,0.004772,0.000000
12685,1,0.004771,0.000000
12686,1,0.004769,0.000000
12687,1,0.004768,0.000000
12688,1,0.004766,0.000000
12689,1,0.004765,0.000000
12690,1,0.004764,0.000000
12691,1,0.004762,0.000000
12692,1,0.004761,0.000000
12693,1,0.004759,0.000000
12694,1,0.004758,0.000000
12695,1,0.004757,0.000000
12696,1,0.004755,0.000000
12697,1,0.004754,0.000000
12698,1,0.004752,0.000000
12699,1,0.004751,0.000000
12700,1,0.004750,0.000000
12701,1,0.004748,0.000000
12702,1,0.004747,0.000000
12703,1,0.004745,0.000000
12704,1,0.004744,0.000000
12705,1,0.004743,0.000000
12706,1,0.004741,0.000000
12707,1,0.004740,0.000000
12708,1,0.004738,0.000000
12709,1,0.004737,0.000000
12710,1,0.004736,0.000000
12711,1,0.004734,0.000000
12712,1,0.004733,0.000000
12713,0,0.004731,0.000000
12714,1,0.004823,0.000000
12715,1,0.004906,0.000000
12716,1,0.004982,0.000000
12717,1,0.005052,0.000000
12718,1,0.005116,0.000000
12719,1,0.005174,0.000000
12720,1,0.005228,0.000000
12721,1,0.005276,0.000000
12722,1,0.005321,0.000000
12723,1,0.005362,0.000000
12724,1,0.005399,0.000000
12725,1,0.005433,0.000000
12726,1,0.005465,0.000000
12727,1,0.005494,0.000000
12728,1,0.005520,0.000000
12729,1,0.005544,0.000000
12730,1,0.005566,0.000000
12731,1,0.005586,0.000000
12732,1,0.005604,0.000000
12733,1,0.005621,0.000032
12734,1,0.005636,0.000164
12735,1,0.005649,0.000373
12736,1,0.005662,0.000644
12737,1,0.005672,0.000961
12738,1,0.005682,0.001311
12739,1,0.005691,0.001683
12740,1,0.005698,0.002066
12741,1,0.005705,0.002452
12742,1,0.005711,0.002832
12743,1,0.005716,0.003200
12744,1,0.005720,0.003533
12745,1,0.005724,0.003810
12746,1,0.005727,0.004020
12747,1,0.005730,0.004162
12748,1,0.005732,0.004237
12749,1,0.005734,0.004252
12750,1,0.005735,0.004213
12751,1,0.005736,0.004129
12752,1,0.005737,0.004011
12753,1,0.005738,0.003865
12754,1,0.005738,0.003701
12755,1,0.005738,0.003525
12756,1,0.005738,0.003343
12757,1,0.005738,0.003163
12758,1,0.005738,0.002986
12759,1,0.005737,0.002818
12760,1,0.005736,0.002661
12761,1,0.005736,0.002516
12762,1,0.005735,0.002385
12763,1,0.005734,0.002269
12764,1,0.005733,0.002167
12765,1,0.005732,0.002079
12766,1,0.005730,0.002004
12767,1,0.005729,0.001941
12768,1,0.005728,0.001889
12769,1,0.005726,0.001847
12770,1,0.005725,0.001813
12771,1,0.005723,0.001786
12772,1,0.005722,0.001764
12773,1,0.005720,0.001747
12774,1,0.005719,0.001729
12775,1,0.005717,0.001706
12776,1,0.005715,0.001676
12777,1,0.005713,0.001636
12778,1,0.005712,0.001589
12779,1,0.005710,0.001533
12780,1,0.005708,0.001471
12781,1,0.005706,0.001405
12782,1,0.005704,0.001334
12783,1,0.005703,0.001262
12784,1,0.005701,0.001189
12785,1,0.005699,0.001116
12786,1,0.005697,0.001046
12787,1,0.005695,0.000978
12788,1,0.005693,0.000914
12789,1,0.005691,0.000853
12790,1,0.005689,0.000797
12791,1,0.005687,0.000746
12792,1,0.005686,0.000699
12793,1,0.005684,0.000657
12794,1,0.005682,0.000619
12795,1,0.005680,0.000586
12796,1,0.005678,0.000557
12797,1,0.005676,0.000531
12798,1,0.005674,0.000509
12799,1,0.005672,0.000490
12800,1,0.005670,0.000474
12801,1,0.005668,0.000459
12802,1,0.005666,0.000447
12803,1,0.005664,0.000436
12804,1,0.005662,0.000426
12805,1,0.005660,0.000415
12806,1,0.005658,0.000403
12807,1,0.005656,0.000389
12808,1,0.005655,0.000375
12809,1,0.005653,0.000359
12810,1,0.005651,0.000342
12811,1,0.005649,0.000324
12812,1,0.005647,0.000307
12813,1,0.005645,0.000289
12814,1,0.005643,0.000271
12815,1,0.005641,0.000254
12816,1,0.005639,0.000237
12817,1,0.005637,0.000221
12818,1,0.005635,0.000206
12819,1,0.005633,0.000192
12820,1,0.005631,0.000179
12821,1,0.005629,0.000167
12822,1,0.005627,0.000156
12823,1,0.005625,0.000147
12824,1,0.005623,0.000138
12825,1,0.005621,0.000130
12826,1,0.005620,0.000124
12827,1,0.005618,0.000118
12828,1,0.005616,0.000113
12829,1,0.005614,0.000108
12830,1,0.005612,0.000104
12831,1,0.005610,0.000101
12832,1,0.005608,0.000098
12833,1,0.005606,0.000095
12834,1,0.005604,0.000093
12835,1,0.005602,0.000090
12836,1,0.005600,0.000087
12837,1,0.005598,0.000084
12838,1,0.005596,0.000080
12839,1,0.005594,0.000077
12840,1,0.005592,0.000073
12841,1,0.005591,0.000069
12842,1,0.005589,0.000065
12843,1,0.005587,0.000061
12844,1,0.005585,0.000057
12845,1,0.005583,0.000053
12846,1,0.005581,0.000050
12847,1,0.005579,0.000046
12848,1,0.005577,0.000043
12849,1,0.005575,0.000040
12850,1,0.005573,0.000037
12851,1,0.005571,0.000035
12852,1,0.005569,0.000033
12853,1,0.005568,0.000031
12854,1,0.005566,0.000029
12855,1,0.005564,0.000027
12856,1,0.005562,0.000026
12857,1,0.005560,0.000025
12858,1,0.005558,0.000024
12859,1,0.005556,0.000023
12860,1,0.005554,0.000022
12861,1,0.005552,0.000021
12862,1,0.005550,0.000021
12863,1,0.005548,0.000020
12864,1,0.005547,0.000020
12865,1,0.005545,0.000019
12866,1,0.005543,0.000018
12867,1,0.005541,0.000018
12868,1,0.005539,0.000017
12869,1,0.005537,0.000016
12870,1,0.005535,0.000015
12871,1,0.005533,0.000014
12872,1,0.005531,0.000013
12873,1,0.005530,0.000013
12874,1,0.005528,0.000012
12875,1,0.005526,0.000011
12876,1,0.005524,0.000010
12877,1,0.005522,0.000009
12878,1,0.005520,0.000009
12879,1,0.005518,0.000008
12880,1,0.005516,0.000008
12881,1,0.005514,0.000007
12882,1,0.005513,0.000007
12883,1,0.005511,0.000006
12884,1,0.005509,0.000006
12885,1,0.005507,0.000006
12886,1,0.005505,0.000005
12887,1,0.005503,0.000005
12888,1,0.005501,0.000005
12889,1,0.005499,0.000005
12890,1,0.005498,0.000005
12891,1,0.005496,0.000005
12892,1,0.005494,0.000004
12893,1,0.005492,0.000004
12894,1,0.005490,0.000004
12895,1,0.005488,0.000004
12896,1,0.005486,0.000004
12897,1,0.005484,0.000004
12898,1,0.005483,0.000003
12899,1,0.005481,0.000003
12900,1,0.005479,0.000003
12901,1,0.005477,0.000003
12902,1,0.005475,0.000003
12903,1,0.005473,0.000003
12904,1,0.005471,0.000002
12905,1,0.005470,0.000002
12906,1,0.005468,0.000002
12907,1,0.005466,0.000002
12908,1,0.005464,0.000002
12909,1,0.005462,0.000002
12910,1,0.005460,0.000002
12911,1,0.005458,0.000001
12912,1,0.005457,0.000001
12913,1,0.005455,0.000001
12914,1,0.005453,0.000001
12915,1,0.005451,0.000001
12916,1,0.005449,0.000001
12917,1,0.005447,0.000001
12918,1,0.005445,0.000001
12919,1,0.005444,0.000001
12920,1,0.005442,0.000001
12921,1,0.005440,0.000001
12922,1,0.005438,0.000001
12923,1,0.005436,0.000001
12924,1,0.005434,0.000001
12925,1,0.005433,0.000001
12926,1,0.005431,0.000001
12927,1,0.005429,0.000001
12928,1,0.005427,0.000001
12929,1,0.005425,0.000001
12930,1,0.005423,0.000001
12931,1,0.005422,0.000001
12932,1,0.005420,0.000001
12933,1,0.005418,0.000001
12934,1,0.005416,0.000000
12935,1,0.005414,0.000000
12936,1,0.005412,0.000000
12937,1,0.005411,0.000000
12938,1,0.005409,0.000000
12939,1,0.005407,0.000000
12940,1,0.005405,0.000000
12941,1,0.005403,0.000000
12942,1,0.005401,0.000000
12943,1,0.005400,0.000000
12944,1,0.005398,0.000000
12945,1,0.005396,0.000000
12946,1,0.005394,0.000000
12947,1,0.005392,0.000000
12948,1,0.005390,0.000000
12949,1,0.005389,0.000000
12950,1,0.005387,0.000000
12951,1,0.005385,0.000000
12952,1,0.005383,0.000000
12953,1,0.005381,0.000000
12954,1,0.005380,0.000000
12955,1,0.005378,0.000000
12956,1,0.005376,0.000000
12957,1,0.005374,0.000000
12958,1,0.005372,0.000000
12959,1,0.005371,0.000000
12960,1,0.005369,0.000000
12961,1,0.005367,0.000000
12962,1,0.005365,0.000000
12963,1,0.005363,0.000000
12964,1,0.005362,0.000000
12965,1,0.005360,0.000000
12966,1,0.005358,0.000000
12967,1,0.005356,0.000000
12968,1,0.005354,0.000000
12969,1,0.005353,0.000000
12970,1,0.005351,0.000000
12971,1,0.005349,0.000000
12972,1,0.005347,0.000000
12973,1,0.005345,0.000000
12974,1,0.005344,0.000000
12975,1,0.005342,0.000000
12976,1,0.005340,0.000000
12977,1,0.005338,0.000000
12978,1,0.005336,0.000000
12979,1,0.005335,0.000000
12980,1,0.005333,0.000000
12981,1,0.005331,0.000000
12982,1,0.005329,0.000000
12983,1,0.005327,0.000000
12984,1,0.005326,0.000000
12985,1,0.005324,0.000000
12986,1,0.005322,0.000000
12987,1,0.005320,0.000000
12988,1,0.005319,0.000000
12989,1,0.005317,0.000000
12990,1,0.005315,0.000000
12991,1,0.005313,0.000000
12992,1,0.005311,0.000000
12993,1,0.005310,0.000000
12994,1,0.005308,0.000000
12995,1,0.005306,0.000000
12996,1,0.005304,0.000000
12997,1,0.005303,0.000000
12998,1,0.005301,0.000000
12999,1,0.005299,0.000000
13000,1,0.005297,0.000000
13001,1,0.005295,0.000000
13002,1,0.005294,0.000000
13003,1,0.005292,0.000000
13004,1,0.005290,0.000000
13005,1,0.005288,0.000000
13006,1,0.005287,0.000000
13007,1,0.005285,0.000000
13008,1,0.005283,0.000000
13009,1,0.005281,0.000000
13010,1,0.005280,0.000000
13011,1,0.005278,0.000000
13012,1,0.005276,0.000000
13013,1,0.005274,0.000000
13014,1,0.005273,0.000000
13015,1,0.005271,0.000000
13016,1,0.005269,0.000000
13017,1,0.005267,0.000000
13018,1,0.005266,0.000000
13019,1,0.005264,0.000000
13020,1,0.005262,0.000000
13021,1,0.005260,0.000000
13022,1,0.005259,0.000000
13023,1,0.005257,0.000000
13024,1,0.005255,0.000000
13025,1,0.005253,0.000000
13026,1,0.005252,0.000000
13027,1,0.005250,0.000000
13028,1,0.005248,0.000000
13029,1,0.005246,0.000000
13030,1,0.005245,0.000000
13031,1,0.005243,0.000000
13032,1,0.005241,0.000000
13033,1,0.005239,0.000000
13034,1,0.005238,0.000000
13035,1,0.005236,0.000000
13036,1,0.005234,0.000000
13037,1,0.005232,0.000000
13038,1,0.005231,0.000000
13039,1,0.005229,0.000000
13040,1,0.005227,0.000000
13041,1,0.005225,0.000000
13042,1,0.005224,0.000000
13043,1,0.005222,0.000000
13044,1,0.005220,0.000000
13045,1,0.005219,0.000000
13046,1,0.005217,0.000000
13047,1,0.005215,0.000000
13048,1,0.005213,0.000000
13049,1,0.005212,0.000000
13050,1,0.005210,0.000000
13051,1,0.005208,0.000000
13052,1,0.005206,0.000000
13053,1,0.005205,0.000000
13054,1,0.005203,0.000000
13055,1,0.005201,0.000000
13056,1,0.005200,0.000000
13057,1,0.005198,0.000000
13058,1,0.005196,0.000000
13059,1,0.005194,0.000000
13060,1,0.005193,0.000000
13061,1,0.005191,0.000000
13062,1,0.005189,0.000000
13063,1,0.005188,0.000000
13064,1,0.005186,0.000000
13065,1,0.005184,0.000000
13066,1,0.005182,0.000000
13067,1,0.005181,0.000000
13068,1,0.005179,0.000000
13069,1,0.005177,0.000000
13070,1,0.005176,0.000000
13071,1,0.005174,0.000000
13072,1,0.005172,0.000000
13073,1,0.005170,0.000000
13074,1,0.005169,0.000000
13075,1,0.005167,0.000000
13076,1,0.005165,0.000000
13077,1,0.005164,0.000000
13078,1,0.005162,0.000000
13079,1,0.005160,0.000000
13080,1,0.005159,0.000000
13081,1,0.005157,0.000000
13082,1,0.005155,0.000000
13083,1,0.005153,0.000000
13084,1,0.005152,0.000000
13085,1,0.005150,0.000000
13086,1,0.005148,0.000000
13087,1,0.005147,0.000000
13088,1,0.005145,0.000000
13089,1,0.005143,0.000000
13090,1,0.005142,0.000000
13091,1,0.005140,0.000000
13092,1,0.005138,0.000000
13093,1,0.005137,0.000000
13094,1,0.005135,0.000000
13095,1,0.005133,0.000000
13096,1,0.005132,0.000000
13097,1,0.005130,0.000000
13098,1,0.005128,0.000000
13099,1,0.005126,0.000000
13100,1,0.005125,0.000000
13101,1,0.005123,0.000000
13102,1,0.005121,0.000000
13103,1,0.005120,0.000000
13104,1,0.005118,0.000000
13105,1,0.005116,0.000000
13106,1,0.005115,0.000000
13107,1,0.005113,0.000000
13108,1,0.005111,0.000000
13109,1,0.005110,0.000000
13110,1,0.005108,0.000000
13111,1,0.005106,0.000000
13112,1,0.005105,0.000000
13113,1,0.005103,0.000000
13114,1,0.005101,0.000000
13115,1,0.005100,0.000000
13116,1,0.005098,0.000000
13117,1,0.005096,0.000000
13118,1,0.005095,0.000000
13119,1,0.005093,0.000000
13120,1,0.005091,0.000000
13121,1,0.005090,0.000000
13122,1,0.005088,0.000000
13123,1,0.005086,0.000000
13124,1,0.005085,0.000000
13125,1,0.005083,0.000000
13126,1,0.005081,0.000000
13127,1,0.005080,0.000000
13128,1,0.005078,0.000000
13129,1,0.005076,0.000000
13130,1,0.005075,0.000000
13131,1,0.005073,0.000000
13132,1,0.005071,0.000000
13133,1,0.005070,0.000000
13134,1,0.005068,0.000000
13135,1,0.005066,0.000000
13136,1,0.005065,0.000000
13137,1,0.005063,0.000000
13138,1,0.005061,0.000000
13139,1,0.005060,0.000000
13140,1,0.005058,0.000000
13141,1,0.005057,0.000000
13142,1,0.005055,0.000000
13143,1,0.005053,0.000000
13144,1,0.005052,0.000000
13145,1,0.005050,0.000000
13146,1,0.005048,0.000000
13147,1,0.005047,0.000000
13148,1,0.005045,0.000000
13149,1,0.005043,0.000000
13150,1,0.005042,0.000000
13151,1,0.005040,0.000000
13152,1,0.005038,0.000000
13153,1,0.005037,0.000000
13154,1,0.005035,0.000000
13155,1,0.005034,0.000000
13156,1,0.005032,0.000000
13157,1,0.005030,0.000000
13158,1,0.005029,0.000000
13159,1,0.005027,0.000000
13160,1,0.005025,0.000000
13161,1,0.005024,0.000000
13162,1,0.005022,0.000000
13163,1,0.005020,0.000000
13164,1,0.005019,0.000000
13165,1,0.005017,0.000000
13166,1,0.005016,0.000000
13167,1,0.005014,0.000000
13168,1,0.005012,0.000000
13169,1,0.005011,0.000000
13170,1,0.005009,0.000000
13171,1,0.005007,0.000000
13172,1,0.005006,0.000000
13173,1,0.005004,0.000000
13174,1,0.005003,0.000000
13175,1,0.005001,0.000000
13176,1,0.004999,0.000000
13177,1,0.004998,0.000000
13178,1,0.004996,0.000000
13179,1,0.004994,0.000000
13180,1,0.004993,0.000000
13181,1,0.004991,0.000000
13182,1,0.004990,0.000000
13183,1,0.004988,0.000000
13184,1,0.004986,0.000000
13185,1,0.004985,0.000000
13186,1,0.004983,0.000000
13187,1,0.004982,0.000000
13188,1,0.004980,0.000000
13189,1,0.004978,0.000000
13190,1,0.004977,0.000000
13191,1,0.004975,0.000000
13192,1,0.004974,0.000000
13193,1,0.004972,0.000000
13194,1,0.004970,0.000000
13195,1,0.004969,0.000000
13196,1,0.004967,0.000000
13197,1,0.004965,0.000000
13198,1,0.004964,0.000000
13199,1,0.004962,0.000000
13200,1,0.004961,0.000000
13201,1,0.004959,0.000000
13202,1,0.004957,0.000000
13203,1,0.004956,0.000000
13204,1,0.004954,0.000000
13205,1,0.004953,0.000000
13206,1,0.004951,0.000000
13207,1,0.004949,0.000000
13208,1,0.004948,0.000000
13209,1,0.004946,0.000000
13210,1,0.004945,0.000000
13211,1,0.004943,0.000000
13212,1,0.004942,0.000000
13213,1,0.004940,0.000000
13214,1,0.004938,0.000000
13215,1,0.004937,0.000000
13216,1,0.004935,0.000000
13217,1,0.004934,0.000000
13218,1,0.004932,0.000000
13219,1,0.004930,0.000000
13220,1,0.004929,0.000000
13221,1,0.004927,0.000000
13222,1,0.004926,0.000000
13223,1,0.004924,0.000000
13224,1,0.004922,0.000000
13225,1,0.004921,0.000000
13226,1,0.004919,0.000000
13227,1,0.004918,0.000000
13228,1,0.004916,0.000000
13229,1,0.004915,0.000000
13230,1,0.004913,0.000000
13231,1,0.004911,0.000000
13232,1,0.004910,0.000000
13233,1,0.004908,0.000000
13234,1,0.004907,0.000000
13235,1,0.004905,0.000000
13236,1,0.004904,0.000000
13237,1,0.004902,0.000000
13238,1,0.004900,0.000000
13239,1,0.004899,0.000000
13240,1,0.004897,0.000000
13241,1,0.004896,0.000000
13242,1,0.004894,0.000000
13243,1,0.004893,0.000000
13244,1,0.004891,0.000000
13245,1,0.004889,0.000000
13246,1,0.004888,0.000000
13247,1,0.004886,0.000000
13248,1,0.004885,0.000000
13249,1,0.004883,0.000000
13250,1,0.004882,0.000000
13251,1,0.004880,0.000000
13252,1,0.004878,0.000000
13253,1,0.004877,0.000000
13254,1,0.004875,0.000000
13255,1,0.004874,0.000000
13256,1,0.004872,0.000000
13257,1,0.004871,0.000000
13258,1,0.004869,0.000000
13259,1,0.004868,0.000000
13260,1,0.004866,0.000000
13261,1,0.004864,0.000000
13262,1,0.004863,0.000000
13263,1,0.004861,0.000000
13264,1,0.004860,0.000000
13265,1,0.004858,0.000000
13266,1,0.004857,0.000000
13267,1,0.004855,0.000000
13268,1,0.004854,0.000000
13269,1,0.004852,0.000000
13270,1,0.004850,0.000000
13271,1,0.004849,0.000000
13272,1,0.004847,0.000000
13273,1,0.004846,0.000000
13274,1,0.004844,0.000000
13275,1,0.004843,0.000000
13276,1,0.004841,0.000000
13277,1,0.004840,0.000000
13278,1,0.004838,0.000000
13279,1,0.004837,0.000000
13280,1,0.004835,0.000000
13281,1,0.004833,0.000000
13282,1,0.004832,0.000000
13283,1,0.004830,0.000000
13284,1,0.004829,0.000000
13285,1,0.004827,0.000000
13286,1,0.004826,0.000000
13287,1,0.004824,0.000000
13288,1,0.004823,0.000000
13289,1,0.004821,0.000000
13290,1,0.004820,0.000000
13291,1,0.004818,0.000000
13292,1,0.004817,0.000000
13293,1,0.004815,0.000000
13294,1,0.004813,0.000000
13295,1,0.004812,0.000000
13296,1,0.004810,0.000000
13297,1,0.004809,0.000000
13298,1,0.004807,0.000000
13299,1,0.004806,0.000000
13300,1,0.004804,0.000000
13301,1,0.004803,0.000000
13302,1,0.004801,0.000000
13303,1,0.004800,0.000000
13304,1,0.004798,0.000000
13305,1,0.004797,0.000000
13306,1,0.004795,0.000000
13307,1,0.004794,0.000000
13308,1,0.004792,0.000000
13309,1,0.004791,0.000000
13310,1,0.004789,0.000000
13311,1,0.004788,0.000000
13312,1,0.004786,0.000000
13313,1,0.004785,0.000000
13314,1,0.004783,0.000000
13315,1,0.004781,0.000000
13316,1,0.004780,0.000000
13317,1,0.004778,0.000000
13318,1,0.004777,0.000000
13319,1,0.004775,0.000000
13320,1,0.004774,0.000000
13321,1,0.004772,0.000000
13322,1,0.004771,0.000000
13323,1,0.004769,0.000000
13324,1,0.004768,0.000000
13325,1,0.004766,0.000000
13326,1,0.004765,0.000000
13327,1,0.004763,0.000000
13328,1,0.004762,0.000000
13329,1,0.004760,0.000000
13330,1,0.004759,0.000000
13331,1,0.004757,0.000000
13332,1,0.004756,0.000000
13333,1,0.004754,0.000000
13334,1,0.004753,0.000000
13335,1,0.004751,0.000000
13336,1,0.004750,0.000000
13337,1,0.004748,0.000000
13338,1,0.004747,0.000000
13339,1,0.004745,0.000000
13340,1,0.004744,0.000000
13341,1,0.004742,0.000000
13342,1,0.004741,0.000000
13343,1,0.004739,0.000000
13344,1,0.004738,0.000000
13345,1,0.004736,0.000000
13346,1,0.004735,0.000000
13347,1,0.004733,0.000000
13348,1,0.004732,0.000000
13349,1,0.004730,0.000000
13350,1,0.004729,0.000000
13351,1,0.004727,0.000000
13352,1,0.004726,0.000000
13353,1,0.004724,0.000000
13354,1,0.004723,0.000000
13355,1,0.004721,0.000000
13356,1,0.004720,0.000000
13357,1,0.004718,0.000000
13358,1,0.004717,0.000000
13359,1,0.004715,0.000000
13360,1,0.004714,0.000000
13361,1,0.004712,0.000000
13362,1,0.004711,0.000000
13363,1,0.004709,0.000000
13364,1,0.004708,0.000000
13365,1,0.004707,0.000000
13366,1,0.004705,0.000000
13367,1,0.004704,0.000000
13368,1,0.004702,0.000000
13369,1,0.004701,0.000000
13370,1,0.004699,0.000000
13371,1,0.004698,0.000000
13372,1,0.004696,0.000000
13373,1,0.004695,0.000000
13374,1,0.004693,0.000000
13375,1,0.004692,0.000000
13376,1,0.004690,0.000000
13377,1,0.004689,0.000000
13378,1,0.004687,0.000000
13379,1,0.004686,0.000000
13380,1,0.004684,0.000000
13381,1,0.004683,0.000000
13382,1,0.004681,0.000000
13383,1,0.004680,0.000000
13384,1,0.004678,0.000000
13385,1,0.004677,0.000000
13386,1,0.004676,0.000000
13387,1,0.004674,0.000000
13388,1,0.004673,0.000000
13389,1,0.004671,0.000000
13390,1,0.004670,0.000000
13391,1,0.004668,0.000000
13392,1,0.004667,0.000000
13393,1,0.004665,0.000000
13394,1,0.004664,0.000000
13395,1,0.004662,0.000000
13396,1,0.004661,0.000000
13397,1,0.004659,0.000000
13398,1,0.004658,0.000000
13399,1,0.004657,0.000000
13400,1,0.004655,0.000000
13401,1,0.004654,0.000000
13402,1,0.004652,0.000000
13403,1,0.004651,0.000000
13404,1,0.004649,0.000000
13405,1,0.004648,0.000000
13406,1,0.004646,0.000000
13407,1,0.004645,0.000000
13408,1,0.004643,0.000000
13409,1,0.004642,0.000000
13410,1,0.004641,0.000000
13411,1,0.004639,0.000000
13412,1,0.004638,0.000000
13413,1,0.004636,0.000000
13414,1,0.004635,0.000000
13415,1,0.004633,0.000000
13416,1,0.004632,0.000000
13417,1,0.004630,0.000000
13418,1,0.004629,0.000000
13419,1,0.004627,0.000000
13420,1,0.004626,0.000000
13421,1,0.004625,0.000000
13422,1,0.004623,0.000000
13423,1,0.004622,0.000000
13424,1,0.004620,0.000000
13425,1,0.004619,0.000000
13426,1,0.004617,0.000000
13427,1,0.004616,0.000000
13428,1,0.004614,0.000000
13429,1,0.004613,0.000000
13430,1,0.004612,0.000000
13431,1,0.004610,0.000000
13432,1,0.004609,0.000000
13433,1,0.004607,0.000000
13434,1,0.004606,0.000000
13435,1,0.004604,0.000000
13436,1,0.004603,0.000000
13437,1,0.004602,0.000000
13438,1,0.004600,0.000000
13439,1,0.004599,0.000000
13440,1,0.004597,0.000000
13441,1,0.004596,0.000000
13442,1,0.004594,0.000000
13443,1,0.004593,0.000000
13444,1,0.004592,0.000000
13445,1,0.004590,0.000000
13446,1,0.004589,0.000000
13447,1,0.004587,0.000000
13448,1,0.004586,0.000000
13449,1,0.004584,0.000000
13450,1,0.004583,0.000000
13451,1,0.004582,0.000000
13452,1,0.004580,0.000000
13453,1,0.004579,0.000000
13454,1,0.004577,0.000000
13455,1,0.004576,0.000000
13456,1,0.004574,0.000000
13457,1,0.004573,0.000000
13458,1,0.004572,0.000000
13459,1,0.004570,0.000000
13460,1,0.004569,0.000000
13461,1,0.004567,0.000000
13462,1,0.004566,0.000000
13463,1,0.004564,0.000000
13464,1,0.004563,0.000000
13465,1,0.004562,0.000000
13466,1,0.004560,0.000000
13467,1,0.004559,0.000000
13468,1,0.004557,0.000000
13469,1,0.004556,0.000000
13470,1,0.004555,0.000000
13471,1,0.004553,0.000000
13472,1,0.004552,0.000000
13473,1,0.004550,0.000000
13474,1,0.004549,0.000000
13475,1,0.004547,0.000000
13476,1,0.004546,0.000000
13477,1,0.004545,0.000000
13478,1,0.004543,0.000000
13479,1,0.004542,0.000000
13480,1,0.004540,0.000000
13481,1,0.004539,0.000000
13482,1,0.004538,0.000000
13483,1,0.004536,0.000000
13484,1,0.004535,0.000000
13485,1,0.004533,0.000000
13486,1,0.004532,0.000000
13487,1,0.004531,0.000000
13488,1,0.004529,0.000000
13489,1,0.004528,0.000000
13490,1,0.004526,0.000000
13491,1,0.004525,0.000000
13492,1,0.004524,0.000000
13493,1,0.004522,0.000000
13494,1,0.004521,0.000000
13495,1,0.004519,0.000000
13496,1,0.004518,0.000000
13497,1,0.004517,0.000000
13498,1,0.004515,0.000000
13499,1,0.004514,0.000000
13500,1,0.004512,0.000000
13501,1,0.004511,0.000000
13502,1,0.004510,0.000000
13503,1,0.004508,0.000000
13504,1,0.004507,0.000000
13505,1,0.004505,0.000000
13506,1,0.004504,0.000000
13507,1,0.004503,0.000000
13508,1,0.004501,0.000000
13509,1,0.004500,0.000000
13510,1,0.004499,0.000000
13511,1,0.004497,0.000000
13512,1,0.004496,0.000000
13513,1,0.004494,0.000000
13514,1,0.004493,0.000000
13515,1,0.004492,0.000000
13516,1,0.004490,0.000000
13517,1,0.004489,0.000000
13518,1,0.004487,0.000000
13519,1,0.004486,0.000000
13520,1,0.004485,0.000000
13521,1,0.004483,0.000000
13522,1,0.004482,0.000000
13523,1,0.004481,0.000000
13524,1,0.004479,0.000000
13525,1,0.004478,0.000000
13526,1,0.004476,0.000000
13527,1,0.004475,0.000000
13528,1,0.004474,0.000000
13529,1,0.004472,0.000000
13530,1,0.004471,0.000000
13531,1,0.004469,0.000000
13532,1,0.004468,0.000000
13533,1,0.004467,0.000000
13534,1,0.004465,0.000000
13535,1,0.004464,0.000000
13536,1,0.004463,0.000000
13537,1,0.004461,0.000000
13538,1,0.004460,0.000000
13539,1,0.004458,0.000000
13540,1,0.004457,0.000000
13541,1,0.004456,0.000000
13542,1,0.004454,0.000000
13543,1,0.004453,0.000000
13544,1,0.004452,0.000000
13545,1,0.004450,0.000000
13546,1,0.004449,0.000000
13547,1,0.004448,0.000000
13548,1,0.004446,0.000000
13549,1,0.004445,0.000000
13550,1,0.004443,0.000000
13551,1,0.004442,0.000000
13552,1,0.004441,0.000000
13553,1,0.004439,0.000000
13554,1,0.004438,0.000000
13555,1,0.004437,0.000000
13556,1,0.004435,0.000000
13557,1,0.004434,0.000000
13558,1,0.004433,0.000000
13559,1,0.004431,0.000000
13560,1,0.004430,0.000000
13561,1,0.004428,0.000000
13562,1,0.004427,0.000000
13563,1,0.004426,0.000000
13564,1,0.004424,0.000000
13565,1,0.004423,0.000000
13566,1,0.004422,0.000000
13567,1,0.004420,0.000000
13568,1,0.004419,0.000000
13569,1,0.004418,0.000000
13570,1,0.004416,0.000000
13571,1,0.004415,0.000000
13572,1,0.004414,0.000000
13573,1,0.004412,0.000000
13574,1,0.004411,0.000000
13575,1,0.004410,0.000000
13576,1,0.004408,0.000000
13577,1,0.004407,0.000000
13578,1,0.004405,0.000000
13579,1,0.004404,0.000000
13580,1,0.004403,0.000000
13581,1,0.004401,0.000000
13582,1,0.004400,0.000000
13583,1,0.004399,0.000000
13584,1,0.004397,0.000000
13585,1,0.004396,0.000000
13586,1,0.004395,0.000000
13587,1,0.004393,0.000000
13588,1,0.004392,0.000000
13589,1,0.004391,0.000000
13590,1,0.004389,0.000000
13591,1,0.004388,0.000000
13592,1,0.004387,0.000000
13593,1,0.004385,0.000000
13594,1,0.004384,0.000000
13595,1,0.004383,0.000000
13596,1,0.004381,0.000000
13597,1,0.004380,0.000000
13598,1,0.004379,0.000000
13599,1,0.004377,0.000000
13600,1,0.004376,0.000000
13601,1,0.004375,0.000000
13602,1,0.004373,0.000000
13603,1,0.004372,0.000000
13604,1,0.004371,0.000000
13605,1,0.004369,0.000000
13606,1,0.004368,0.000000
13607,1,0.004367,0.000000
13608,1,0.004365,0.000000
13609,1,0.004364,0.000000
13610,1,0.004363,0.000000
13611,1,0.004361,0.000000
13612,1,0.004360,0.000000
13613,1,0.004359,0.000000
13614,1,0.004357,0.000000
13615,1,0.004356,0.000000
13616,1,0.004355,0.000000
13617,1,0.004353,0.000000
13618,1,0.004352,0.000000
13619,1,0.004351,0.000000
13620,1,0.004349,0.000000
13621,1,0.004348,0.000000
13622,1,0.004347,0.000000
13623,1,0.004345,0.000000
13624,1,0.004344,0.000000
13625,1,0.004343,0.000000
13626,1,0.004341,0.000000
13627,1,0.004340,0.000000
13628,1,0.004339,0.000000
13629,1,0.004337,0.000000
13630,1,0.004336,0.000000
13631,1,0.004335,0.000000
13632,1,0.004334,0.000000
13633,1,0.004332,0.000000
13634,1,0.004331,0.000000
13635,1,0.004330,0.000000
13636,1,0.004328,0.000000
13637,1,0.004327,0.000000
13638,1,0.004326,0.000000
13639,1,0.004324,0.000000
13640,1,0.004323,0.000000
13641,1,0.004322,0.000000
13642,1,0.004320,0.000000
13643,1,0.004319,0.000000
13644,1,0.004318,0.000000
13645,1,0.004316,0.000000
13646,1,0.004315,0.000000
13647,1,0.004314,0.000000
13648,1,0.004313,0.000000
13649,1,0.004311,0.000000
13650,1,0.004310,0.000000
13651,1,0.004309,0.000000
13652,1,0.004307,0.000000
13653,1,0.004306,0.000000
13654,1,0.004305,0.000000
13655,1,0.004303,0.000000
13656,1,0.004302,0.000000
13657,1,0.004301,0.000000
13658,1,0.004299,0.000000
13659,1,0.004298,0.000000
13660,1,0.004297,0.000000
13661,1,0.004296,0.000000
13662,1,0.004294,0.000000
13663,1,0.004293,0.000000
13664,1,0.004292,0.000000
13665,1,0.004290,0.000000
13666,1,0.004289,0.000000
13667,1,0.004288,0.000000
13668,1,0.004286,0.000000
13669,1,0.004285,0.000000
13670,1,0.004284,0.000000
13671,1,0.004283,0.000000
13672,1,0.004281,0.000000
13673,1,0.004280,0.000000
13674,1,0.004279,0.000000
13675,1,0.004277,0.000000
13676,1,0.004276,0.000000
13677,1,0.004275,0.000000
13678,1,0.004274,0.000000
13679,1,0.004272,0.000000
13680,1,0.004271,0.000000
13681,1,0.004270,0.000000
13682,1,0.004268,0.000000
13683,1,0.004267,0.000000
13684,1,0.004266,0.000000
13685,1,0.004264,0.000000
13686,1,0.004263,0.000000
13687,1,0.004262,0.000000
13688,1,0.004261,0.000000
13689,1,0.004259,0.000000
13690,1,0.004258,0.000000
13691,1,0.004257,0.000000
13692,1,0.004255,0.000000
13693,1,0.004254,0.000000
13694,1,0.004253,0.000000
13695,1,0.004252,0.000000
13696,1,0.004250,0.000000
13697,1,0.004249,0.000000
13698,1,0.004248,0.000000
13699,1,0.004247,0.000000
13700,1,0.004245,0.000000
13701,1,0.004244,0.000000
13702,1,0.004243,0.000000
13703,1,0.004241,0.000000
13704,1,0.004240,0.000000
13705,1,0.004239,0.000000
13706,1,0.004238,0.000000
13707,1,0.004236,0.000000
13708,1,0.004235,0.000000
13709,1,0.004234,0.000000
13710,1,0.004232,0.000000
13711,1,0.004231,0.000000
13712,1,0.004230,0.000000
13713,1,0.004229,0.000000
13714,1,0.004227,0.000000
13715,1,0.004226,0.000000
13716,1,0.004225,0.000000
13717,1,0.004224,0.000000
13718,1,0.004222,0.000000
13719,1,0.004221,0.000000
13720,1,0.004220,0.000000
13721,1,0.004218,0.000000
13722,1,0.004217,0.000000
13723,1,0.004216,0.000000
13724,1,0.004215,0.000000
13725,1,0.004213,0.000000
13726,1,0.004212,0.000000
13727,1,0.004211,0.000000
13728,1,0.004210,0.000000
13729,1,0.004208,0.000000
13730,1,0.004207,0.000000
13731,1,0.004206,0.000000
13732,1,0.004205,0.000000
13733,1,0.004203,0.000000
13734,1,0.004202,0.000000
13735,1,0.004201,0.000000
13736,1,0.004199,0.000000
13737,1,0.004198,0.000000
13738,1,0.004197,0.000000
13739,1,0.004196,0.000000
13740,1,0.004194,0.000000
13741,1,0.004193,0.000000
13742,1,0.004192,0.000000
13743,1,0.004191,0.000000
13744,1,0.004189,0.000000
13745,1,0.004188,0.000000
13746,1,0.004187,0.000000
13747,1,0.004186,0.000000
13748,1,0.004184,0.000000
13749,1,0.004183,0.000000
13750,1,0.004182,0.000000
13751,1,0.004181,0.000000
13752,1,0.004179,0.000000
13753,1,0.004178,0.000000
13754,1,0.004177,0.000000
13755,1,0.004176,0.000000
13756,1,0.004174,0.000000
13757,1,0.004173,0.000000
13758,1,0.004172,0.000000
13759,1,0.004171,0.000000
13760,1,0.004169,0.000000
13761,1,0.004168,0.000000
13762,1,0.004167,0.000000
13763,1,0.004166,0.000000
13764,1,0.004164,0.000000
13765,1,0.004163,0.000000
13766,1,0.004162,0.000000
13767,1,0.004161,0.000000
13768,1,0.004159,0.000000
13769,1,0.004158,0.000000
13770,1,0.004157,0.000000
13771,1,0.004156,0.000000
13772,1,0.004154,0.000000
13773,1,0.004153,0.000000
13774,1,0.004152,0.000000
13775,1,0.004151,0.000000
13776,1,0.004149,0.000000
13777,1,0.004148,0.000000
13778,1,0.004147,0.000000
13779,1,0.004146,0.000000
13780,1,0.004145,0.000000
13781,1,0.004143,0.000000
13782,1,0.004142,0.000000
13783,1,0.004141,0.000000
13784,1,0.004140,0.000000
13785,1,0.004138,0.000000
13786,1,0.004137,0.000000
13787,1,0.004136,0.000000
13788,1,0.004135,0.000000
13789,1,0.004133,0.000000
13790,1,0.004132,0.000000
13791,1,0.004131,0.000000
13792,1,0.004130,0.000000
13793,1,0.004128,0.000000
13794,1,0.004127,0.000000
13795,1,0.004126,0.000000
13796,1,0.004125,0.000000
13797,1,0.004124,0.000000
13798,1,0.004122,0.000000
13799,1,0.004121,0.000000
13800,1,0.004120,0.000000
13801,1,0.004119,0.000000
13802,1,0.004117,0.000000
13803,1,0.004116,0.000000
13804,1,0.004115,0.000000
13805,1,0.004114,0.000000
13806,1,0.004112,0.000000
13807,1,0.004111,0.000000
13808,1,0.004110,0.000000
13809,1,0.004109,0.000000
13810,1,0.004108,0.000000
13811,1,0.004106,0.000000
13812,1,0.004105,0.000000
13813,1,0.004104,0.000000
13814,1,0.004103,0.000000
13815,1,0.004101,0.000000
13816,1,0.004100,0.000000
13817,1,0.004099,0.000000
13818,1,0.004098,0.000000
13819,1,0.004097,0.000000
13820,1,0.004095,0.000000
13821,1,0.004094,0.000000
13822,1,0.004093,0.000000
13823,1,0.004092,0.000000
13824,1,0.004091,0.000000
13825,1,0.004089,0.000000
13826,1,0.004088,0.000000
13827,1,0.004087,0.000000
13828,1,0.004086,0.000000
13829,1,0.004084,0.000000
13830,1,0.004083,0.000000
13831,1,0.004082,0.000000
13832,1,0.004081,0.000000
13833,1,0.004080,0.000000
13834,1,0.004078,0.000000
13835,1,0.004077,0.000000
13836,1,0.004076,0.000000
13837,1,0.004075,0.000000
13838,1,0.004074,0.000000
13839,1,0.004072,0.000000
13840,1,0.004071,0.000000
13841,1,0.004070,0.000000
13842,1,0.004069,0.000000
13843,1,0.004067,0.000000
13844,1,0.004066,0.000000
13845,1,0.004065,0.000000
13846,1,0.004064,0.000000
13847,1,0.004063,0.000000
13848,1,0.004061,0.000000
13849,1,0.004060,0.000000
13850,1,0.004059,0.000000
13851,1,0.004058,0.000000
13852,1,0.004057,0.000000
13853,1,0.004055,0.000000
13854,1,0.004054,0.000000
13855,1,0.004053,0.000000
13856,1,0.004052,0.000000
13857,1,0.004051,0.000000
13858,1,0.004049,0.000000
13859,1,0.004048,0.000000
13860,1,0.004047,0.000000
13861,1,0.004046,0.000000
13862,1,0.004045,0.000000
13863,1,0.004043,0.000000
13864,1,0.004042,0.000000
13865,1,0.004041,0.000000
13866,1,0.004040,0.000000
13867,1,0.004039,0.000000
13868,1,0.004037,0.000000
13869,1,0.004036,0.000000
13870,1,0.004035,0.000000
13871,1,0.004034,0.000000
13872,1,0.004033,0.000000
13873,1,0.004032,0.000000
13874,1,0.004030,0.000000
13875,1,0.004029,0.000000
13876,1,0.004028,0.000000
13877,1,0.004027,0.000000
13878,1,0.004026,0.000000
13879,1,0.004024,0.000000
13880,1,0.004023,0.000000
13881,1,0.004022,0.000000
13882,1,0.004021,0.000000
13883,1,0.004020,0.000000
13884,1,0.004018,0.000000
13885,1,0.004017,0.000000
13886,1,0.004016,0.000000
13887,1,0.004015,0.000000
13888,1,0.004014,0.000000
13889,1,0.004012,0.000000
13890,1,0.004011,0.000000
13891,1,0.004010,0.000000
13892,1,0.004009,0.000000
13893,1,0.004008,0.000000
13894,1,0.004007,0.000000
13895,1,0.004005,0.000000
13896,1,0.004004,0.000000
13897,1,0.004003,0.000000
13898,1,0.004002,0.000000
13899,1,0.004001,0.000000
13900,1,0.003999,0.000000
13901,1,0.003998,0.000000
13902,1,0.003997,0.000000
13903,1,0.003996,0.000000
13904,1,0.003995,0.000000
13905,1,0.003994,0.000000
13906,1,0.003992,0.000000
13907,1,0.003991,0.000000
13908,1,0.003990,0.000000
13909,1,0.003989,0.000000
13910,1,0.003988,0.000000
13911,1,0.003987,0.000000
13912,1,0.003985,0.000000
13913,1,0.003984,0.000000
13914,1,0.003983,0.000000
13915,1,0.003982,0.000000
13916,1,0.003981,0.000000
13917,1,0.003980,0.000000
13918,1,0.003978,0.000000
13919,1,0.003977,0.000000
13920,1,0.003976,0.000000
13921,1,0.003975,0.000000
13922,1,0.003974,0.000000
13923,1,0.003972,0.000000
13924,1,0.003971,0.000000
13925,1,0.003970,0.000000
13926,1,0.003969,0.000000
13927,1,0.003968,0.000000
13928,1,0.003967,0.000000
13929,1,0.003965,0.000000
13930,1,0.003964,0.000000
13931,1,0.003963,0.000000
13932,1,0.003962,0.000000
13933,1,0.003961,0.000000
13934,1,0.003960,0.000000
13935,1,0.003958,0.000000
13936,1,0.003957,0.000000
13937,1,0.003956,0.000000
13938,1,0.003955,0.000000
13939,1,0.003954,0.000000
13940,1,0.003953,0.000000
13941,1,0.003952,0.000000
13942,1,0.003950,0.000000
13943,1,0.003949,0.000000
13944,1,0.003948,0.000000
13945,1,0.003947,0.000000
13946,1,0.003946,0.000000
13947,1,0.003945,0.000000
13948,1,0.003943,0.000000
13949,1,0.003942,0.000000
13950,1,0.003941,0.000000
13951,1,0.003940,0.000000
13952,1,0.003939,0.000000
13953,1,0.003938,0.000000
13954,1,0.003936,0.000000
13955,1,0.003935,0.000000
13956,1,0.003934,0.000000
13957,1,0.003933,0.000000
13958,1,0.003932,0.000000
13959,1,0.003931,0.000000
13960,1,0.003930,0.000000
13961,1,0.003928,0.000000
13962,1,0.003927,0.000000
13963,1,0.003926,0.000000
13964,1,0.003925,0.000000
13965,1,0.003924,0.000000
13966,1,0.003923,0.000000
13967,1,0.003922,0.000000
13968,1,0.003920,0.000000
13969,1,0.003919,0.000000
13970,1,0.003918,0.000000
13971,1,0.003917,0.000000
13972,1,0.003916,0.000000
13973,1,0.003915,0.000000
13974,1,0.003913,0.000000
13975,1,0.003912,0.000000
13976,1,0.003911,0.000000
13977,1,0.003910,0.000000
13978,1,0.003909,0.000000
13979,1,0.003908,0.000000
13980,1,0.003907,0.000000
13981,1,0.003905,0.000000
13982,1,0.003904,0.000000
13983,1,0.003903,0.000000
13984,1,0.003902,0.000000
13985,1,0.003901,0.000000
13986,1,0.003900,0.000000
13987,1,0.003899,0.000000
13988,1,0.003897,0.000000
13989,1,0.003896,0.000000
13990,1,0.003895,0.000000
13991,1,0.003894,0.000000
13992,1,0.003893,0.000000
13993,1,0.003892,0.000000
13994,1,0.003891,0.000000
13995,1,0.003890,0.000000
13996,1,0.003888,0.000000
13997,1,0.003887,0.000000
13998,1,0.003886,0.000000
13999,1,0.003885,0.000000
14000,1,0.003884,0.000000
14001,1,0.003883,0.000000
14002,1,0.003882,0.000000
14003,1,0.003880,0.000000
14004,1,0.003879,0.000000
14005,1,0.003878,0.000000
14006,1,0.003877,0.000000
14007,1,0.003876,0.000000
14008,1,0.003875,0.000000
14009,1,0.003874,0.000000
14010,1,0.003873,0.000000
14011,1,0.003871,0.000000
14012,1,0.003870,0.000000
14013,1,0.003869,0.000000
14014,1,0.003868,0.000000
14015,1,0.003867,0.000000
14016,1,0.003866,0.000000
14017,1,0.003865,0.000000
14018,1,0.003864,0.000000
14019,1,0.003862,0.000000
14020,1,0.003861,0.000000
14021,1,0.003860,0.000000
14022,1,0.003859,0.000000
14023,1,0.003858,0.000000
14024,1,0.003857,0.000000
14025,1,0.003856,0.000000
14026,1,0.003855,0.000000
14027,1,0.003853,0.000000
14028,1,0.003852,0.000000
14029,1,0.003851,0.000000
14030,1,0.003850,0.000000
14031,1,0.003849,0.000000
14032,1,0.003848,0.000000
14033,1,0.003847,0.000000
14034,1,0.003846,0.000000
14035,1,0.003844,0.000000
14036,1,0.003843,0.000000
14037,1,0.003842,0.000000
14038,1,0.003841,0.000000
14039,1,0.003840,0.000000
14040,1,0.003839,0.000000
14041,1,0.003838,0.000000
14042,1,0.003837,0.000000
14043,1,0.003836,0.000000
14044,1,0.003834,0.000000
14045,1,0.003833,0.000000
14046,1,0.003832,0.000000
14047,1,0.003831,0.000000
14048,1,0.003830,0.000000
14049,1,0.003829,0.000000
14050,1,0.003828,0.000000
14051,1,0.003827,0.000000
14052,1,0.003825,0.000000
14053,1,0.003824,0.000000
14054,1,0.003823,0.000000
14055,1,0.003822,0.000000
14056,1,0.003821,0.000000
14057,1,0.003820,0.000000
14058,1,0.003819,0.000000
14059,1,0.003818,0.000000
14060,1,0.003817,0.000000
14061,1,0.003816,0.000000
14062,1,0.003814,0.000000
14063,1,0.003813,0.000000
14064,1,0.003812,0.000000
14065,1,0.003811,0.000000
14066,1,0.003810,0.000000
14067,1,0.003809,0.000000
14068,1,0.003808,0.000000
14069,1,0.003807,0.000000
14070,1,0.003806,0.000000
14071,1,0.003804,0.000000
14072,1,0.003803,0.000000
14073,1,0.003802,0.000000
14074,1,0.003801,0.000000
14075,1,0.003800,0.000000
14076,1,0.003799,0.000000
14077,1,0.003798,0.000000
14078,1,0.003797,0.000000
14079,1,0.003796,0.000000
14080,1,0.003795,0.000000
14081,1,0.003793,0.000000
14082,1,0.003792,0.000000
14083,1,0.003791,0.000000
14084,1,0.003790,0.000000
14085,1,0.003789,0.000000
14086,1,0.003788,0.000000
14087,1,0.003787,0.000000
14088,1,0.003786,0.000000
14089,1,0.003785,0.000000
14090,1,0.003784,0.000000
14091,1,0.003782,0.000000
14092,1,0.003781,0.000000
14093,1,0.003780,0.000000
14094,1,0.003779,0.000000
14095,1,0.003778,0.000000
14096,1,0.003777,0.000000
14097,1,0.003776,0.000000
14098,1,0.003775,0.000000
14099,1,0.003774,0.000000
14100,1,0.003773,0.000000
14101,1,0.003772,0.000000
14102,1,0.003770,0.000000
14103,1,0.003769,0.000000
14104,1,0.003768,0.000000
14105,1,0.003767,0.000000
14106,1,0.003766,0.000000
14107,1,0.003765,0.000000
14108,1,0.003764,0.000000
14109,1,0.003763,0.000000
14110,1,0.003762,0.000000
14111,1,0.003761,0.000000
14112,1,0.003760,0.000000
14113,1,0.003759,0.000000
14114,1,0.003757,0.000000
14115,1,0.003756,0.000000
14116,1,0.003755,0.000000
14117,1,0.003754,0.000000
14118,1,0.003753,0.000000
14119,1,0.003752,0.000000
14120,1,0.003751,0.000000
14121,1,0.003750,0.000000
14122,1,0.003749,0.000000
14123,1,0.003748,0.000000
14124,1,0.003747,0.000000
14125,1,0.003746,0.000000
14126,1,0.003744,0.000000
14127,1,0.003743,0.000000
14128,1,0.003742,0.000000
14129,1,0.003741,0.000000
14130,1,0.003740,0.000000
14131,1,0.003739,0.000000
14132,1,0.003738,0.000000
14133,1,0.003737,0.000000
14134,1,0.003736,0.000000
14135,1,0.003735,0.000000
14136,1,0.003734,0.000000
14137,1,0.003733,0.000000
14138,1,0.003732,0.000000
14139,1,0.003730,0.000000
14140,1,0.003729,0.000000
14141,1,0.003728,0.000000
14142,1,0.003727,0.000000
14143,1,0.003726,0.000000
14144,1,0.003725,0.000000
14145,1,0.003724,0.000000
14146,1,0.003723,0.000000
14147,1,0.003722,0.000000
14148,1,0.003721,0.000000
14149,1,0.003720,0.000000
14150,1,0.003719,0.000000
14151,1,0.003718,0.000000
14152,1,0.003716,0.000000
14153,1,0.003715,0.000000
14154,1,0.003714,0.000000
14155,1,0.003713,0.000000
14156,1,0.003712,0.000000
14157,1,0.003711,0.000000
14158,1,0.003710,0.000000
14159,1,0.003709,0.000000
14160,1,0.003708,0.000000
14161,1,0.003707,0.000000
14162,1,0.003706,0.000000
14163,1,0.003705,0.000000
14164,1,0.003704,0.000000
14165,1,0.003703,0.000000
14166,1,0.003702,0.000000
14167,1,0.003700,0.000000
14168,1,0.003699,0.000000
14169,1,0.003698,0.000000
14170,1,0.003697,0.000000
14171,1,0.003696,0.000000
14172,1,0.003695,0.000000
14173,1,0.003694,0.000000
14174,1,0.003693,0.000000
14175,1,0.003692,0.000000
14176,1,0.003691,0.000000
14177,1,0.003690,0.000000
14178,1,0.003689,0.000000
14179,1,0.003688,0.000000
14180,1,0.003687,0.000000
14181,1,0.003686,0.000000
14182,1,0.003685,0.000000
14183,1,0.003684,0.000000
14184,1,0.003682,0.000000
14185,1,0.003681,0.000000
14186,1,0.003680,0.000000
14187,1,0.003679,0.000000
14188,1,0.003678,0.000000
14189,1,0.003677,0.000000
14190,1,0.003676,0.000000
14191,1,0.003675,0.000000
14192,1,0.003674,0.000000
14193,1,0.003673,0.000000
14194,1,0.003672,0.000000
14195,1,0.003671,0.000000
14196,1,0.003670,0.000000
14197,1,0.003669,0.000000
14198,1,0.003668,0.000000
14199,1,0.003667,0.000000
14200,1,0.003666,0.000000
14201,1,0.003665,0.000000
14202,1,0.003664,0.000000
14203,1,0.003662,0.000000
14204,1,0.003661,0.000000
14205,1,0.003660,0.000000
14206,1,0.003659,0.000000
14207,1,0.003658,0.000000
14208,1,0.003657,0.000000
14209,1,0.003656,0.000000
14210,1,0.003655,0.000000
14211,1,0.003654,0.000000
14212,1,0.003653,0.000000
14213,1,0.003652,0.000000
14214,1,0.003651,0.000000
14215,1,0.003650,0.000000
14216,1,0.003649,0.000000
14217,1,0.003648,0.000000
14218,1,0.003647,0.000000
14219,1,0.003646,0.000000
14220,1,0.003645,0.000000
14221,1,0.003644,0.000000
14222,1,0.003643,0.000000
14223,1,0.003642,0.000000
14224,1,0.003641,0.000000
14225,1,0.003639,0.000000
14226,1,0.003638,0.000000
14227,1,0.003637,0.000000
14228,1,0.003636,0.000000
14229,1,0.003635,0.000000
14230,1,0.003634,0.000000
14231,1,0.003633,0.000000
14232,1,0.003632,0.000000
14233,1,0.003631,0.000000
14234,1,0.003630,0.000000
14235,1,0.003629,0.000000
14236,1,0.003628,0.000000
14237,1,0.003627,0.000000
14238,1,0.003626,0.000000
14239,1,0.003625,0.000000
14240,1,0.003624,0.000000
14241,1,0.003623,0.000000
14242,1,0.003622,0.000000
14243,1,0.003621,0.000000
14244,1,0.003620,0.000000
14245,1,0.003619,0.000000
14246,1,0.003618,0.000000
14247,1,0.003617,0.000000
14248,1,0.003616,0.000000
14249,1,0.003615,0.000000
14250,1,0.003614,0.000000
14251,1,0.003613,0.000000
14252,1,0.003612,0.000000
14253,1,0.003611,0.000000
14254,1,0.003609,0.000000
14255,1,0.003608,0.000000
14256,1,0.003607,0.000000
14257,1,0.003606,0.000000
14258,1,0.003605,0.000000
14259,1,0.003604,0.000000
14260,1,0.003603,0.000000
14261,1,0.003602,0.000000
14262,1,0.003601,0.000000
14263,1,0.003600,0.000000
14264,1,0.003599,0.000000
14265,1,0.003598,0.000000
14266,1,0.003597,0.000000
14267,1,0.003596,0.000000
14268,1,0.003595,0.000000
14269,1,0.003594,0.000000
14270,1,0.003593,0.000000
14271,1,0.003592,0.000000
14272,1,0.003591,0.000000
14273,1,0.003590,0.000000
14274,1,0.003589,0.000000
14275,1,0.003588,0.000000
14276,1,0.003587,0.000000
14277,1,0.003586,0.000000
14278,1,0.003585,0.000000
14279,1,0.003584,0.000000
14280,1,0.003583,0.000000
14281,1,0.003582,0.000000
14282,1,0.003581,0.000000
14283,1,0.003580,0.000000
14284,1,0.003579,0.000000
14285,1,0.003578,0.000000
14286,1,0.003577,0.000000
14287,1,0.003576,0.000000
14288,1,0.003575,0.000000
14289,1,0.003574,0.000000
14290,1,0.003573,0.000000
14291,1,0.003572,0.000000
14292,1,0.003571,0.000000
14293,1,0.003570,0.000000
14294,1,0.003569,0.000000
14295,1,0.003568,0.000000
14296,1,0.003567,0.000000
14297,1,0.003566,0.000000
14298,1,0.003565,0.000000
14299,1,0.003564,0.000000
14300,1,0.003563,0.000000
14301,1,0.003562,0.000000
14302,1,0.003561,0.000000
14303,1,0.003560,0.000000
14304,1,0.003558,0.000000
14305,1,0.003557,0.000000
14306,1,0.003556,0.000000
14307,1,0.003555,0.000000
14308,1,0.003554,0.000000
14309,1,0.003553,0.000000
14310,1,0.003552,0.000000
14311,1,0.003551,0.000000
14312,1,0.003550,0.000000
14313,1,0.003549,0.000000
14314,1,0.003548,0.000000
14315,1,0.003547,0.000000
14316,1,0.003546,0.000000
14317,1,0.003545,0.000000
14318,1,0.003544,0.000000
14319,1,0.003543,0.000000
14320,1,0.003542,0.000000
14321,1,0.003541,0.000000
14322,1,0.003540,0.000000
14323,1,0.003539,0.000000
14324,1,0.003538,0.000000
14325,1,0.003537,0.000000
14326,1,0.003536,0.000000
14327,1,0.003535,0.000000
14328,1,0.003534,0.000000
14329,1,0.003533,0.000000
14330,1,0.003532,0.000000
14331,1,0.003531,0.000000
14332,1,0.003530,0.000000
14333,1,0.003529,0.000000
14334,1,0.003528,0.000000
14335,1,0.003527,0.000000
14336,1,0.003526,0.000000
14337,1,0.003525,0.000000
14338,1,0.003524,0.000000
14339,1,0.003523,0.000000
14340,1,0.003522,0.000000
14341,1,0.003521,0.000000
14342,1,0.003520,0.000000
14343,1,0.003519,0.000000
14344,1,0.003518,0.000000
14345,1,0.003517,0.000000
14346,1,0.003516,0.000000
14347,1,0.003515,0.000000
14348,1,0.003514,0.000000
14349,1,0.003513,0.000000
14350,1,0.003512,0.000000
14351,1,0.003511,0.000000
14352,1,0.003510,0.000000
14353,1,0.003509,0.000000
14354,1,0.003508,0.000000
14355,1,0.003507,0.000000
14356,1,0.003506,0.000000
14357,1,0.003505,0.000000
14358,1,0.003504,0.000000
14359,1,0.003503,0.000000
14360,1,0.003502,0.000000
14361,1,0.003501,0.000000
14362,1,0.003501,0.000000
14363,1,0.003500,0.000000
14364,1,0.003499,0.000000
14365,1,0.003498,0.000000
14366,1,0.003497,0.000000
14367,1,0.003496,0.000000
14368,1,0.003495,0.000000
14369,1,0.003494,0.000000
14370,1,0.003493,0.000000
14371,1,0.003492,0.000000
14372,1,0.003491,0.000000
14373,1,0.003490,0.000000
14374,1,0.003489,0.000000
14375,1,0.003488,0.000000
14376,1,0.003487,0.000000
14377,1,0.003486,0.000000
14378,1,0.003485,0.000000
14379,1,0.003484,0.000000
14380,1,0.003483,0.000000
14381,1,0.003482,0.000000
14382,1,0.003481,0.000000
14383,1,0.003480,0.000000
14384,1,0.003479,0.000000
14385,1,0.003478,0.000000
14386,1,0.003477,0.000000
14387,1,0.003476,0.000000
14388,1,0.003475,0.000000
14389,1,0.003474,0.000000
14390,1,0.003473,0.000000
14391,1,0.003472,0.000000
14392,1,0.003471,0.000000
14393,1,0.003470,0.000000
14394,1,0.003469,0.000000
14395,1,0.003468,0.000000
14396,1,0.003467,0.000000
14397,1,0.003466,0.000000
14398,1,0.003465,0.000000
14399,1,0.003464,0.000000
14400,1,0.003463,0.000000
14401,1,0.003462,0.000000
14402,1,0.003461,0.000000
14403,1,0.003460,0.000000
14404,1,0.003459,0.000000
14405,1,0.003458,0.000000
14406,1,0.003457,0.000000
14407,1,0.003456,0.000000
14408,1,0.003455,0.000000
14409,1,0.003454,0.000000
14410,1,0.003453,0.000000
14411,1,0.003452,0.000000
14412,1,0.003451,0.000000
14413,1,0.003451,0.000000
14414,1,0.003450,0.000000
14415,1,0.003449,0.000000
14416,1,0.003448,0.000000
14417,1,0.003447,0.000000
14418,1,0.003446,0.000000
14419,1,0.003445,0.000000
14420,1,0.003444,0.000000
14421,1,0.003443,0.000000
14422,1,0.003442,0.000000
14423,1,0.003441,0.000000
14424,1,0.003440,0.000000
14425,1,0.003439,0.000000
14426,1,0.003438,0.000000
14427,1,0.003437,0.000000
14428,1,0.003436,0.000000
14429,1,0.003435,0.000000
14430,1,0.003434,0.000000
14431,1,0.003433,0.000000
14432,1,0.003432,0.000000
14433,1,0.003431,0.000000
14434,1,0.003430,0.000000
14435,1,0.003429,0.000000
14436,1,0.003428,0.000000
14437,1,0.003427,0.000000
14438,1,0.003426,0.000000
14439,1,0.003425,0.000000
14440,1,0.003424,0.000000
14441,1,0.003423,0.000000
14442,1,0.003423,0.000000
14443,1,0.003422,0.000000
14444,1,0.003421,0.000000
14445,1,0.003420,0.000000
14446,1,0.003419,0.000000
14447,1,0.003418,0.000000
14448,1,0.003417,0.000000
14449,1,0.003416,0.000000
14450,1,0.003415,0.000000
14451,1,0.003414,0.000000
14452,1,0.003413,0.000000
14453,1,0.003412,0.000000
14454,1,0.003411,0.000000
14455,1,0.003410,0.000000
14456,1,0.003409,0.000000
14457,1,0.003408,0.000000
14458,1,0.003407,0.000000
14459,1,0.003406,0.000000
14460,1,0.003405,0.000000
14461,1,0.003404,0.000000
14462,1,0.003403,0.000000
14463,1,0.003402,0.000000
14464,1,0.003401,0.000000
14465,1,0.003400,0.000000
14466,1,0.003400,0.000000
14467,1,0.003399,0.000000
14468,1,0.003398,0.000000
14469,1,0.003397,0.000000
14470,1,0.003396,0.000000
14471,1,0.003395,0.000000
14472,1,0.003394,0.000000
14473,1,0.003393,0.000000
14474,1,0.003392,0.000000
14475,1,0.003391,0.000000
14476,1,0.003390,0.000000
14477,1,0.003389,0.000000
14478,1,0.003388,0.000000
14479,1,0.003387,0.000000
14480,1,0.003386,0.000000
14481,1,0.003385,0.000000
14482,1,0.003384,0.000000
14483,1,0.003383,0.000000
14484,1,0.003382,0.000000
14485,1,0.003381,0.000000
14486,1,0.003381,0.000000
14487,1,0.003380,0.000000
14488,1,0.003379,0.000000
14489,1,0.003378,0.000000
14490,1,0.003377,0.000000
14491,1,0.003376,0.000000
14492,1,0.003375,0.000000
14493,1,0.003374,0.000000
14494,1,0.003373,0.000000
14495,1,0.003372,0.000000
14496,1,0.003371,0.000000
14497,1,0.003370,0.000000
14498,1,0.003369,0.000000
14499,1,0.003368,0.000000
14500,1,0.003367,0.000000
14501,1,0.003366,0.000000
14502,1,0.003365,0.000000
14503,1,0.003365,0.000000
14504,1,0.003364,0.000000
14505,1,0.003363,0.000000
14506,1,0.003362,0.000000
14507,1,0.003361,0.000000
14508,1,0.003360,0.000000
14509,1,0.003359,0.000000
14510,1,0.003358,0.000000
14511,1,0.003357,0.000000
14512,1,0.003356,0.000000
14513,1,0.003355,0.000000
14514,1,0.003354,0.000000
14515,1,0.003353,0.000000
14516,1,0.003352,0.000000
14517,1,0.003351,0.000000
14518,1,0.003350,0.000000
14519,1,0.003350,0.000000
14520,1,0.003349,0.000000
14521,1,0.003348,0.000000
14522,1,0.003347,0.000000
14523,1,0.003346,0.000000
14524,1,0.003345,0.000000
14525,1,0.003344,0.000000
14526,1,0.003343,0.000000
14527,1,0.003342,0.000000
14528,1,0.003341,0.000000
14529,1,0.003340,0.000000
14530,1,0.003339,0.000000
14531,1,0.003338,0.000000
14532,1,0.003337,0.000000
14533,1,0.003336,0.000000
14534,1,0.003336,0.000000
14535,1,0.003335,0.000000
14536,1,0.003334,0.000000
14537,1,0.003333,0.000000
14538,1,0.003332,0.000000
14539,1,0.003331,0.000000
14540,1,0.003330,0.000000
14541,1,0.003329,0.000000
14542,1,0.003328,0.000000
14543,1,0.003327,0.000000
14544,1,0.003326,0.000000
14545,1,0.003325,0.000000
14546,1,0.003324,0.000000
14547,1,0.003323,0.000000
14548,1,0.003323,0.000000
14549,1,0.003322,0.000000
14550,1,0.003321,0.000000
14551,1,0.003320,0.000000
14552,1,0.003319,0.000000
14553,1,0.003318,0.000000
14554,1,0.003317,0.000000
14555,1,0.003316,0.000000
14556,1,0.003315,0.000000
14557,1,0.003314,0.000000
14558,1,0.003313,0.000000
14559,1,0.003312,0.000000
14560,1,0.003311,0.000000
14561,1,0.003311,0.000000
14562,1,0.003310,0.000000
14563,1,0.003309,0.000000
14564,1,0.003308,0.000000
14565,1,0.003307,0.000000
14566,1,0.003306,0.000000
14567,1,0.003305,0.000000
14568,1,0.003304,0.000000
14569,1,0.003303,0.000000
14570,1,0.003302,0.000000
14571,1,0.003301,0.000000
14572,1,0.003300,0.000000
14573,1,0.003300,0.000000
14574,1,0.003299,0.000000
14575,1,0.003298,0.000000
14576,1,0.003297,0.000000
14577,1,0.003296,0.000000
14578,1,0.003295,0.000000
14579,1,0.003294,0.000000
14580,1,0.003293,0.000000
14581,1,0.003292,0.000000
14582,1,0.003291,0.000000
14583,1,0.003290,0.000000
14584,1,0.003289,0.000000
14585,1,0.003289,0.000000
14586,1,0.003288,0.000000
14587,1,0.003287,0.000000
14588,1,0.003286,0.000000
14589,1,0.003285,0.000000
14590,1,0.003284,0.000000
14591,1,0.003283,0.000000
14592,1,0.003282,0.000000
14593,1,0.003281,0.000000
14594,1,0.003280,0.000000
14595,1,0.003279,0.000000
14596,1,0.003278,0.000000
14597,1,0.003278,0.000000
14598,1,0.003277,0.000000
14599,1,0.003276,0.000000
14600,1,0.003275,0.000000
14601,1,0.003274,0.000000
14602,1,0.003273,0.000000
14603,1,0.003272,0.000000
14604,1,0.003271,0.000000
14605,1,0.003270,0.000000
14606,1,0.003269,0.000000
14607,1,0.003269,0.000000
14608,1,0.003268,0.000000
14609,1,0.003267,0.000000
14610,1,0.003266,0.000000
14611,1,0.003265,0.000000
14612,1,0.003264,0.000000
14613,1,0.003263,0.000000
14614,1,0.003262,0.000000
14615,1,0.003261,0.000000
14616,1,0.003260,0.000000
14617,1,0.003259,0.000000
14618,1,0.003259,0.000000
14619,1,0.003258,0.000000
14620,1,0.003257,0.000000
14621,1,0.003256,0.000000
14622,1,0.003255,0.000000
14623,1,0.003254,0.000000
14624,1,0.003253,0.000000
14625,1,0.003252,0.000000
14626,1,0.003251,0.000000
14627,1,0.003250,0.000000
14628,1,0.003250,0.000000
14629,1,0.003249,0.000000
14630,1,0.003248,0.000000
14631,1,0.003247,0.000000
14632,1,0.003246,0.000000
14633,1,0.003245,0.000000
14634,1,0.003244,0.000000
14635,1,0.003243,0.000000
14636,1,0.003242,0.000000
14637,1,0.003241,0.000000
14638,1,0.003241,0.000000
14639,1,0.003240,0.000000
14640,1,0.003239,0.000000
14641,1,0.003238,0.000000
14642,1,0.003237,0.000000
14643,1,0.003236,0.000000
14644,1,0.003235,0.000000
14645,1,0.003234,0.000000
14646,1,0.003233,0.000000
14647,1,0.003232,0.000000
14648,1,0.003232,0.000000
14649,1,0.003231,0.000000
14650,1,0.003230,0.000000
14651,1,0.003229,0.000000
14652,1,0.003228,0.000000
14653,1,0.003227,0.000000
14654,1,0.003226,0.000000
14655,1,0.003225,0.000000
14656,1,0.003224,0.000000
14657,1,0.003224,0.000000
14658,1,0.003223,0.000000
14659,1,0.003222,0.000000
14660,1,0.003221,0.000000
14661,1,0.003220,0.000000
14662,1,0.003219,0.000000
14663,1,0.003218,0.000000
14664,1,0.003217,0.000000
14665,1,0.003216,0.000000
14666,1,0.003216,0.000000
14667,1,0.003215,0.000000
14668,1,0.003214,0.000000
14669,1,0.003213,0.000000
14670,1,0.003212,0.000000
14671,1,0.003211,0.000000
14672,1,0.003210,0.000000
14673,1,0.003209,0.000000
14674,1,0.003208,0.000000
14675,1,0.003208,0.000000
14676,1,0.003207,0.000000
14677,1,0.003206,0.000000
14678,1,0.003205,0.000000
14679,1,0.003204,0.000000
14680,1,0.003203,0.000000
14681,1,0.003202,0.000000
14682,1,0.003201,0.000000
14683,1,0.003201,0.000000
14684,1,0.003200,0.000000
14685,1,0.003199,0.000000
14686,1,0.003198,0.000000
14687,1,0.003197,0.000000
14688,1,0.003196,0.000000
14689,1,0.003195,0.000000
14690,1,0.003194,0.000000
14691,1,0.003193,0.000000
14692,1,0.003193,0.000000
14693,1,0.003192,0.000000
14694,1,0.003191,0.000000
14695,1,0.003190,0.000000
14696,1,0.003189,0.000000
14697,1,0.003188,0.000000
14698,1,0.003187,0.000000
14699,1,0.003186,0.000000
14700,1,0.003186,0.000000
14701,1,0.003185,0.000000
14702,1,0.003184,0.000000
14703,1,0.003183,0.000000
14704,1,0.003182,0.000000
14705,1,0.003181,0.000000
14706,1,0.003180,0.000000
14707,1,0.003179,0.000000
14708,1,0.003179,0.000000
14709,1,0.003178,0.000000
14710,1,0.003177,0.000000
14711,1,0.003176,0.000000
14712,1,0.003175,0.000000
14713,1,0.003174,0.000000
14714,1,0.003173,0.000000
14715,1,0.003172,0.000000
14716,1,0.003172,0.000000
14717,1,0.003171,0.000000
14718,1,0.003170,0.000000
14719,1,0.003169,0.000000
14720,1,0.003168,0.000000
14721,1,0.003167,0.000000
14722,1,0.003166,0.000000
14723,1,0.003165,0.000000
14724,1,0.003165,0.000000
14725,1,0.003164,0.000000
14726,1,0.003163,0.000000
14727,1,0.003162,0.000000
14728,1,0.003161,0.000000
14729,1,0.003160,0.000000
14730,1,0.003159,0.000000
14731,1,0.003158,0.000000
14732,1,0.003158,0.000000
14733,1,0.003157,0.000000
14734,1,0.003156,0.000000
14735,1,0.003155,0.000000
14736,1,0.003154,0.000000
14737,1,0.003153,0.000000
14738,1,0.003152,0.000000
14739,1,0.003152,0.000000
14740,1,0.003151,0.000000
14741,1,0.003150,0.000000
14742,1,0.003149,0.000000
14743,1,0.003148,0.000000
14744,1,0.003147,0.000000
14745,1,0.003146,0.000000
14746,1,0.003145,0.000000
14747,1,0.003145,0.000000
14748,1,0.003144,0.000000
14749,1,0.003143,0.000000
14750,1,0.003142,0.000000
14751,1,0.003141,0.000000
14752,1,0.003140,0.000000
14753,1,0.003139,0.000000
14754,1,0.003139,0.000000
14755,1,0.003138,0.000000
14756,1,0.003137,0.000000
14757,1,0.003136,0.000000
14758,1,0.003135,0.000000
14759,1,0.003134,0.000000
14760,1,0.003133,0.000000
14761,1,0.003133,0.000000
14762,1,0.003132,0.000000
14763,1,0.003131,0.000000
14764,1,0.003130,0.000000
14765,1,0.003129,0.000000
14766,1,0.003128,0.000000
14767,1,0.003127,0.000000
14768,1,0.003127,0.000000
14769,1,0.003126,0.000000
14770,1,0.003125,0.000000
14771,1,0.003124,0.000000
14772,1,0.003123,0.000000
14773,1,0.003122,0.000000
14774,1,0.003121,0.000000
14775,1,0.003121,0.000000
14776,1,0.003120,0.000000
14777,1,0.003119,0.000000
14778,1,0.003118,0.000000
14779,1,0.003117,0.000000
14780,1,0.003116,0.000000
14781,1,0.003115,0.000000
14782,1,0.003115,0.000000
14783,1,0.003114,0.000000
14784,1,0.003113,0.000000
14785,1,0.003112,0.000000
14786,1,0.003111,0.000000
14787,1,0.003110,0.000000
14788,1,0.003109,0.000000
14789,1,0.003109,0.000000
14790,1,0.003108,0.000000
14791,1,0.003107,0.000000
14792,1,0.003106,0.000000
14793,1,0.003105,0.000000
14794,1,0.003104,0.000000
14795,1,0.003104,0.000000
14796,1,0.003103,0.000000
14797,1,0.003102,0.000000
14798,1,0.003101,0.000000
14799,1,0.003100,0.000000
14800,1,0.003099,0.000000
14801,1,0.003098,0.000000
14802,1,0.003098,0.000000
14803,1,0.003097,0.000000
14804,1,0.003096,0.000000
14805,1,0.003095,0.000000
14806,1,0.003094,0.000000
14807,1,0.003093,0.000000
14808,1,0.003092,0.000000
14809,1,0.003092,0.000000
14810,1,0.003091,0.000000
14811,1,0.003090,0.000000
14812,1,0.003089,0.000000
14813,1,0.003088,0.000000
14814,1,0.003087,0.000000
14815,1,0.003087,0.000000
14816,1,0.003086,0.000000
14817,1,0.003085,0.000000
14818,1,0.003084,0.000000
14819,1,0.003083,0.000000
14820,1,0.003082,0.000000
14821,1,0.003082,0.000000
14822,1,0.003081,0.000000
14823,1,0.003080,0.000000
14824,1,0.003079,0.000000
14825,1,0.003078,0.000000
14826,1,0.003077,0.000000
14827,1,0.003076,0.000000
14828,1,0.003076,0.000000
14829,1,0.003075,0.000000
14830,1,0.003074,0.000000
14831,1,0.003073,0.000000
14832,1,0.003072,0.000000
14833,1,0.003071,0.000000
14834,1,0.003071,0.000000
14835,1,0.003070,0.000000
14836,1,0.003069,0.000000
14837,1,0.003068,0.000000
14838,1,0.003067,0.000000
14839,1,0.003066,0.000000
14840,1,0.003066,0.000000
14841,1,0.003065,0.000000
14842,1,0.003064,0.000000
14843,1,0.003063,0.000000
14844,1,0.003062,0.000000
14845,1,0.003061,0.000000
14846,1,0.003061,0.000000
14847,1,0.003060,0.000000
14848,1,0.003059,0.000000
14849,1,0.003058,0.000000
14850,1,0.003057,0.000000
14851,1,0.003056,0.000000
14852,1,0.003056,0.000000
14853,1,0.003055,0.000000
14854,1,0.003054,0.000000
14855,1,0.003053,0.000000
14856,1,0.003052,0.000000
14857,1,0.003051,0.000000
14858,1,0.003051,0.000000
14859,1,0.003050,0.000000
14860,1,0.003049,0.000000
14861,1,0.003048,0.000000
14862,1,0.003047,0.000000
14863,1,0.003046,0.000000
14864,1,0.003046,0.000000
14865,1,0.003045,0.000000
14866,1,0.003044,0.000000
14867,1,0.003043,0.000000
14868,1,0.003042,0.000000
14869,1,0.003041,0.000000
14870,1,0.003041,0.000000
14871,1,0.003040,0.000000
14872,1,0.003039,0.000000
14873,1,0.003038,0.000000
14874,1,0.003037,0.000000
14875,1,0.003036,0.000000
14876,1,0.003036,0.000000
14877,1,0.003035,0.000000
14878,1,0.003034,0.000000
14879,1,0.003033,0.000000
14880,1,0.003032,0.000000
14881,1,0.003031,0.000000
14882,1,0.003031,0.000000
14883,1,0.003030,0.000000
14884,1,0.003029,0.000000
14885,1,0.003028,0.000000
14886,1,0.003027,0.000000
14887,1,0.003027,0.000000
14888,1,0.003026,0.000000
14889,1,0.003025,0.000000
14890,1,0.003024,0.000000
14891,1,0.003023,0.000000
14892,1,0.003022,0.000000
14893,1,0.003022,0.000000
14894,1,0.003021,0.000000
14895,1,0.003020,0.000000
14896,1,0.003019,0.000000
14897,1,0.003018,0.000000
14898,1,0.003017,0.000000
14899,1,0.003017,0.000000
14900,1,0.003016,0.000000
14901,1,0.003015,0.000000
14902,1,0.003014,0.000000
14903,1,0.003013,0.000000
14904,1,0.003013,0.000000
14905,1,0.003012,0.000000
14906,1,0.003011,0.000000
14907,1,0.003010,0.000000
14908,1,0.003009,0.000000
14909,1,0.003008,0.000000
14910,1,0.003008,0.000000
14911,1,0.003007,0.000000
14912,1,0.003006,0.000000
14913,1,0.003005,0.000000
14914,1,0.003004,0.000000
14915,1,0.003004,0.000000
14916,1,0.003003,0.000000
14917,1,0.003002,0.000000
14918,1,0.003001,0.000000
14919,1,0.003000,0.000000
14920,1,0.003000,0.000000
14921,1,0.002999,0.000000
14922,1,0.002998,0.000000
14923,1,0.002997,0.000000
14924,1,0.002996,0.000000
14925,1,0.002995,0.000000
14926,1,0.002995,0.000000
14927,1,0.002994,0.000000
14928,1,0.002993,0.000000
14929,1,0.002992,0.000000
14930,1,0.002991,0.000000
14931,1,0.002991,0.000000
14932,1,0.002990,0.000000
14933,1,0.002989,0.000000
14934,1,0.002988,0.000000
14935,1,0.002987,0.000000
14936,1,0.002986,0.000000
14937,1,0.002986,0.000000
14938,1,0.002985,0.000000
14939,1,0.002984,0.000000
14940,1,0.002983,0.000000
14941,1,0.002982,0.000000
14942,1,0.002982,0.000000
14943,1,0.002981,0.000000
14944,1,0.002980,0.000000
14945,1,0.002979,0.000000
14946,1,0.002978,0.000000
14947,1,0.002978,0.000000
14948,1,0.002977,0.000000
14949,1,0.002976,0.000000
14950,1,0.002975,0.000000
14951,1,0.002974,0.000000
14952,1,0.002974,0.000000
14953,1,0.002973,0.000000
14954,1,0.002972,0.000000
14955,1,0.002971,0.000000
14956,1,0.002970,0.000000
14957,1,0.002970,0.000000
14958,1,0.002969,0.000000
14959,1,0.002968,0.000000
14960,1,0.002967,0.000000
14961,1,0.002966,0.000000
14962,1,0.002966,0.000000
14963,1,0.002965,0.000000
14964,1,0.002964,0.000000
14965,1,0.002963,0.000000
14966,1,0.002962,0.000000
14967,1,0.002962,0.000000
14968,1,0.002961,0.000000
14969,1,0.002960,0.000000
14970,1,0.002959,0.000000
14971,1,0.002958,0.000000
14972,1,0.002957,0.000000
14973,1,0.002957,0.000000
14974,1,0.002956,0.000000
14975,1,0.002955,0.000000
14976,1,0.002954,0.000000
14977,1,0.002953,0.000000
14978,1,0.002953,0.000000
14979,1,0.002952,0.000000
14980,1,0.002951,0.000000
14981,1,0.002950,0.000000
14982,1,0.002950,0.000000
14983,1,0.002949,0.000000
14984,1,0.002948,0.000000
14985,1,0.002947,0.000000
14986,1,0.002946,0.000000
14987,1,0.002946,0.000000
14988,1,0.002945,0.000000
14989,1,0.002944,0.000000
14990,1,0.002943,0.000000
14991,1,0.002942,0.000000
14992,1,0.002942,0.000000
14993,1,0.002941,0.000000
14994,1,0.002940,0.000000
14995,1,0.002939,0.000000
14996,1,0.002938,0.000000
14997,1,0.002938,0.000000
14998,1,0.002937,0.000000
14999,1,0.002936,0.000000
15000,0,0.002935,0.000000
15001,0,0.003004,0.000000
15002,0,0.003112,0.000000
15003,0,0.003249,0.000000
15004,0,0.003410,0.000000
15005,0,0.003594,0.000000
15006,0,0.003799,0.000000
15007,0,0.004024,0.000000
15008,0,0.004269,0.000000
15009,0,0.004535,0.000000
15010,0,0.004819,0.000000
15011,0,0.005124,0.000000
15012,0,0.005448,0.000000
15013,0,0.005791,0.000000
15014,0,0.006153,0.000000
15015,0,0.006534,0.000000
15016,0,0.006933,0.000000
15017,0,0.007349,0.000000
15018,0,0.007783,0.000000
15019,0,0.008231,0.000000
15020,0,0.008694,0.000000
15021,0,0.009170,0.000000
15022,0,0.009657,0.000000
15023,0,0.010153,0.000000
15024,0,0.010655,0.000088
15025,0,0.011163,0.000960
15026,0,0.011673,0.002401
15027,0,0.012182,0.004236
15028,0,0.012688,0.006328
15029,0,0.013189,0.008567
15030,0,0.013682,0.010868
15031,0,0.014164,0.013162
15032,0,0.014633,0.015398
15033,0,0.015086,0.017538
15034,0,0.015522,0.019552
15035,0,0.015939,0.021420
15036,0,0.016336,0.023127
15037,0,0.016711,0.024667
15038,0,0.017063,0.026033
15039,0,0.017392,0.027225
15040,0,0.017698,0.028246
15041,0,0.017981,0.029098
15042,0,0.018240,0.029789
15043,0,0.018477,0.030323
15044,0,0.018692,0.030711
15045,0,0.018886,0.030958
15046,0,0.019059,0.031076
15047,0,0.019214,0.031071
15048,0,0.019350,0.030955
15049,0,0.019469,0.030735
15050,0,0.019573,0.030420
15051,0,0.019662,0.030020
15052,0,0.019738,0.029543
15053,0,0.019801,0.028996
15054,0,0.019854,0.028384
15055,0,0.019896,0.027687
15056,0,0.019928,0.026899
15057,0,0.019953,0.026025
15058,0,0.019969,0.025074
15059,0,0.019979,0.024059
15060,0,0.019983,0.022993
15061,0,0.019982,0.021891
15062,0,0.019976,0.020768
15063,0,0.019965,0.019636
15064,0,0.019950,0.018509
15065,0,0.019933,0.017396
15066,0,0.019912,0.016306
15067,0,0.019888,0.015248
15068,0,0.019862,0.014228
15069,0,0.019834,0.013249
15070,0,0.019804,0.012317
15071,0,0.019772,0.011433
15072,0,0.019739,0.010600
15073,0,0.019705,0.009816
15074,0,0.019669,0.009084
15075,0,0.019632,0.008402
15076,0,0.019595,0.007769
15077,0,0.019556,0.007183
15078,0,0.019517,0.006643
15079,0,0.019478,0.006147
15080,0,0.019437,0.005693
15081,0,0.019397,0.005277
15082,0,0.019355,0.004898
15083,0,0.019314,0.004554
15084,0,0.019272,0.004241
15085,0,0.019230,0.003958
15086,0,0.019187,0.003702
15087,0,0.019144,0.003471
15088,0,0.019102,0.003262
15089,0,0.019059,0.003074
15090,0,0.019015,0.002905
15091,0,0.018972,0.002753
15092,0,0.018929,0.002616
15093,0,0.018886,0.002493
15094,0,0.018842,0.002382
15095,0,0.018799,0.002281
15096,0,0.018756,0.002190
15097,0,0.018712,0.002108
15098,0,0.018669,0.002032
15099,0,0.018626,0.001963
15100,0,0.018583,0.001900
15101,0,0.018540,0.001841
15102,0,0.018497,0.001786
15103,0,0.018455,0.001735
15104,0,0.018412,0.001687
15105,0,0.018370,0.001641
15106,0,0.018328,0.001597
15107,0,0.018286,0.001555
15108,0,0.018244,0.001514
15109,0,0.018202,0.001474
15110,0,0.018161,0.001435
15111,0,0.018119,0.001397
15112,0,0.018078,0.001359
15113,0,0.018037,0.001322
15114,0,0.017997,0.001285
15115,0,0.017956,0.001248
15116,0,0.017916,0.001212
15117,0,0.017876,0.001176
15118,0,0.017836,0.001140
15119,0,0.017796,0.001104
15120,0,0.017757,0.001068
15121,0,0.017717,0.001033
15122,0,0.017678,0.000997
15123,0,0.017640,0.000962
15124,0,0.017601,0.000927
15125,0,0.017563,0.000892
15126,0,0.017525,0.000856
15127,0,0.017487,0.000819
15128,0,0.017449,0.000782
15129,0,0.017412,0.000743
15130,0,0.017374,0.000705
15131,0,0.017337,0.000667
15132,0,0.017301,0.000629
15133,0,0.017264,0.000591
15134,0,0.017228,0.000555
15135,0,0.017191,0.000519
15136,0,0.017155,0.000485
15137,0,0.017120,0.000452
15138,0,0.017084,0.000420
15139,0,0.017049,0.000390
15140,0,0.017014,0.000362
15141,0,0.016979,0.000335
15142,0,0.016944,0.000310
15143,0,0.016909,0.000286
15144,0,0.016875,0.000265
15145,0,0.016841,0.000244
15146,0,0.016807,0.000225
15147,0,0.016773,0.000208
15148,0,0.016740,0.000192
15149,0,0.016706,0.000178
15150,0,0.016673,0.000164
15151,0,0.016640,0.000152
15152,0,0.016607,0.000141
15153,0,0.016574,0.000131
15154,0,0.016542,0.000121
15155,0,0.016510,0.000113
15156,0,0.016477,0.000106
15157,0,0.016446,0.000099
15158,0,0.016414,0.000093
15159,0,0.016382,0.000087
15160,0,0.016351,0.000082
15161,0,0.016319,0.000078
15162,0,0.016288,0.000074
15163,0,0.016257,0.000070
15164,0,0.016227,0.000067
15165,0,0.016196,0.000064
15166,0,0.016166,0.000061
15167,0,0.016135,0.000058
15168,0,0.016105,0.000056
15169,0,0.016075,0.000054
15170,0,0.016045,0.000052
15171,0,0.016016,0.000050
15172,0,0.015986,0.000049
15173,0,0.015957,0.000047
15174,0,0.015928,0.000046
15175,0,0.015899,0.000044
15176,0,0.015870,0.000043
15177,0,0.015841,0.000042
15178,0,0.015812,0.000041
15179,0,0.015784,0.000040
15180,0,0.015756,0.000038
15181,0,0.015727,0.000037
15182,0,0.015699,0.000036
15183,0,0.015671,0.000035
15184,0,0.015644,0.000034
15185,0,0.015616,0.000033
15186,0,0.015589,0.000032
15187,0,0.015561,0.000031
15188,0,0.015534,0.000030
15189,0,0.015507,0.000029
15190,0,0.015480,0.000028
15191,0,0.015453,0.000027
15192,0,0.015426,0.000026
15193,0,0.015400,0.000025
15194,0,0.015373,0.000024
15195,0,0.015347,0.000023
15196,0,0.015321,0.000022
15197,0,0.015295,0.000021
15198,0,0.015269,0.000020
15199,0,0.015243,0.000018
15200,0,0.015217,0.000017
15201,0,0.015192,0.000016
15202,0,0.015166,0.000015
15203,0,0.015141,0.000014
15204,0,0.015116,0.000013
15205,0,0.015090,0.000012
15206,0,0.015065,0.000012
15207,0,0.015041,0.000011
15208,0,0.015016,0.000010
15209,0,0.014991,0.000009
15210,0,0.014967,0.000008
15211,0,0.014942,0.000008
15212,0,0.014918,0.000007
15213,0,0.014894,0.000007
15214,0,0.014869,0.000006
15215,0,0.014845,0.000006
15216,0,0.014822,0.000005
15217,0,0.014798,0.000005
15218,0,0.014774,0.000005
15219,0,0.014750,0.000004
15220,0,0.014727,0.000004
15221,0,0.014704,0.000004
15222,0,0.014680,0.000003
15223,0,0.014657,0.000003
15224,0,0.014634,0.000003
15225,0,0.014611,0.000003
15226,0,0.014588,0.000003
15227,0,0.014565,0.000002
15228,0,0.014543,0.000002
15229,0,0.014520,0.000002
15230,0,0.014498,0.000002
15231,0,0.014475,0.000002
15232,0,0.014453,0.000002
15233,0,0.014431,0.000002
15234,0,0.014409,0.000002
15235,0,0.014387,0.000002
15236,0,0.014365,0.000002
15237,0,0.014343,0.000002
15238,0,0.014321,0.000002
15239,0,0.014299,0.000001
15240,0,0.014278,0.000001
15241,0,0.014256,0.000001
15242,0,0.014235,0.000001
15243,0,0.014214,0.000001
15244,0,0.014192,0.000001
15245,0,0.014171,0.000001
15246,0,0.014150,0.000001
15247,0,0.014129,0.000001
15248,0,0.014108,0.000001
15249,0,0.014088,0.000001
15250,0,0.014067,0.000001
15251,0,0.014046,0.000001
15252,0,0.014026,0.000001
15253,0,0.014005,0.000001
15254,0,0.013985,0.000001
15255,0,0.013965,0.000001
15256,0,0.013944,0.000001
15257,0,0.013924,0.000001
15258,0,0.013904,0.000001
15259,0,0.013884,0.000001
15260,0,0.013864,0.000001
15261,0,0.013844,0.000001
15262,0,0.013825,0.000001
15263,0,0.013805,0.000001
15264,0,0.013785,0.000001
15265,0,0.013766,0.000001
15266,0,0.013746,0.000001
15267,0,0.013727,0.000000
15268,0,0.013708,0.000000
15269,0,0.013688,0.000000
15270,0,0.013669,0.000000
15271,0,0.013650,0.000000
15272,0,0.013631,0.000000
15273,0,0.013612,0.000000
15274,0,0.013593,0.000000
15275,0,0.013575,0.000000
15276,0,0.013556,0.000000
15277,0,0.013537,0.000000
15278,0,0.013519,0.000000
15279,0,0.013500,0.000000
15280,0,0.013482,0.000000
15281,0,0.013463,0.000000
15282,0,0.013445,0.000000
15283,0,0.013427,0.000000
15284,0,0.013408,0.000000
15285,0,0.013390,0.000000
15286,0,0.013372,0.000000
15287,0,0.013354,0.000000
15288,0,0.013336,0.000000
15289,0,0.013318,0.000000
15290,0,0.013301,0.000000
15291,0,0.013283,0.000000
15292,0,0.013265,0.000000
15293,0,0.013248,0.000000
15294,0,0.013230,0.000000
15295,0,0.013213,0.000000
15296,0,0.013195,0.000000
15297,0,0.013178,0.000000
15298,0,0.013160,0.000000
15299,0,0.013143,0.000000
15300,0,0.013126,0.000000
15301,0,0.013109,0.000000
15302,0,0.013092,0.000000
15303,0,0.013075,0.000000
15304,0,0.013058,0.000000
15305,0,0.013041,0.000000
15306,0,0.013024,0.000000
15307,0,0.013007,0.000000
15308,0,0.012991,0.000000
15309,0,0.012974,0.000000
15310,0,0.012957,0.000000
15311,0,0.012941,0.000000
15312,0,0.012924,0.000000
15313,0,0.012908,0.000000
15314,0,0.012892,0.000000
15315,0,0.012875,0.000000
15316,0,0.012859,0.000000
15317,0,0.012843,0.000000
15318,0,0.012827,0.000000
15319,0,0.012810,0.000000
15320,0,0.012794,0.000000
15321,0,0.012778,0.000000
15322,0,0.012762,0.000000
15323,0,0.012747,0.000000
15324,0,0.012731,0.000000
15325,0,0.012715,0.000000
15326,0,0.012699,0.000000
15327,0,0.012684,0.000000
15328,0,0.012668,0.000000
15329,0,0.012652,0.000000
15330,0,0.012637,0.000000
15331,0,0.012621,0.000000
15332,0,0.012606,0.000000
15333,0,0.012591,0.000000
15334,0,0.012575,0.000000
15335,0,0.012560,0.000000
15336,0,0.012545,0.000000
15337,0,0.012529,0.000000
15338,0,0.012514,0.000000
15339,0,0.012499,0.000000
15340,0,0.012484,0.000000
15341,0,0.012469,0.000000
15342,0,0.012454,0.000000
15343,0,0.012439,0.000000
15344,0,0.012425,0.000000
15345,0,0.012410,0.000000
15346,0,0.012395,0.000000
15347,0,0.012380,0.000000
15348,0,0.012366,0.000000
15349,0,0.012351,0.000000
15350,0,0.012336,0.000000
15351,0,0.012322,0.000000
15352,0,0.012307,0.000000
15353,0,0.012293,0.000000
15354,0,0.012279,0.000000
15355,0,0.012264,0.000000
15356,0,0.012250,0.000000
15357,0,0.012236,0.000000
15358,0,0.012221,0.000000
15359,0,0.012207,0.000000
15360,0,0.012193,0.000000
15361,0,0.012179,0.000000
15362,0,0.012165,0.000000
15363,0,0.012151,0.000000
15364,0,0.012137,0.000000
15365,0,0.012123,0.000000
15366,0,0.012109,0.000000
15367,0,0.012095,0.000000
15368,0,0.012081,0.000000
15369,0,0.012068,0.000000
15370,0,0.012054,0.000000
15371,0,0.012040,0.000000
15372,0,0.012027,0.000000
15373,0,0.012013,0.000000
15374,0,0.012000,0.000000
15375,0,0.011986,0.000000
15376,0,0.011973,0.000000
15377,0,0.011959,0.000000
15378,0,0.011946,0.000000
15379,0,0.011932,0.000000
15380,0,0.011919,0.000000
15381,0,0.011906,0.000000
15382,0,0.011892,0.000000
15383,0,0.011879,0.000000
15384,0,0.011866,0.000000
15385,0,0.011853,0.000000
15386,0,0.011840,0.000000
15387,0,0.011827,0.000000
15388,0,0.011814,0.000000
15389,0,0.011801,0.000000
15390,0,0.011788,0.000000
15391,0,0.011775,0.000000
15392,0,0.011762,0.000000
15393,0,0.011749,0.000000
15394,0,0.011736,0.000000
15395,0,0.011724,0.000000
15396,0,0.011711,0.000000
15397,0,0.011698,0.000000
15398,0,0.011686,0.000000
15399,0,0.011673,0.000000
15400,0,0.011660,0.000000
15401,0,0.011648,0.000000
15402,0,0.011635,0.000000
15403,0,0.011623,0.000000
15404,0,0.011610,0.000000
15405,0,0.011598,0.000000
15406,0,0.011586,0.000000
15407,0,0.011573,0.000000
15408,0,0.011561,0.000000
15409,0,0.011549,0.000000
15410,0,0.011536,0.000000
15411,0,0.011524,0.000000
15412,0,0.011512,0.000000
15413,0,0.011500,0.000000
15414,0,0.011488,0.000000
15415,0,0.011476,0.000000
15416,0,0.011464,0.000000
15417,0,0.011452,0.000000
15418,0,0.011440,0.000000
15419,0,0.011428,0.000000
15420,0,0.011416,0.000000
15421,0,0.011404,0.000000
15422,0,0.011392,0.000000
15423,0,0.011380,0.000000
15424,0,0.011368,0.000000
15425,0,0.011357,0.000000
15426,0,0.011345,0.000000
15427,0,0.011333,0.000000
15428,0,0.011322,0.000000
15429,0,0.011310,0.000000
15430,0,0.011298,0.000000
15431,0,0.011287,0.000000
15432,0,0.011275,0.000000
15433,0,0.011264,0.000000
15434,0,0.011252,0.000000
15435,0,0.011241,0.000000
15436,0,0.011229,0.000000
15437,0,0.011218,0.000000
15438,0,0.011207,0.000000
15439,0,0.011195,0.000000
15440,0,0.011184,0.000000
15441,0,0.011173,0.000000
15442,0,0.011161,0.000000
15443,0,0.011150,0.000000
15444,0,0.011139,0.000000
15445,0,0.011128,0.000000
15446,0,0.011117,0.000000
15447,0,0.011106,0.000000
15448,0,0.011095,0.000000
15449,0,0.011083,0.000000
15450,0,0.011072,0.000000
15451,0,0.011061,0.000000
15452,0,0.011050,0.000000
15453,0,0.011040,0.000000
15454,0,0.011029,0.000000
15455,0,0.011018,0.000000
15456,0,0.011007,0.000000
15457,0,0.010996,0.000000
15458,0,0.010985,0.000000
15459,0,0.010974,0.000000
15460,0,0.010964,0.000000
15461,0,0.010953,0.000000
15462,0,0.010942,0.000000
15463,0,0.010932,0.000000
15464,0,0.010921,0.000000
15465,0,0.010910,0.000000
15466,0,0.010900,0.000000
15467,0,0.010889,0.000000
15468,0,0.010879,0.000000
15469,0,0.010868,0.000000
15470,0,0.010858,0.000000
15471,0,0.010847,0.000000
15472,0,0.010837,0.000000
15473,0,0.010826,0.000000
15474,0,0.010816,0.000000
15475,0,0.010806,0.000000
15476,0,0.010795,0.000000
15477,0,0.010785,0.000000
15478,0,0.010775,0.000000
15479,0,0.010764,0.000000
15480,0,0.010754,0.000000
15481,0,0.010744,0.000000
15482,0,0.010734,0.000000
15483,0,0.010724,0.000000
15484,0,0.010713,0.000000
15485,0,0.010703,0.000000
15486,0,0.010693,0.000000
15487,0,0.010683,0.000000
15488,0,0.010673,0.000000
15489,0,0.010663,0.000000
15490,0,0.010653,0.000000
15491,0,0.010643,0.000000
15492,0,0.010633,0.000000
15493,0,0.010623,0.000000
15494,0,0.010613,0.000000
15495,0,0.010603,0.000000
15496,0,0.010594,0.000000
15497,0,0.010584,0.000000
15498,0,0.010574,0.000000
15499,0,0.010564,0.000000
15500,0,0.010554,0.000000
15501,0,0.010545,0.000000
15502,0,0.010535,0.000000
15503,0,0.010525,0.000000
15504,0,0.010516,0.000000
15505,0,0.010506,0.000000
15506,0,0.010496,0.000000
15507,0,0.010487,0.000000
15508,0,0.010477,0.000000
15509,0,0.010467,0.000000
15510,0,0.010458,0.000000
15511,0,0.010448,0.000000
15512,0,0.010439,0.000000
15513,0,0.010429,0.000000
15514,0,0.010420,0.000000
15515,0,0.010411,0.000000
15516,0,0.010401,0.000000
15517,0,0.010392,0.000000
15518,0,0.010382,0.000000
15519,0,0.010373,0.000000
15520,0,0.010364,0.000000
15521,0,0.010354,0.000000
15522,0,0.010345,0.000000
15523,0,0.010336,0.000000
15524,0,0.010327,0.000000
15525,0,0.010317,0.000000
15526,0,0.010308,0.000000
15527,0,0.010299,0.000000
15528,0,0.010290,0.000000
15529,0,0.010281,0.000000
15530,0,0.010271,0.000000
15531,0,0.010262,0.000000
15532,0,0.010253,0.000000
15533,0,0.010244,0.000000
15534,0,0.010235,0.000000
15535,0,0.010226,0.000000
15536,0,0.010217,0.000000
15537,0,0.010208,0.000000
15538,0,0.010199,0.000000
15539,0,0.010190,0.000000
15540,0,0.010181,0.000000
15541,0,0.010172,0.000000
15542,0,0.010163,0.000000
15543,0,0.010155,0.000000
15544,0,0.010146,0.000000
15545,0,0.010137,0.000000
15546,0,0.010128,0.000000
15547,0,0.010119,0.000000
15548,0,0.010110,0.000000
15549,0,0.010102,0.000000
15550,0,0.010093,0.000000
15551,0,0.010084,0.000000
15552,0,0.010076,0.000000
15553,0,0.010067,0.000000
15554,0,0.010058,0.000000
15555,0,0.010050,0.000000
15556,0,0.010041,0.000000
15557,0,0.010032,0.000000
15558,0,0.010024,0.000000
15559,0,0.010015,0.000000
15560,0,0.010007,0.000000
15561,0,0.009998,0.000000
15562,0,0.009990,0.000000
15563,0,0.009981,0.000000
15564,0,0.009973,0.000000
15565,0,0.009964,0.000000
15566,0,0.009956,0.000000
15567,0,0.009947,0.000000
15568,0,0.009939,0.000000
15569,0,0.009930,0.000000
15570,0,0.009922,0.000000
15571,0,0.009914,0.000000
15572,0,0.009905,0.000000
15573,0,0.009897,0.000000
15574,0,0.009889,0.000000
15575,0,0.009880,0.000000
15576,0,0.009872,0.000000
15577,0,0.009864,0.000000
15578,0,0.009856,0.000000
15579,0,0.009847,0.000000
15580,0,0.009839,0.000000
15581,0,0.009831,0.000000
15582,0,0.009823,0.000000
15583,0,0.009815,0.000000
15584,0,0.009806,0.000000
15585,0,0.009798,0.000000
15586,0,0.009790,0.000000
15587,0,0.009782,0.000000
15588,0,0.009774,0.000000
15589,0,0.009766,0.000000
15590,0,0.009758,0.000000
15591,0,0.009750,0.000000
15592,0,0.009742,0.000000
15593,0,0.009734,0.000000
15594,0,0.009726,0.000000
15595,0,0.009718,0.000000
15596,0,0.009710,0.000000
15597,0,0.009702,0.000000
15598,0,0.009694,0.000000
15599,0,0.009686,0.000000
15600,0,0.009678,0.000000
15601,0,0.009670,0.000000
15602,0,0.009663,0.000000
15603,0,0.009655,0.000000
15604,0,0.009647,0.000000
15605,0,0.009639,0.000000
15606,0,0.009631,0.000000
15607,0,0.009623,0.000000
15608,0,0.009616,0.000000
15609,0,0.009608,0.000000
15610,0,0.009600,0.000000
15611,0,0.009592,0.000000
15612,0,0.009585,0.000000
15613,0,0.009577,0.000000
15614,0,0.009569,0.000000
15615,0,0.009562,0.000000
15616,0,0.009554,0.000000
15617,0,0.009546,0.000000
15618,0,0.009539,0.000000
15619,0,0.009531,0.000000
15620,0,0.009524,0.000000
15621,0,0.009516,0.000000
15622,0,0.009509,0.000000
15623,0,0.009501,0.000000
15624,0,0.009493,0.000000
15625,0,0.009486,0.000000
15626,0,0.009478,0.000000
15627,0,0.009471,0.000000
15628,0,0.009463,0.000000
15629,0,0.009456,0.000000
15630,0,0.009449,0.000000
15631,0,0.009441,0.000000
15632,0,0.009434,0.000000
15633,0,0.009426,0.000000
15634,0,0.009419,0.000000
15635,0,0.009412,0.000000
15636,0,0.009404,0.000000
15637,0,0.009397,0.000000
15638,0,0.009389,0.000000
15639,0,0.009382,0.000000
15640,0,0.009375,0.000000
15641,0,0.009368,0.000000
15642,0,0.009360,0.000000
15643,0,0.009353,0.000000
15644,0,0.009346,0.000000
15645,0,0.009339,0.000000
15646,0,0.009331,0.000000
15647,0,0.009324,0.000000
15648,0,0.009317,0.000000
15649,0,0.009310,0.000000
15650,0,0.009303,0.000000
15651,0,0.009295,0.000000
15652,0,0.009288,0.000000
15653,0,0.009281,0.000000
15654,0,0.009274,0.000000
15655,0,0.009267,0.000000
15656,0,0.009260,0.000000
15657,0,0.009253,0.000000
15658,0,0.009246,0.000000
15659,0,0.009239,0.000000
15660,0,0.009232,0.000000
15661,0,0.009225,0.000000
15662,0,0.009217,0.000000
15663,0,0.009210,0.000000
15664,0,0.009204,0.000000
15665,0,0.009197,0.000000
15666,0,0.009190,0.000000
15667,0,0.009183,0.000000
15668,0,0.009176,0.000000
15669,0,0.009169,0.000000
15670,0,0.009162,0.000000
15671,0,0.009155,0.000000
15672,0,0.009148,0.000000
15673,0,0.009141,0.000000
15674,0,0.009134,0.000000
15675,0,0.009127,0.000000
15676,0,0.009121,0.000000
15677,0,0.009114,0.000000
15678,0,0.009107,0.000000
15679,0,0.009100,0.000000
15680,0,0.009093,0.000000
15681,0,0.009087,0.000000
15682,0,0.009080,0.000000
15683,0,0.009073,0.000000
15684,0,0.009066,0.000000
15685,0,0.009060,0.000000
15686,0,0.009053,0.000000
15687,0,0.009046,0.000000
15688,0,0.009039,0.000000
15689,0,0.009033,0.000000
15690,0,0.009026,0.000000
15691,0,0.009019,0.000000
15692,0,0.009013,0.000000
15693,0,0.009006,0.000000
15694,0,0.008999,0.000000
15695,0,0.008993,0.000000
15696,0,0.008986,0.000000
15697,0,0.008980,0.000000
15698,0,0.008973,0.000000
15699,0,0.008966,0.000000
15700,0,0.008960,0.000000
15701,0,0.008953,0.000000
15702,0,0.008947,0.000000
15703,0,0.008940,0.000000
15704,0,0.008934,0.000000
15705,0,0.008927,0.000000
15706,0,0.008921,0.000000
15707,0,0.008914,0.000000
15708,0,0.008908,0.000000
15709,0,0.008901,0.000000
15710,0,0.008895,0.000000
15711,0,0.008888,0.000000
15712,0,0.008882,0.000000
15713,0,0.008876,0.000000
15714,0,0.008869,0.000000
15715,0,0.008863,0.000000
15716,0,0.008856,0.000000
15717,0,0.008850,0.000000
15718,0,0.008844,0.000000
15719,0,0.008837,0.000000
15720,0,0.008831,0.000000
15721,0,0.008825,0.000000
15722,0,0.008818,0.000000
15723,0,0.008812,0.000000
15724,0,0.008806,0.000000
15725,0,0.008799,0.000000
15726,0,0.008793,0.000000
15727,0,0.008787,0.000000
15728,0,0.008781,0.000000
15729,0,0.008774,0.000000
15730,0,0.008768,0.000000
15731,0,0.008762,0.000000
15732,0,0.008756,0.000000
15733,0,0.008750,0.000000
15734,0,0.008743,0.000000
15735,0,0.008737,0.000000
15736,0,0.008731,0.000000
15737,0,0.008725,0.000000
15738,0,0.008719,0.000000
15739,0,0.008712,0.000000
15740,0,0.008706,0.000000
15741,0,0.008700,0.000000
15742,0,0.008694,0.000000
15743,0,0.008688,0.000000
15744,0,0.008682,0.000000
15745,0,0.008676,0.000000
15746,0,0.008670,0.000000
15747,0,0.008664,0.000000
15748,0,0.008658,0.000000
15749,0,0.008652,0.000000
15750,0,0.008646,0.000000
15751,0,0.008640,0.000000
15752,0,0.008634,0.000000
15753,0,0.008628,0.000000
15754,0,0.008622,0.000000
15755,0,0.008616,0.000000
15756,0,0.008610,0.000000
15757,0,0.008604,0.000000
15758,0,0.008598,0.000000
15759,0,0.008592,0.000000
15760,0,0.008586,0.000000
15761,0,0.008580,0.000000
15762,0,0.008574,0.000000
15763,0,0.008568,0.000000
15764,0,0.008562,0.000000
15765,0,0.008556,0.000000
15766,0,0.008550,0.000000
15767,0,0.008544,0.000000
15768,0,0.008539,0.000000
15769,0,0.008533,0.000000
15770,0,0.008527,0.000000
15771,0,0.008521,0.000000
15772,0,0.008515,0.000000
15773,0,0.008509,0.000000
15774,0,0.008504,0.000000
15775,0,0.008498,0.000000
15776,0,0.008492,0.000000
15777,0,0.008486,0.000000
15778,0,0.008480,0.000000
15779,0,0.008475,0.000000
15780,0,0.008469,0.000000
15781,0,0.008463,0.000000
15782,0,0.008457,0.000000
15783,0,0.008452,0.000000
15784,0,0.008446,0.000000
15785,0,0.008440,0.000000
15786,0,0.008435,0.000000
15787,0,0.008429,0.000000
15788,0,0.008423,0.000000
15789,0,0.008417,0.000000
15790,0,0.008412,0.000000
15791,0,0.008406,0.000000
15792,0,0.008401,0.000000
15793,0,0.008395,0.000000
15794,0,0.008389,0.000000
15795,0,0.008384,0.000000
15796,0,0.008378,0.000000
15797,0,0.008372,0.000000
15798,0,0.008367,0.000000
15799,0,0.008361,0.000000
15800,0,0.008356,0.000000
15801,0,0.008350,0.000000
15802,0,0.008345,0.000000
15803,0,0.008339,0.000000
15804,0,0.008333,0.000000
15805,0,0.008328,0.000000
15806,0,0.008322,0.000000
15807,0,0.008317,0.000000
15808,0,0.008311,0.000000
15809,0,0.008306,0.000000
15810,0,0.008300,0.000000
15811,0,0.008295,0.000000
15812,0,0.008289,0.000000
15813,0,0.008284,0.000000
15814,0,0.008278,0.000000
15815,0,0.008273,0.000000
15816,0,0.008268,0.000000
15817,0,0.008262,0.000000
15818,0,0.008257,0.000000
15819,0,0.008251,0.000000
15820,0,0.008246,0.000000
15821,0,0.008240,0.000000
15822,0,0.008235,0.000000
15823,0,0.008230,0.000000
15824,0,0.008224,0.000000
15825,0,0.008219,0.000000
15826,0,0.008213,0.000000
15827,0,0.008208,0.000000
15828,0,0.008203,0.000000
15829,0,0.008197,0.000000
15830,0,0.008192,0.000000
15831,0,0.008187,0.000000
15832,0,0.008181,0.000000
15833,0,0.008176,0.000000
15834,0,0.008171,0.000000
15835,0,0.008166,0.000000
15836,0,0.008160,0.000000
15837,0,0.008155,0.000000
15838,0,0.008150,0.000000
15839,0,0.008144,0.000000
15840,0,0.008139,0.000000
15841,0,0.008134,0.000000
15842,0,0.008129,0.000000
15843,0,0.008123,0.000000
15844,0,0.008118,0.000000
15845,0,0.008113,0.000000
15846,0,0.008108,0.000000
15847,0,0.008103,0.000000
15848,0,0.008097,0.000000
15849,0,0.008092,0.000000
15850,0,0.008087,0.000000
15851,0,0.008082,0.000000
15852,0,0.008077,0.000000
15853,0,0.008072,0.000000
15854,0,0.008066,0.000000
15855,0,0.008061,0.000000
15856,0,0.008056,0.000000
15857,0,0.008051,0.000000
15858,0,0.008046,0.000000
15859,0,0.008041,0.000000
15860,0,0.008036,0.000000
15861,0,0.008031,0.000000
15862,0,0.008025,0.000000
15863,0,0.008020,0.000000
15864,0,0.008015,0.000000
15865,0,0.008010,0.000000
15866,0,0.008005,0.000000
15867,0,0.008000,0.000000
15868,0,0.007995,0.000000
15869,0,0.007990,0.000000
15870,0,0.007985,0.000000
15871,0,0.007980,0.000000
15872,0,0.007975,0.000000
15873,0,0.007970,0.000000
15874,0,0.007965,0.000000
15875,0,0.007960,0.000000
15876,0,0.007955,0.000000
15877,0,0.007950,0.000000
15878,0,0.007945,0.000000
15879,0,0.007940,0.000000
15880,0,0.007935,0.000000
15881,0,0.007930,0.000000
15882,0,0.007925,0.000000
15883,0,0.007920,0.000000
15884,0,0.007915,0.000000
15885,0,0.007910,0.000000
15886,0,0.007905,0.000000
15887,0,0.007900,0.000000
15888,0,0.007896,0.000000
15889,0,0.007891,0.000000
15890,0,0.007886,0.000000
15891,0,0.007881,0.000000
15892,0,0.007876,0.000000
15893,0,0.007871,0.000000
15894,0,0.007866,0.000000
15895,0,0.007861,0.000000
15896,0,0.007857,0.000000
15897,0,0.007852,0.000000
15898,0,0.007847,0.000000
15899,0,0.007842,0.000000
15900,0,0.007837,0.000000
15901,0,0.007832,0.000000
15902,0,0.007828,0.000000
15903,0,0.007823,0.000000
15904,0,0.007818,0.000000
15905,0,0.007813,0.000000
15906,0,0.007808,0.000000
15907,0,0.007804,0.000000
15908,0,0.007799,0.000000
15909,0,0.007794,0.000000
15910,0,0.007789,0.000000
15911,0,0.007784,0.000000
15912,0,0.007780,0.000000
15913,0,0.007775,0.000000
15914,0,0.007770,0.000000
15915,0,0.007766,0.000000
15916,0,0.007761,0.000000
15917,0,0.007756,0.000000
15918,0,0.007751,0.000000
15919,0,0.007747,0.000000
15920,0,0.007742,0.000000
15921,0,0.007737,0.000000
15922,0,0.007733,0.000000
15923,0,0.007728,0.000000
15924,0,0.007723,0.000000
15925,0,0.007719,0.000000
15926,0,0.007714,0.000000
15927,0,0.007709,0.000000
15928,0,0.007705,0.000000
15929,0,0.007700,0.000000
15930,0,0.007695,0.000000
15931,0,0.007691,0.000000
15932,0,0.007686,0.000000
15933,0,0.007681,0.000000
15934,0,0.007677,0.000000
15935,0,0.007672,0.000000
15936,0,0.007668,0.000000
15937,0,0.007663,0.000000
15938,0,0.007658,0.000000
15939,0,0.007654,0.000000
15940,0,0.007649,0.000000
15941,0,0.007645,0.000000
15942,0,0.007640,0.000000
15943,0,0.007636,0.000000
15944,0,0.007631,0.000000
15945,0,0.007626,0.000000
15946,0,0.007622,0.000000
15947,0,0.007617,0.000000
15948,0,0.007613,0.000000
15949,0,0.007608,0.000000
15950,0,0.007604,0.000000
15951,0,0.007599,0.000000
15952,0,0.007595,0.000000
15953,0,0.007590,0.000000
15954,0,0.007586,0.000000
15955,0,0.007581,0.000000
15956,0,0.007577,0.000000
15957,0,0.007572,0.000000
15958,0,0.007568,0.000000
15959,0,0.007563,0.000000
15960,0,0.007559,0.000000
15961,0,0.007555,0.000000
15962,0,0.007550,0.000000
15963,0,0.007546,0.000000
15964,0,0.007541,0.000000
15965,0,0.007537,0.000000
15966,0,0.007532,0.000000
15967,0,0.007528,0.000000
15968,0,0.007524,0.000000
15969,0,0.007519,0.000000
15970,0,0.007515,0.000000
15971,0,0.007510,0.000000
15972,0,0.007506,0.000000
15973,0,0.007502,0.000000
15974,0,0.007497,0.000000
15975,0,0.007493,0.000000
15976,0,0.007488,0.000000
15977,0,0.007484,0.000000
15978,0,0.007480,0.000000
15979,0,0.007475,0.000000
15980,0,0.007471,0.000000
15981,0,0.007467,0.000000
15982,0,0.007462,0.000000
15983,0,0.007458,0.000000
15984,0,0.007454,0.000000
15985,0,0.007449,0.000000
15986,0,0.007445,0.000000
15987,0,0.007441,0.000000
15988,0,0.007436,0.000000
15989,0,0.007432,0.000000
15990,0,0.007428,0.000000
15991,0,0.007424,0.000000
15992,0,0.007419,0.000000
15993,0,0.007415,0.000000
15994,0,0.007411,0.000000
15995,0,0.007406,0.000000
15996,0,0.007402,0.000000
15997,0,0.007398,0.000000
15998,0,0.007394,0.000000
15999,0,0.007389,0.000000
16000,0,0.007385,0.000000
16001,0,0.007381,0.000000
16002,0,0.007377,0.000000
16003,0,0.007373,0.000000
16004,0,0.007368,0.000000
16005,0,0.007364,0.000000
16006,0,0.007360,0.000000
16007,0,0.007356,0.000000
16008,0,0.007351,0.000000
16009,0,0.007347,0.000000
16010,0,0.007343,0.000000
16011,0,0.007339,0.000000
16012,0,0.007335,0.000000
16013,0,0.007331,0.000000
16014,0,0.007326,0.000000
16015,0,0.007322,0.000000
16016,0,0.007318,0.000000
16017,0,0.007314,0.000000
16018,0,0.007310,0.000000
16019,0,0.007306,0.000000
16020,0,0.007302,0.000000
16021,0,0.007297,0.000000
16022,0,0.007293,0.000000
16023,0,0.007289,0.000000
16024,0,0.007285,0.000000
16025,0,0.007281,0.000000
16026,0,0.007277,0.000000
16027,0,0.007273,0.000000
16028,0,0.007269,0.000000
16029,0,0.007265,0.000000
16030,0,0.007260,0.000000
16031,0,0.007256,0.000000
16032,0,0.007252,0.000000
16033,0,0.007248,0.000000
16034,0,0.007244,0.000000
16035,0,0.007240,0.000000
16036,0,0.007236,0.000000
16037,0,0.007232,0.000000
16038,0,0.007228,0.000000
16039,0,0.007224,0.000000
16040,0,0.007220,0.000000
16041,0,0.007216,0.000000
16042,0,0.007212,0.000000
16043,0,0.007208,0.000000
16044,0,0.007204,0.000000
16045,0,0.007200,0.000000
16046,0,0.007196,0.000000
16047,0,0.007192,0.000000
16048,0,0.007188,0.000000
16049,0,0.007184,0.000000
16050,0,0.007180,0.000000
16051,0,0.007176,0.000000
16052,0,0.007172,0.000000
16053,0,0.007168,0.000000
16054,0,0.007164,0.000000
16055,0,0.007160,0.000000
16056,0,0.007156,0.000000
16057,0,0.007152,0.000000
16058,0,0.007148,0.000000
16059,0,0.007144,0.000000
16060,0,0.007140,0.000000
16061,0,0.007136,0.000000
16062,0,0.007132,0.000000
16063,0,0.007128,0.000000
16064,0,0.007124,0.000000
16065,0,0.007120,0.000000
16066,0,0.007117,0.000000
16067,0,0.007113,0.000000
16068,0,0.007109,0.000000
16069,0,0.007105,0.000000
16070,0,0.007101,0.000000
16071,0,0.007097,0.000000
16072,0,0.007093,0.000000
16073,0,0.007089,0.000000
16074,0,0.007085,0.000000
16075,0,0.007082,0.000000
16076,0,0.007078,0.000000
16077,0,0.007074,0.000000
16078,0,0.007070,0.000000
16079,0,0.007066,0.000000
16080,0,0.007062,0.000000
16081,0,0.007058,0.000000
16082,0,0.007055,0.000000
16083,0,0.007051,0.000000
16084,0,0.007047,0.000000
16085,0,0.007043,0.000000
16086,0,0.007039,0.000000
16087,0,0.007035,0.000000
16088,0,0.007032,0.000000
16089,0,0.007028,0.000000
16090,0,0.007024,0.000000
16091,0,0.007020,0.000000
16092,0,0.007016,0.000000
16093,0,0.007013,0.000000
16094,0,0.007009,0.000000
16095,0,0.007005,0.000000
16096,0,0.007001,0.000000
16097,0,0.006997,0.000000
16098,0,0.006994,0.000000
16099,0,0.006990,0.000000
16100,0,0.006986,0.000000
16101,0,0.006982,0.000000
16102,0,0.006979,0.000000
16103,0,0.006975,0.000000
16104,0,0.006971,0.000000
16105,0,0.006967,0.000000
16106,0,0.006964,0.000000
16107,0,0.006960,0.000000
16108,0,0.006956,0.000000
16109,0,0.006952,0.000000
16110,0,0.006949,0.000000
16111,0,0.006945,0.000000
16112,0,0.006941,0.000000
16113,0,0.006938,0.000000
16114,0,0.006934,0.000000
16115,0,0.006930,0.000000
16116,0,0.006926,0.000000
16117,0,0.006923,0.000000
16118,0,0.006919,0.000000
16119,0,0.006915,0.000000
16120,0,0.006912,0.000000
16121,0,0.006908,0.000000
16122,0,0.006904,0.000000
16123,0,0.006901,0.000000
16124,0,0.006897,0.000000
16125,0,0.006893,0.000000
16126,0,0.006890,0.000000
16127,0,0.006886,0.000000
16128,0,0.006882,0.000000
16129,0,0.006879,0.000000
16130,0,0.006875,0.000000
16131,0,0.006872,0.000000
16132,0,0.006868,0.000000
16133,0,0.006864,0.000000
16134,0,0.006861,0.000000
16135,0,0.006857,0.000000
16136,0,0.006853,0.000000
16137,0,0.006850,0.000000
16138,0,0.006846,0.000000
16139,0,0.006843,0.000000
16140,0,0.006839,0.000000
16141,0,0.006835,0.000000
16142,0,0.006832,0.000000
16143,0,0.006828,0.000000
16144,0,0.006825,0.000000
16145,0,0.006821,0.000000
16146,0,0.006817,0.000000
16147,0,0.006814,0.000000
16148,0,0.006810,0.000000
16149,0,0.006807,0.000000
16150,0,0.006803,0.000000
16151,0,0.006800,0.000000
16152,0,0.006796,0.000000
16153,0,0.006793,0.000000
16154,0,0.006789,0.000000
16155,0,0.006785,0.000000
16156,0,0.006782,0.000000
16157,0,0.006778,0.000000
16158,0,0.006775,0.000000
16159,0,0.006771,0.000000
16160,0,0.006768,0.000000
16161,0,0.006764,0.000000
16162,0,0.006761,0.000000
16163,0,0.006757,0.000000
16164,0,0.006754,0.000000
16165,0,0.006750,0.000000
16166,0,0.006747,0.000000
16167,0,0.006743,0.000000
16168,0,0.006740,0.000000
16169,0,0.006736,0.000000
16170,0,0.006733,0.000000
16171,0,0.006729,0.000000
16172,0,0.006726,0.000000
16173,0,0.006722,0.000000
16174,0,0.006719,0.000000
16175,0,0.006715,0.000000
16176,0,0.006712,0.000000
16177,0,0.006708,0.000000
16178,0,0.006705,0.000000
16179,0,0.006702,0.000000
16180,0,0.006698,0.000000
16181,0,0.006695,0.000000
16182,0,0.006691,0.000000
16183,0,0.006688,0.000000
16184,0,0.006684,0.000000
16185,0,0.006681,0.000000
16186,0,0.006678,0.000000
16187,0,0.006674,0.000000
16188,0,0.006671,0.000000
16189,0,0.006667,0.000000
16190,0,0.006664,0.000000
16191,0,0.006660,0.000000
16192,0,0.006657,0.000000
16193,0,0.006654,0.000000
16194,0,0.006650,0.000000
16195,0,0.006647,0.000000
16196,0,0.006643,0.000000
16197,0,0.006640,0.000000
16198,0,0.006637,0.000000
16199,0,0.006633,0.000000
16200,0,0.006630,0.000000
16201,0,0.006627,0.000000
16202,0,0.006623,0.000000
16203,0,0.006620,0.000000
16204,0,0.006616,0.000000
16205,0,0.006613,0.000000
16206,0,0.006610,0.000000
16207,0,0.006606,0.000000
16208,0,0.006603,0.000000
16209,0,0.006600,0.000000
16210,0,0.006596,0.000000
16211,0,0.006593,0.000000
16212,0,0.006590,0.000000
16213,0,0.006586,0.000000
16214,0,0.006583,0.000000
16215,0,0.006580,0.000000
16216,0,0.006576,0.000000
16217,0,0.006573,0.000000
16218,0,0.006570,0.000000
16219,0,0.006566,0.000000
16220,0,0.006563,0.000000
16221,0,0.006560,0.000000
16222,0,0.006557,0.000000
16223,0,0.006553,0.000000
16224,0,0.006550,0.000000
16225,0,0.006547,0.000000
16226,0,0.006543,0.000000
16227,0,0.006540,0.000000
16228,0,0.006537,0.000000
16229,0,0.006534,0.000000
16230,0,0.006530,0.000000
16231,0,0.006527,0.000000
16232,0,0.006524,0.000000
16233,0,0.006520,0.000000
16234,0,0.006517,0.000000
16235,0,0.006514,0.000000
16236,0,0.006511,0.000000
16237,0,0.006507,0.000000
16238,0,0.006504,0.000000
16239,0,0.006501,0.000000
16240,0,0.006498,0.000000
16241,0,0.006494,0.000000
16242,0,0.006491,0.000000
16243,0,0.006488,0.000000
16244,0,0.006485,0.000000
16245,0,0.006482,0.000000
16246,0,0.006478,0.000000
16247,0,0.006475,0.000000
16248,0,0.006472,0.000000
16249,0,0.006469,0.000000
16250,0,0.006466,0.000000
16251,0,0.006462,0.000000
16252,0,0.006459,0.000000
16253,0,0.006456,0.000000
16254,0,0.006453,0.000000
16255,0,0.006450,0.000000
16256,0,0.006446,0.000000
16257,0,0.006443,0.000000
16258,0,0.006440,0.000000
16259,0,0.006437,0.000000
16260,0,0.006434,0.000000
16261,0,0.006430,0.000000
16262,0,0.006427,0.000000
16263,0,0.006424,0.000000
16264,0,0.006421,0.000000
16265,0,0.006418,0.000000
16266,0,0.006415,0.000000
16267,0,0.006411,0.000000
16268,0,0.006408,0.000000
16269,0,0.006405,0.000000
16270,0,0.006402,0.000000
16271,0,0.006399,0.000000
16272,0,0.006396,0.000000
16273,0,0.006393,0.000000
16274,0,0.006390,0.000000
16275,0,0.006386,0.000000
16276,0,0.006383,0.000000
16277,0,0.006380,0.000000
16278,0,0.006377,0.000000
16279,0,0.006374,0.000000
16280,0,0.006371,0.000000
16281,0,0.006368,0.000000
16282,0,0.006365,0.000000
16283,0,0.006361,0.000000
16284,0,0.006358,0.000000
16285,0,0.006355,0.000000
16286,0,0.006352,0.000000
16287,0,0.006349,0.000000
16288,0,0.006346,0.000000
16289,0,0.006343,0.000000
16290,0,0.006340,0.000000
16291,0,0.006337,0.000000
16292,0,0.006334,0.000000
16293,0,0.006331,0.000000
16294,0,0.006328,0.000000
16295,0,0.006324,0.000000
16296,0,0.006321,0.000000
16297,0,0.006318,0.000000
16298,0,0.006315,0.000000
16299,0,0.006312,0.000000
16300,0,0.006309,0.000000
16301,0,0.006306,0.000000
16302,0,0.006303,0.000000
16303,0,0.006300,0.000000
16304,0,0.006297,0.000000
16305,0,0.006294,0.000000
16306,0,0.006291,0.000000
16307,0,0.006288,0.000000
16308,0,0.006285,0.000000
16309,0,0.006282,0.000000
16310,0,0.006279,0.000000
16311,0,0.006276,0.000000
16312,0,0.006273,0.000000
16313,0,0.006270,0.000000
16314,0,0.006267,0.000000
16315,0,0.006264,0.000000
16316,0,0.006261,0.000000
16317,0,0.006258,0.000000
16318,0,0.006255,0.000000
16319,0,0.006252,0.000000
16320,0,0.006249,0.000000
16321,0,0.006246,0.000000
16322,0,0.006243,0.000000
16323,0,0.006240,0.000000
16324,0,0.006237,0.000000
16325,0,0.006234,0.000000
16326,0,0.006231,0.000000
16327,0,0.006228,0.000000
16328,0,0.006225,0.000000
16329,0,0.006222,0.000000
16330,0,0.006219,0.000000
16331,0,0.006216,0.000000
16332,0,0.006213,0.000000
16333,0,0.006210,0.000000
16334,0,0.006207,0.000000
16335,0,0.006204,0.000000
16336,0,0.006201,0.000000
16337,0,0.006198,0.000000
16338,0,0.006195,0.000000
16339,0,0.006192,0.000000
16340,0,0.006189,0.000000
16341,0,0.006187,0.000000
16342,0,0.006184,0.000000
16343,0,0.006181,0.000000
16344,0,0.006178,0.000000
16345,0,0.006175,0.000000
16346,0,0.006172,0.000000
16347,0,0.006169,0.000000
16348,0,0.006166,0.000000
16349,0,0.006163,0.000000
16350,0,0.006160,0.000000
16351,0,0.006157,0.000000
16352,0,0.006154,0.000000
16353,0,0.006151,0.000000
16354,0,0.006149,0.000000
16355,0,0.006146,0.000000
16356,0,0.006143,0.000000
16357,0,0.006140,0.000000
16358,0,0.006137,0.000000
16359,0,0.006134,0.000000
16360,0,0.006131,0.000000
16361,0,0.006128,0.000000
16362,0,0.006125,0.000000
16363,0,0.006123,0.000000
16364,0,0.006120,0.000000
16365,0,0.006117,0.000000
16366,0,0.006114,0.000000
16367,0,0.006111,0.000000
16368,0,0.006108,0.000000
16369,0,0.006105,0.000000
16370,0,0.006103,0.000000
16371,0,0.006100,0.000000
16372,0,0.006097,0.000000
16373,0,0.006094,0.000000
16374,0,0.006091,0.000000
16375,0,0.006088,0.000000
16376,0,0.006085,0.000000
16377,0,0.006083,0.000000
16378,0,0.006080,0.000000
16379,0,0.006077,0.000000
16380,0,0.006074,0.000000
16381,0,0.006071,0.000000
16382,0,0.006068,0.000000
16383,0,0.006066,0.000000
16384,0,0.006063,0.000000
16385,0,0.006060,0.000000
16386,0,0.006057,0.000000
16387,0,0.006054,0.000000
16388,0,0.006052,0.000000
16389,0,0.006049,0.000000
16390,0,0.006046,0.000000
16391,0,0.006043,0.000000
16392,0,0.006040,0.000000
16393,0,0.006038,0.000000
16394,0,0.006035,0.000000
16395,0,0.006032,0.000000
16396,0,0.006029,0.000000
16397,0,0.006026,0.000000
16398,0,0.006024,0.000000
16399,0,0.006021,0.000000
16400,0,0.006018,0.000000
16401,0,0.006015,0.000000
16402,0,0.006012,0.000000
16403,0,0.006010,0.000000
16404,0,0.006007,0.000000
16405,0,0.006004,0.000000
16406,0,0.006001,0.000000
16407,0,0.005999,0.000000
16408,0,0.005996,0.000000
16409,0,0.005993,0.000000
16410,0,0.005990,0.000000
16411,0,0.005988,0.000000
16412,0,0.005985,0.000000
16413,0,0.005982,0.000000
16414,0,0.005979,0.000000
16415,0,0.005977,0.000000
16416,0,0.005974,0.000000
16417,0,0.005971,0.000000
16418,0,0.005968,0.000000
16419,0,0.005966,0.000000
16420,0,0.005963,0.000000
16421,0,0.005960,0.000000
16422,0,0.005958,0.000000
16423,0,0.005955,0.000000
16424,0,0.005952,0.000000
16425,0,0.005949,0.000000
16426,0,0.005947,0.000000
16427,0,0.005944,0.000000
16428,0,0.005941,0.000000
16429,0,0.005939,0.000000
16430,0,0.005936,0.000000
16431,0,0.005933,0.000000
16432,0,0.005930,0.000000
16433,0,0.005928,0.000000
16434,0,0.005925,0.000000
16435,0,0.005922,0.000000
16436,0,0.005920,0.000000
16437,0,0.005917,0.000000
16438,0,0.005914,0.000000
16439,0,0.005912,0.000000
16440,0,0.005909,0.000000
16441,0,0.005906,0.000000
16442,0,0.005904,0.000000
16443,0,0.005901,0.000000
16444,0,0.005898,0.000000
16445,0,0.005895,0.000000
16446,0,0.005893,0.000000
16447,0,0.005890,0.000000
16448,0,0.005887,0.000000
16449,0,0.005885,0.000000
16450,0,0.005882,0.000000
16451,0,0.005880,0.000000
16452,0,0.005877,0.000000
16453,0,0.005874,0.000000
16454,0,0.005872,0.000000
16455,0,0.005869,0.000000
16456,0,0.005866,0.000000
16457,0,0.005864,0.000000
16458,0,0.005861,0.000000
16459,0,0.005858,0.000000
16460,0,0.005856,0.000000
16461,0,0.005853,0.000000
16462,0,0.005850,0.000000
16463,0,0.005848,0.000000
16464,0,0.005845,0.000000
16465,0,0.005843,0.000000
16466,0,0.005840,0.000000
16467,0,0.005837,0.000000
16468,0,0.005835,0.000000
16469,0,0.005832,0.000000
16470,0,0.005829,0.000000
16471,0,0.005827,0.000000
16472,0,0.005824,0.000000
16473,0,0.005822,0.000000
16474,0,0.005819,0.000000
16475,0,0.005816,0.000000
16476,0,0.005814,0.000000
16477,0,0.005811,0.000000
16478,0,0.005809,0.000000
16479,0,0.005806,0.000000
16480,0,0.005803,0.000000
16481,0,0.005801,0.000000
16482,0,0.005798,0.000000
16483,0,0.005796,0.000000
16484,0,0.005793,0.000000
16485,0,0.005791,0.000000
16486,0,0.005788,0.000000
16487,0,0.005785,0.000000
16488,0,0.005783,0.000000
16489,0,0.005780,0.000000
16490,0,0.005778,0.000000
16491,0,0.005775,0.000000
16492,0,0.005773,0.000000
16493,0,0.005770,0.000000
16494,0,0.005767,0.000000
16495,0,0.005765,0.000000
16496,0,0.005762,0.000000
16497,0,0.005760,0.000000
16498,0,0.005757,0.000000
16499,0,0.005755,0.000000
16500,0,0.005752,0.000000
16501,0,0.005750,0.000000
16502,0,0.005747,0.000000
16503,0,0.005744,0.000000
16504,0,0.005742,0.000000
16505,0,0.005739,0.000000
16506,0,0.005737,0.000000
16507,0,0.005734,0.000000
16508,0,0.005732,0.000000
16509,0,0.005729,0.000000
16510,0,0.005727,0.000000
16511,0,0.005724,0.000000
16512,0,0.005722,0.000000
16513,0,0.005719,0.000000
16514,0,0.005717,0.000000
16515,0,0.005714,0.000000
16516,0,0.005712,0.000000
16517,0,0.005709,0.000000
16518,0,0.005707,0.000000
16519,0,0.005704,0.000000
16520,0,0.005702,0.000000
16521,0,0.005699,0.000000
16522,0,0.005697,0.000000
16523,0,0.005694,0.000000
16524,0,0.005692,0.000000
16525,0,0.005689,0.000000
16526,0,0.005687,0.000000
16527,0,0.005684,0.000000
16528,0,0.005682,0.000000
16529,0,0.005679,0.000000
16530,0,0.005677,0.000000
16531,0,0.005674,0.000000
16532,0,0.005672,0.000000
16533,0,0.005669,0.000000
16534,0,0.005667,0.000000
16535,0,0.005664,0.000000
16536,0,0.005662,0.000000
16537,0,0.005659,0.000000
16538,0,0.005657,0.000000
16539,0,0.005654,0.000000
16540,0,0.005652,0.000000
16541,0,0.005649,0.000000
16542,0,0.005647,0.000000
16543,0,0.005645,0.000000
16544,0,0.005642,0.000000
16545,0,0.005640,0.000000
16546,0,0.005637,0.000000
16547,0,0.005635,0.000000
16548,0,0.005632,0.000000
16549,0,0.005630,0.000000
16550,0,0.005627,0.000000
16551,0,0.005625,0.000000
16552,0,0.005623,0.000000
16553,0,0.005620,0.000000
16554,0,0.005618,0.000000
16555,0,0.005615,0.000000
16556,0,0.005613,0.000000
16557,0,0.005610,0.000000
16558,0,0.005608,0.000000
16559,0,0.005606,0.000000
16560,0,0.005603,0.000000
16561,0,0.005601,0.000000
16562,0,0.005598,0.000000
16563,0,0.005596,0.000000
16564,0,0.005593,0.000000
16565,0,0.005591,0.000000
16566,0,0.005589,0.000000
16567,0,0.005586,0.000000
16568,0,0.005584,0.000000
16569,0,0.005581,0.000000
16570,0,0.005579,0.000000
16571,0,0.005577,0.000000
16572,0,0.005574,0.000000
16573,0,0.005572,0.000000
16574,0,0.005569,0.000000
16575,0,0.005567,0.000000
16576,0,0.005565,0.000000
16577,0,0.005562,0.000000
16578,0,0.005560,0.000000
16579,0,0.005557,0.000000
16580,0,0.005555,0.000000
16581,0,0.005553,0.000000
16582,0,0.005550,0.000000
16583,0,0.005548,0.000000
16584,0,0.005546,0.000000
16585,0,0.005543,0.000000
16586,0,0.005541,0.000000
16587,0,0.005538,0.000000
16588,0,0.005536,0.000000
16589,0,0.005534,0.000000
16590,0,0.005531,0.000000
16591,0,0.005529,0.000000
16592,0,0.005527,0.000000
16593,0,0.005524,0.000000
16594,0,0.005522,0.000000
16595,0,0.005519,0.000000
16596,0,0.005517,0.000000
16597,0,0.005515,0.000000
16598,0,0.005512,0.000000
16599,0,0.005510,0.000000
16600,0,0.005508,0.000000
16601,0,0.005505,0.000000
16602,0,0.005503,0.000000
16603,0,0.005501,0.000000
16604,0,0.005498,0.000000
16605,0,0.005496,0.000000
16606,0,0.005494,0.000000
16607,0,0.005491,0.000000
16608,0,0.005489,0.000000
16609,0,0.005487,0.000000
16610,0,0.005484,0.000000
16611,0,0.005482,0.000000
16612,0,0.005480,0.000000
16613,0,0.005477,0.000000
16614,0,0.005475,0.000000
16615,0,0.005473,0.000000
16616,0,0.005470,0.000000
16617,0,0.005468,0.000000
16618,0,0.005466,0.000000
16619,0,0.005463,0.000000
16620,0,0.005461,0.000000
16621,0,0.005459,0.000000
16622,0,0.005457,0.000000
16623,0,0.005454,0.000000
16624,0,0.005452,0.000000
16625,0,0.005450,0.000000
16626,0,0.005447,0.000000
16627,0,0.005445,0.000000
16628,0,0.005443,0.000000
16629,0,0.005440,0.000000
16630,0,0.005438,0.000000
16631,0,0.005436,0.000000
16632,0,0.005434,0.000000
16633,0,0.005431,0.000000
16634,0,0.005429,0.000000
16635,0,0.005427,0.000000
16636,0,0.005424,0.000000
16637,0,0.005422,0.000000
16638,0,0.005420,0.000000
16639,0,0.005418,0.000000
16640,0,0.005415,0.000000
16641,0,0.005413,0.000000
16642,0,0.005411,0.000000
16643,0,0.005409,0.000000
16644,0,0.005406,0.000000
16645,0,0.005404,0.000000
16646,0,0.005402,0.000000
16647,0,0.005399,0.000000
16648,0,0.005397,0.000000
16649,0,0.005395,0.000000
16650,0,0.005393,0.000000
16651,0,0.005390,0.000000
16652,0,0.005388,0.000000
16653,0,0.005386,0.000000
16654,0,0.005384,0.000000
16655,0,0.005381,0.000000
16656,0,0.005379,0.000000
16657,0,0.005377,0.000000
16658,0,0.005375,0.000000
16659,0,0.005372,0.000000
16660,0,0.005370,0.000000
16661,0,0.005368,0.000000
16662,0,0.005366,0.000000
16663,0,0.005364,0.000000
16664,0,0.005361,0.000000
16665,0,0.005359,0.000000
16666,0,0.005357,0.000000
16667,0,0.005355,0.000000
16668,0,0.005352,0.000000
16669,0,0.005350,0.000000
16670,0,0.005348,0.000000
16671,0,0.005346,0.000000
16672,0,0.005344,0.000000
16673,0,0.005341,0.000000
16674,0,0.005339,0.000000
16675,0,0.005337,0.000000
16676,0,0.005335,0.000000
16677,0,0.005332,0.000000
16678,0,0.005330,0.000000
16679,0,0.005328,0.000000
16680,0,0.005326,0.000000
16681,0,0.005324,0.000000
16682,0,0.005321,0.000000
16683,0,0.005319,0.000000
16684,0,0.005317,0.000000
16685,0,0.005315,0.000000
16686,0,0.005313,0.000000
16687,0,0.005310,0.000000
16688,0,0.005308,0.000000
16689,0,0.005306,0.000000
16690,0,0.005304,0.000000
16691,0,0.005302,0.000000
16692,0,0.005299,0.000000
16693,0,0.005297,0.000000
16694,0,0.005295,0.000000
16695,0,0.005293,0.000000
16696,0,0.005291,0.000000
16697,0,0.005289,0.000000
16698,0,0.005286,0.000000
16699,0,0.005284,0.000000
16700,0,0.005282,0.000000
16701,0,0.005280,0.000000
16702,0,0.005278,0.000000
16703,0,0.005276,0.000000
16704,0,0.005273,0.000000
16705,0,0.005271,0.000000
16706,0,0.005269,0.000000
16707,0,0.005267,0.000000
16708,0,0.005265,0.000000
16709,0,0.005263,0.000000
16710,0,0.005260,0.000000
16711,0,0.005258,0.000000
16712,0,0.005256,0.000000
16713,0,0.005254,0.000000
16714,0,0.005252,0.000000
16715,0,0.005250,0.000000
16716,0,0.005248,0.000000
16717,0,0.005245,0.000000
16718,0,0.005243,0.000000
16719,0,0.005241,0.000000
16720,0,0.005239,0.000000
16721,0,0.005237,0.000000
16722,0,0.005235,0.000000
16723,0,0.005233,0.000000
16724,0,0.005230,0.000000
16725,0,0.005228,0.000000
16726,0,0.005226,0.000000
16727,0,0.005224,0.000000
16728,0,0.005222,0.000000
16729,0,0.005220,0.000000
16730,0,0.005218,0.000000
16731,0,0.005216,0.000000
16732,0,0.005213,0.000000
16733,0,0.005211,0.000000
16734,0,0.005209,0.000000
16735,0,0.005207,0.000000
16736,0,0.005205,0.000000
16737,0,0.005203,0.000000
16738,0,0.005201,0.000000
16739,0,0.005199,0.000000
16740,0,0.005196,0.000000
16741,0,0.005194,0.000000
16742,0,0.005192,0.000000
16743,0,0.005190,0.000000
16744,0,0.005188,0.000000
16745,0,0.005186,0.000000
16746,0,0.005184,0.000000
16747,0,0.005182,0.000000
16748,0,0.005180,0.000000
16749,0,0.005178,0.000000
16750,0,0.005175,0.000000
16751,0,0.005173,0.000000
16752,0,0.005171,0.000000
16753,0,0.005169,0.000000
16754,0,0.005167,0.000000
16755,0,0.005165,0.000000
16756,0,0.005163,0.000000
16757,0,0.005161,0.000000
16758,0,0.005159,0.000000
16759,0,0.005157,0.000000
16760,0,0.005155,0.000000
16761,0,0.005153,0.000000
16762,0,0.005150,0.000000
16763,0,0.005148,0.000000
16764,0,0.005146,0.000000
16765,0,0.005144,0.000000
16766,0,0.005142,0.000000
16767,0,0.005140,0.000000
16768,0,0.005138,0.000000
16769,0,0.005136,0.000000
16770,0,0.005134,0.000000
16771,0,0.005132,0.000000
16772,0,0.005130,0.000000
16773,0,0.005128,0.000000
16774,0,0.005126,0.000000
16775,0,0.005124,0.000000
16776,0,0.005122,0.000000
16777,0,0.005120,0.000000
16778,0,0.005117,0.000000
16779,0,0.005115,0.000000
16780,0,0.005113,0.000000
16781,0,0.005111,0.000000
16782,0,0.005109,0.000000
16783,0,0.005107,0.000000
16784,0,0.005105,0.000000
16785,0,0.005103,0.000000
16786,0,0.005101,0.000000
16787,0,0.005099,0.000000
16788,0,0.005097,0.000000
16789,0,0.005095,0.000000
16790,0,0.005093,0.000000
16791,0,0.005091,0.000000
16792,0,0.005089,0.000000
16793,0,0.005087,0.000000
16794,0,0.005085,0.000000
16795,0,0.005083,0.000000
16796,0,0.005081,0.000000
16797,0,0.005079,0.000000
16798,0,0.005077,0.000000
16799,0,0.005075,0.000000
16800,0,0.005073,0.000000
16801,0,0.005071,0.000000
16802,0,0.005069,0.000000
16803,0,0.005067,0.000000
16804,0,0.005065,0.000000
16805,0,0.005063,0.000000
16806,0,0.005061,0.000000
16807,0,0.005059,0.000000
16808,0,0.005057,0.000000
16809,0,0.005055,0.000000
16810,0,0.005053,0.000000
16811,0,0.005051,0.000000
16812,0,0.005049,0.000000
16813,0,0.005047,0.000000
16814,0,0.005045,0.000000
16815,0,0.005043,0.000000
16816,0,0.005041,0.000000
16817,0,0.005039,0.000000
16818,0,0.005037,0.000000
16819,0,0.005035,0.000000
16820,0,0.005033,0.000000
16821,0,0.005031,0.000000
16822,0,0.005029,0.000000
16823,0,0.005027,0.000000
16824,0,0.005025,0.000000
16825,0,0.005023,0.000000
16826,0,0.005021,0.000000
16827,0,0.005019,0.000000
16828,0,0.005017,0.000000
16829,0,0.005015,0.000000
16830,0,0.005013,0.000000
16831,0,0.005011,0.000000
16832,0,0.005009,0.000000
16833,0,0.005007,0.000000
16834,0,0.005005,0.000000
16835,0,0.005003,0.000000
16836,0,0.005001,0.000000
16837,0,0.004999,0.000000
16838,0,0.004997,0.000000
16839,0,0.004995,0.000000
16840,0,0.004993,0.000000
16841,0,0.004991,0.000000
16842,0,0.004989,0.000000
16843,0,0.004987,0.000000
16844,0,0.004985,0.000000
16845,0,0.004983,0.000000
16846,0,0.004981,0.000000
16847,0,0.004979,0.000000
16848,0,0.004977,0.000000
16849,0,0.004975,0.000000
16850,0,0.004974,0.000000
16851,0,0.004972,0.000000
16852,0,0.004970,0.000000
16853,0,0.004968,0.000000
16854,0,0.004966,0.000000
16855,0,0.004964,0.000000
16856,0,0.004962,0.000000
16857,0,0.004960,0.000000
16858,0,0.004958,0.000000
16859,0,0.004956,0.000000
16860,0,0.004954,0.000000
16861,0,0.004952,0.000000
16862,0,0.004950,0.000000
16863,0,0.004948,0.000000
16864,0,0.004946,0.000000
16865,0,0.004944,0.000000
16866,0,0.004943,0.000000
16867,0,0.004941,0.000000
16868,0,0.004939,0.000000
16869,0,0.004937,0.000000
16870,0,0.004935,0.000000
16871,0,0.004933,0.000000
16872,0,0.004931,0.000000
16873,0,0.004929,0.000000
16874,0,0.004927,0.000000
16875,0,0.004925,0.000000
16876,0,0.004923,0.000000
16877,0,0.004921,0.000000
16878,0,0.004919,0.000000
16879,0,0.004918,0.000000
16880,0,0.004916,0.000000
16881,0,0.004914,0.000000
16882,0,0.004912,0.000000
16883,0,0.004910,0.000000
16884,0,0.004908,0.000000
16885,0,0.004906,0.000000
16886,0,0.004904,0.000000
16887,0,0.004902,0.000000
16888,0,0.004900,0.000000
16889,0,0.004899,0.000000
16890,0,0.004897,0.000000
16891,0,0.004895,0.000000
16892,0,0.004893,0.000000
16893,0,0.004891,0.000000
16894,0,0.004889,0.000000
16895,0,0.004887,0.000000
16896,0,0.004885,0.000000
16897,0,0.004883,0.000000
16898,0,0.004882,0.000000
16899,0,0.004880,0.000000
16900,0,0.004878,0.000000
16901,0,0.004876,0.000000
16902,0,0.004874,0.000000
16903,0,0.004872,0.000000
16904,0,0.004870,0.000000
16905,0,0.004868,0.000000
16906,0,0.004866,0.000000
16907,0,0.004865,0.000000
16908,0,0.004863,0.000000
16909,0,0.004861,0.000000
16910,0,0.004859,0.000000
16911,0,0.004857,0.000000
16912,0,0.004855,0.000000
16913,0,0.004853,0.000000
16914,0,0.004851,0.000000
16915,0,0.004850,0.000000
16916,0,0.004848,0.000000
16917,0,0.004846,0.000000
16918,0,0.004844,0.000000
16919,0,0.004842,0.000000
16920,0,0.004840,0.000000
16921,0,0.004838,0.000000
16922,0,0.004837,0.000000
16923,0,0.004835,0.000000
16924,0,0.004833,0.000000
16925,0,0.004831,0.000000
16926,0,0.004829,0.000000
16927,0,0.004827,0.000000
16928,0,0.004825,0.000000
16929,0,0.004824,0.000000
16930,0,0.004822,0.000000
16931,0,0.004820,0.000000
16932,0,0.004818,0.000000
16933,0,0.004816,0.000000
16934,0,0.004814,0.000000
16935,0,0.004813,0.000000
16936,0,0.004811,0.000000
16937,0,0.004809,0.000000
16938,0,0.004807,0.000000
16939,0,0.004805,0.000000
16940,0,0.004803,0.000000
16941,0,0.004802,0.000000
16942,0,0.004800,0.000000
16943,0,0.004798,0.000000
16944,0,0.004796,0.000000
16945,0,0.004794,0.000000
16946,0,0.004792,0.000000
16947,0,0.004791,0.000000
16948,0,0.004789,0.000000
16949,0,0.004787,0.000000
16950,0,0.004785,0.000000
16951,0,0.004783,0.000000
16952,0,0.004781,0.000000
16953,0,0.004780,0.000000
16954,0,0.004778,0.000000
16955,0,0.004776,0.000000
16956,0,0.004774,0.000000
16957,0,0.004772,0.000000
16958,0,0.004771,0.000000
16959,0,0.004769,0.000000
16960,0,0.004767,0.000000
16961,0,0.004765,0.000000
16962,0,0.004763,0.000000
16963,0,0.004762,0.000000
16964,0,0.004760,0.000000
16965,0,0.004758,0.000000
16966,0,0.004756,0.000000
16967,0,0.004754,0.000000
16968,0,0.004753,0.000000
16969,0,0.004751,0.000000
16970,0,0.004749,0.000000
16971,0,0.004747,0.000000
16972,0,0.004745,0.000000
16973,0,0.004744,0.000000
16974,0,0.004742,0.000000
16975,0,0.004740,0.000000
16976,0,0.004738,0.000000
16977,0,0.004736,0.000000
16978,0,0.004735,0.000000
16979,0,0.004733,0.000000
16980,0,0.004731,0.000000
16981,0,0.004729,0.000000
16982,0,0.004727,0.000000
16983,0,0.004726,0.000000
16984,0,0.004724,0.000000
16985,0,0.004722,0.000000
16986,0,0.004720,0.000000
16987,0,0.004719,0.000000
16988,0,0.004717,0.000000
16989,0,0.004715,0.000000
16990,0,0.004713,0.000000
16991,0,0.004711,0.000000
16992,0,0.004710,0.000000
16993,0,0.004708,0.000000
16994,0,0.004706,0.000000
16995,0,0.004704,0.000000
16996,0,0.004703,0.000000
16997,0,0.004701,0.000000
16998,0,0.004699,0.000000
16999,0,0.004697,0.000000
17000,0,0.004695,0.000000
17001,0,0.004694,0.000000
17002,0,0.004692,0.000000
17003,0,0.004690,0.000000
17004,0,0.004688,0.000000
17005,0,0.004687,0.000000
17006,0,0.004685,0.000000
17007,0,0.004683,0.000000
17008,0,0.004681,0.000000
17009,0,0.004680,0.000000
17010,0,0.004678,0.000000
17011,0,0.004676,0.000000
17012,0,0.004674,0.000000
17013,0,0.004673,0.000000
17014,0,0.004671,0.000000
17015,0,0.004669,0.000000
17016,0,0.004667,0.000000
17017,0,0.004666,0.000000
17018,0,0.004664,0.000000
17019,0,0.004662,0.000000
17020,0,0.004660,0.000000
17021,0,0.004659,0.000000
17022,0,0.004657,0.000000
17023,0,0.004655,0.000000
17024,0,0.004653,0.000000
17025,0,0.004652,0.000000
17026,0,0.004650,0.000000
17027,0,0.004648,0.000000
17028,0,0.004647,0.000000
17029,0,0.004645,0.000000
17030,0,0.004643,0.000000
17031,0,0.004641,0.000000
17032,0,0.004640,0.000000
17033,0,0.004638,0.000000
17034,0,0.004636,0.000000
17035,0,0.004634,0.000000
17036,0,0.004633,0.000000
17037,0,0.004631,0.000000
17038,0,0.004629,0.000000
17039,0,0.004628,0.000000
17040,0,0.004626,0.000000
17041,0,0.004624,0.000000
17042,0,0.004622,0.000000
17043,0,0.004621,0.000000
17044,0,0.004619,0.000000
17045,0,0.004617,0.000000
17046,0,0.004616,0.000000
17047,0,0.004614,0.000000
17048,0,0.004612,0.000000
17049,0,0.004610,0.000000
17050,0,0.004609,0.000000
17051,0,0.004607,0.000000
17052,0,0.004605,0.000000
17053,0,0.004604,0.000000
17054,0,0.004602,0.000000
17055,0,0.004600,0.000000
17056,0,0.004598,0.000000
17057,0,0.004597,0.000000
17058,0,0.004595,0.000000
17059,0,0.004593,0.000000
17060,0,0.004592,0.000000
17061,0,0.004590,0.000000
17062,0,0.004588,0.000000
17063,0,0.004587,0.000000
17064,0,0.004585,0.000000
17065,0,0.004583,0.000000
17066,0,0.004582,0.000000
17067,0,0.004580,0.000000
17068,0,0.004578,0.000000
17069,0,0.004576,0.000000
17070,0,0.004575,0.000000
17071,0,0.004573,0.000000
17072,0,0.004571,0.000000
17073,0,0.004570,0.000000
17074,0,0.004568,0.000000
17075,0,0.004566,0.000000
17076,0,0.004565,0.000000
17077,0,0.004563,0.000000
17078,0,0.004561,0.000000
17079,0,0.004560,0.000000
17080,0,0.004558,0.000000
17081,0,0.004556,0.000000
17082,0,0.004555,0.000000
17083,0,0.004553,0.000000
17084,0,0.004551,0.000000
17085,0,0.004550,0.000000
17086,0,0.004548,0.000000
17087,0,0.004546,0.000000
17088,0,0.004545,0.000000
17089,0,0.004543,0.000000
17090,0,0.004541,0.000000
17091,0,0.004540,0.000000
17092,0,0.004538,0.000000
17093,0,0.004536,0.000000
17094,0,0.004535,0.000000
17095,0,0.004533,0.000000
17096,0,0.004531,0.000000
17097,0,0.004530,0.000000
17098,0,0.004528,0.000000
17099,0,0.004526,0.000000
17100,0,0.004525,0.000000
17101,0,0.004523,0.000000
17102,0,0.004521,0.000000
17103,0,0.004520,0.000000
17104,0,0.004518,0.000000
17105,0,0.004516,0.000000
17106,0,0.004515,0.000000
17107,0,0.004513,0.000000
17108,0,0.004511,0.000000
17109,0,0.004510,0.000000
17110,0,0.004508,0.000000
17111,0,0.004506,0.000000
17112,0,0.004505,0.000000
17113,0,0.004503,0.000000
17114,0,0.004502,0.000000
17115,0,0.004500,0.000000
17116,0,0.004498,0.000000
17117,0,0.004497,0.000000
17118,0,0.004495,0.000000
17119,0,0.004493,0.000000
17120,0,0.004492,0.000000
17121,0,0.004490,0.000000
17122,0,0.004488,0.000000
17123,0,0.004487,0.000000
17124,0,0.004485,0.000000
17125,0,0.004484,0.000000
17126,0,0.004482,0.000000
17127,0,0.004480,0.000000
17128,0,0.004479,0.000000
17129,0,0.004477,0.000000
17130,0,0.004475,0.000000
17131,0,0.004474,0.000000
17132,0,0.004472,0.000000
17133,0,0.004471,0.000000
17134,0,0.004469,0.000000
17135,0,0.004467,0.000000
17136,0,0.004466,0.000000
17137,0,0.004464,0.000000
17138,0,0.004462,0.000000
17139,0,0.004461,0.000000
17140,0,0.004459,0.000000
17141,0,0.004458,0.000000
17142,0,0.004456,0.000000
17143,0,0.004454,0.000000
17144,0,0.004453,0.000000
17145,0,0.004451,0.000000
17146,0,0.004450,0.000000
17147,0,0.004448,0.000000
17148,0,0.004446,0.000000
17149,0,0.004445,0.000000
17150,0,0.004443,0.000000
17151,0,0.004441,0.000000
17152,0,0.004440,0.000000
17153,0,0.004438,0.000000
17154,0,0.004437,0.000000
17155,0,0.004435,0.000000
17156,0,0.004433,0.000000
17157,0,0.004432,0.000000
17158,0,0.004430,0.000000
17159,0,0.004429,0.000000
17160,0,0.004427,0.000000
17161,0,0.004425,0.000000
17162,0,0.004424,0.000000
17163,0,0.004422,0.000000
17164,0,0.004421,0.000000
17165,0,0.004419,0.000000
17166,0,0.004418,0.000000
17167,0,0.004416,0.000000
17168,0,0.004414,0.000000
17169,0,0.004413,0.000000
17170,0,0.004411,0.000000
17171,0,0.004410,0.000000
17172,0,0.004408,0.000000
17173,0,0.004406,0.000000
17174,0,0.004405,0.000000
17175,0,0.004403,0.000000
17176,0,0.004402,0.000000
17177,0,0.004400,0.000000
17178,0,0.004398,0.000000
17179,0,0.004397,0.000000
17180,0,0.004395,0.000000
17181,0,0.004394,0.000000
17182,0,0.004392,0.000000
17183,0,0.004391,0.000000
17184,0,0.004389,0.000000
17185,0,0.004387,0.000000
17186,0,0.004386,0.000000
17187,0,0.004384,0.000000
17188,0,0.004383,0.000000
17189,0,0.004381,0.000000
17190,0,0.004380,0.000000
17191,0,0.004378,0.000000
17192,0,0.004376,0.000000
17193,0,0.004375,0.000000
17194,0,0.004373,0.000000
17195,0,0.004372,0.000000
17196,0,0.004370,0.000000
17197,0,0.004369,0.000000
17198,0,0.004367,0.000000
17199,0,0.004366,0.000000
17200,0,0.004364,0.000000
17201,0,0.004362,0.000000
17202,0,0.004361,0.000000
17203,0,0.004359,0.000000
17204,0,0.004358,0.000000
17205,0,0.004356,0.000000
17206,0,0.004355,0.000000
17207,0,0.004353,0.000000
17208,0,0.004352,0.000000
17209,0,0.004350,0.000000
17210,0,0.004348,0.000000
17211,0,0.004347,0.000000
17212,0,0.004345,0.000000
17213,0,0.004344,0.000000
17214,0,0.004342,0.000000
17215,0,0.004341,0.000000
17216,0,0.004339,0.000000
17217,0,0.004338,0.000000
17218,0,0.004336,0.000000
17219,0,0.004335,0.000000
17220,0,0.004333,0.000000
17221,0,0.004331,0.000000
17222,0,0.004330,0.000000
17223,0,0.004328,0.000000
17224,0,0.004327,0.000000
17225,0,0.004325,0.000000
17226,0,0.004324,0.000000
17227,0,0.004322,0.000000
17228,0,0.004321,0.000000
17229,0,0.004319,0.000000
17230,0,0.004318,0.000000
17231,0,0.004316,0.000000
17232,0,0.004315,0.000000
17233,0,0.004313,0.000000
17234,0,0.004311,0.000000
17235,0,0.004310,0.000000
17236,0,0.004308,0.000000
17237,0,0.004307,0.000000
17238,0,0.004305,0.000000
17239,0,0.004304,0.000000
17240,0,0.004302,0.000000
17241,0,0.004301,0.000000
17242,0,0.004299,0.000000
17243,0,0.004298,0.000000
17244,0,0.004296,0.000000
17245,0,0.004295,0.000000
17246,0,0.004293,0.000000
17247,0,0.004292,0.000000
17248,0,0.004290,0.000000
17249,0,0.004289,0.000000
17250,0,0.004287,0.000000
17251,0,0.004286,0.000000
17252,0,0.004284,0.000000
17253,0,0.004283,0.000000
17254,0,0.004281,0.000000
17255,0,0.004280,0.000000
17256,0,0.004278,0.000000
17257,0,0.004277,0.000000
17258,0,0.004275,0.000000
17259,0,0.004274,0.000000
17260,0,0.004272,0.000000
17261,0,0.004271,0.000000
17262,0,0.004269,0.000000
17263,0,0.004268,0.000000
17264,0,0.004266,0.000000
17265,0,0.004265,0.000000
17266,0,0.004263,0.000000
17267,0,0.004262,0.000000
17268,0,0.004260,0.000000
17269,0,0.004259,0.000000
17270,0,0.004257,0.000000
17271,0,0.004256,0.000000
17272,0,0.004254,0.000000
17273,0,0.004253,0.000000
17274,0,0.004251,0.000000
17275,0,0.004250,0.000000
17276,0,0.004248,0.000000
17277,0,0.004247,0.000000
17278,0,0.004245,0.000000
17279,0,0.004244,0.000000
17280,0,0.004242,0.000000
17281,0,0.004241,0.000000
17282,0,0.004239,0.000000
17283,0,0.004238,0.000000
17284,0,0.004236,0.000000
17285,0,0.004235,0.000000
17286,0,0.004233,0.000000
17287,0,0.004232,0.000000
17288,0,0.004230,0.000000
17289,0,0.004229,0.000000
17290,0,0.004227,0.000000
17291,0,0.004226,0.000000
17292,0,0.004224,0.000000
17293,0,0.004223,0.000000
17294,0,0.004221,0.000000
17295,0,0.004220,0.000000
17296,0,0.004218,0.000000
17297,0,0.004217,0.000000
17298,0,0.004215,0.000000
17299,0,0.004214,0.000000
17300,0,0.004212,0.000000
17301,0,0.004211,0.000000
17302,0,0.004210,0.000000
17303,0,0.004208,0.000000
17304,0,0.004207,0.000000
17305,0,0.004205,0.000000
17306,0,0.004204,0.000000
17307,0,0.004202,0.000000
17308,0,0.004201,0.000000
17309,0,0.004199,0.000000
17310,0,0.004198,0.000000
17311,0,0.004196,0.000000
17312,0,0.004195,0.000000
17313,0,0.004193,0.000000
17314,0,0.004192,0.000000
17315,0,0.004191,0.000000
17316,0,0.004189,0.000000
17317,0,0.004188,0.000000
17318,0,0.004186,0.000000
17319,0,0.004185,0.000000
17320,0,0.004183,0.000000
17321,0,0.004182,0.000000
17322,0,0.004180,0.000000
17323,0,0.004179,0.000000
17324,0,0.004177,0.000000
17325,0,0.004176,0.000000
17326,0,0.004175,0.000000
17327,0,0.004173,0.000000
17328,0,0.004172,0.000000
17329,0,0.004170,0.000000
17330,0,0.004169,0.000000
17331,0,0.004167,0.000000
17332,0,0.004166,0.000000
17333,0,0.004164,0.000000
17334,0,0.004163,0.000000
17335,0,0.004161,0.000000
17336,0,0.004160,0.000000
17337,0,0.004159,0.000000
17338,0,0.004157,0.000000
17339,0,0.004156,0.000000
17340,0,0.004154,0.000000
17341,0,0.004153,0.000000
17342,0,0.004151,0.000000
17343,0,0.004150,0.000000
17344,0,0.004149,0.000000
17345,0,0.004147,0.000000
17346,0,0.004146,0.000000
17347,0,0.004144,0.000000
17348,0,0.004143,0.000000
17349,0,0.004141,0.000000
17350,0,0.004140,0.000000
17351,0,0.004139,0.000000
17352,0,0.004137,0.000000
17353,0,0.004136,0.000000
17354,0,0.004134,0.000000
17355,0,0.004133,0.000000
17356,0,0.004131,0.000000
17357,0,0.004130,0.000000
17358,0,0.004129,0.000000
17359,0,0.004127,0.000000
17360,0,0.004126,0.000000
17361,0,0.004124,0.000000
17362,0,0.004123,0.000000
17363,0,0.004121,0.000000
17364,0,0.004120,0.000000
17365,0,0.004119,0.000000
17366,0,0.004117,0.000000
17367,0,0.004116,0.000000
17368,0,0.004114,0.000000
17369,0,0.004113,0.000000
17370,0,0.004111,0.000000
17371,0,0.004110,0.000000
17372,0,0.004109,0.000000
17373,0,0.004107,0.000000
17374,0,0.004106,0.000000
17375,0,0.004104,0.000000
17376,0,0.004103,0.000000
17377,0,0.004102,0.000000
17378,0,0.004100,0.000000
17379,0,0.004099,0.000000
17380,0,0.004097,0.000000
17381,0,0.004096,0.000000
17382,0,0.004095,0.000000
17383,0,0.004093,0.000000
17384,0,0.004092,0.000000
17385,0,0.004090,0.000000
17386,0,0.004089,0.000000
17387,0,0.004088,0.000000
17388,0,0.004086,0.000000
17389,0,0.004085,0.000000
17390,0,0.004083,0.000000
17391,0,0.004082,0.000000
17392,0,0.004081,0.000000
17393,0,0.004079,0.000000
17394,0,0.004078,0.000000
17395,0,0.004076,0.000000
17396,0,0.004075,0.000000
17397,0,0.004074,0.000000
17398,0,0.004072,0.000000
17399,0,0.004071,0.000000
17400,0,0.004069,0.000000
17401,0,0.004068,0.000000
17402,0,0.004067,0.000000
17403,0,0.004065,0.000000
17404,0,0.004064,0.000000
17405,0,0.004062,0.000000
17406,0,0.004061,0.000000
17407,0,0.004060,0.000000
17408,0,0.004058,0.000000
17409,0,0.004057,0.000000
17410,0,0.004055,0.000000
17411,0,0.004054,0.000000
17412,0,0.004053,0.000000
17413,0,0.004051,0.000000
17414,0,0.004050,0.000000
17415,0,0.004049,0.000000
17416,0,0.004047,0.000000
17417,0,0.004046,0.000000
17418,0,0.004044,0.000000
17419,0,0.004043,0.000000
17420,0,0.004042,0.000000
17421,0,0.004040,0.000000
17422,0,0.004039,0.000000
17423,0,0.004038,0.000000
17424,0,0.004036,0.000000
17425,0,0.004035,0.000000
17426,0,0.004033,0.000000
17427,0,0.004032,0.000000
17428,0,0.004031,0.000000
17429,0,0.004029,0.000000
17430,0,0.004028,0.000000
17431,0,0.004027,0.000000
17432,0,0.004025,0.000000
17433,0,0.004024,0.000000
17434,0,0.004022,0.000000
17435,0,0.004021,0.000000
17436,0,0.004020,0.000000
17437,0,0.004018,0.000000
17438,0,0.004017,0.000000
17439,0,0.004016,0.000000
17440,0,0.004014,0.000000
17441,0,0.004013,0.000000
17442,0,0.004012,0.000000
17443,0,0.004010,0.000000
17444,0,0.004009,0.000000
17445,0,0.004007,0.000000
17446,0,0.004006,0.000000
17447,0,0.004005,0.000000
17448,0,0.004003,0.000000
17449,0,0.004002,0.000000
17450,0,0.004001,0.000000
17451,0,0.003999,0.000000
17452,0,0.003998,0.000000
17453,0,0.003997,0.000000
17454,0,0.003995,0.000000
17455,0,0.003994,0.000000
17456,0,0.003993,0.000000
17457,0,0.003991,0.000000
17458,0,0.003990,0.000000
17459,0,0.003989,0.000000
17460,0,0.003987,0.000000
17461,0,0.003986,0.000000
17462,0,0.003984,0.000000
17463,0,0.003983,0.000000
17464,0,0.003982,0.000000
17465,0,0.003980,0.000000
17466,0,0.003979,0.000000
17467,0,0.003978,0.000000
17468,0,0.003976,0.000000
17469,0,0.003975,0.000000
17470,0,0.003974,0.000000
17471,0,0.003972,0.000000
17472,0,0.003971,0.000000
17473,0,0.003970,0.000000
17474,0,0.003968,0.000000
17475,0,0.003967,0.000000
17476,0,0.003966,0.000000
17477,0,0.003964,0.000000
17478,0,0.003963,0.000000
17479,0,0.003962,0.000000
17480,0,0.003960,0.000000
17481,0,0.003959,0.000000
17482,0,0.003958,0.000000
17483,0,0.003956,0.000000
17484,0,0.003955,0.000000
17485,0,0.003954,0.000000
17486,0,0.003952,0.000000
17487,0,0.003951,0.000000
17488,0,0.003950,0.000000
17489,0,0.003948,0.000000
17490,0,0.003947,0.000000
17491,0,0.003946,0.000000
17492,0,0.003944,0.000000
17493,0,0.003943,0.000000
17494,0,0.003942,0.000000
17495,0,0.003940,0.000000
17496,0,0.003939,0.000000
17497,0,0.003938,0.000000
17498,0,0.003936,0.000000
17499,0,0.003935,0.000000
17500,0,0.003934,0.000000
17501,0,0.003932,0.000000
17502,0,0.003931,0.000000
17503,0,0.003930,0.000000
17504,0,0.003929,0.000000
17505,0,0.003927,0.000000
17506,0,0.003926,0.000000
17507,0,0.003925,0.000000
17508,0,0.003923,0.000000
17509,0,0.003922,0.000000
17510,0,0.003921,0.000000
17511,0,0.003919,0.000000
17512,0,0.003918,0.000000
17513,0,0.003917,0.000000
17514,0,0.003915,0.000000
17515,0,0.003914,0.000000
17516,0,0.003913,0.000000
17517,0,0.003911,0.000000
17518,0,0.003910,0.000000
17519,0,0.003909,0.000000
17520,0,0.003908,0.000000
17521,0,0.003906,0.000000
17522,0,0.003905,0.000000
17523,0,0.003904,0.000000
17524,0,0.003902,0.000000
17525,0,0.003901,0.000000
17526,0,0.003900,0.000000
17527,0,0.003898,0.000000
17528,0,0.003897,0.000000
17529,0,0.003896,0.000000
17530,0,0.003895,0.000000
17531,0,0.003893,0.000000
17532,0,0.003892,0.000000
17533,0,0.003891,0.000000
17534,0,0.003889,0.000000
17535,0,0.003888,0.000000
17536,0,0.003887,0.000000
17537,0,0.003885,0.000000
17538,0,0.003884,0.000000
17539,0,0.003883,0.000000
17540,0,0.003882,0.000000
17541,0,0.003880,0.000000
17542,0,0.003879,0.000000
17543,0,0.003878,0.000000
17544,0,0.003876,0.000000
17545,0,0.003875,0.000000
17546,0,0.003874,0.000000
17547,0,0.003873,0.000000
17548,0,0.003871,0.000000
17549,0,0.003870,0.000000
17550,0,0.003869,0.000000
17551,0,0.003867,0.000000
17552,0,0.003866,0.000000
17553,0,0.003865,0.000000
17554,0,0.003864,0.000000
17555,0,0.003862,0.000000
17556,0,0.003861,0.000000
17557,0,0.003860,0.000000
17558,0,0.003858,0.000000
17559,0,0.003857,0.000000
17560,0,0.003856,0.000000
17561,0,0.003855,0.000000
17562,0,0.003853,0.000000
17563,0,0.003852,0.000000
17564,0,0.003851,0.000000
17565,0,0.003849,0.000000
17566,0,0.003848,0.000000
17567,0,0.003847,0.000000
17568,0,0.003846,0.000000
17569,0,0.003844,0.000000
17570,0,0.003843,0.000000
17571,0,0.003842,0.000000
17572,0,0.003841,0.000000
17573,0,0.003839,0.000000
17574,0,0.003838,0.000000
17575,0,0.003837,0.000000
17576,0,0.003835,0.000000
17577,0,0.003834,0.000000
17578,0,0.003833,0.000000
17579,0,0.003832,0.000000
17580,0,0.003830,0.000000
17581,0,0.003829,0.000000
17582,0,0.003828,0.000000
17583,0,0.003827,0.000000
17584,0,0.003825,0.000000
17585,0,0.003824,0.000000
17586,0,0.003823,0.000000
17587,0,0.003822,0.000000
17588,0,0.003820,0.000000
17589,0,0.003819,0.000000
17590,0,0.003818,0.000000
17591,0,0.003816,0.000000
17592,0,0.003815,0.000000
17593,0,0.003814,0.000000
17594,0,0.003813,0.000000
17595,0,0.003811,0.000000
17596,0,0.003810,0.000000
17597,0,0.003809,0.000000
17598,0,0.003808,0.000000
17599,0,0.003806,0.000000
17600,0,0.003805,0.000000
17601,0,0.003804,0.000000
17602,0,0.003803,0.000000
17603,0,0.003801,0.000000
17604,0,0.003800,0.000000
17605,0,0.003799,0.000000
17606,0,0.003798,0.000000
17607,0,0.003796,0.000000
17608,0,0.003795,0.000000
17609,0,0.003794,0.000000
17610,0,0.003793,0.000000
17611,0,0.003791,0.000000
17612,0,0.003790,0.000000
17613,0,0.003789,0.000000
17614,0,0.003788,0.000000
17615,0,0.003786,0.000000
17616,0,0.003785,0.000000
17617,0,0.003784,0.000000
17618,0,0.003783,0.000000
17619,0,0.003781,0.000000
17620,0,0.003780,0.000000
17621,0,0.003779,0.000000
17622,0,0.003778,0.000000
17623,0,0.003777,0.000000
17624,0,0.003775,0.000000
17625,0,0.003774,0.000000
17626,0,0.003773,0.000000
17627,0,0.003772,0.000000
17628,0,0.003770,0.000000
17629,0,0.003769,0.000000
17630,0,0.003768,0.000000
17631,0,0.003767,0.000000
17632,0,0.003765,0.000000
17633,0,0.003764,0.000000
17634,0,0.003763,0.000000
17635,0,0.003762,0.000000
17636,0,0.003760,0.000000
17637,0,0.003759,0.000000
17638,0,0.003758,0.000000
17639,0,0.003757,0.000000
17640,0,0.003756,0.000000
17641,0,0.003754,0.000000
17642,0,0.003753,0.000000
17643,0,0.003752,0.000000
17644,0,0.003751,0.000000
17645,0,0.003749,0.000000
17646,0,0.003748,0.000000
17647,0,0.003747,0.000000
17648,0,0.003746,0.000000
17649,0,0.003744,0.000000
17650,0,0.003743,0.000000
17651,0,0.003742,0.000000
17652,0,0.003741,0.000000
17653,0,0.003740,0.000000
17654,0,0.003738,0.000000
17655,0,0.003737,0.000000
17656,0,0.003736,0.000000
17657,0,0.003735,0.000000
17658,0,0.003734,0.000000
17659,0,0.003732,0.000000
17660,0,0.003731,0.000000
17661,0,0.003730,0.000000
17662,0,0.003729,0.000000
17663,0,0.003727,0.000000
17664,0,0.003726,0.000000
17665,0,0.003725,0.000000
17666,0,0.003724,0.000000
17667,0,0.003723,0.000000
17668,0,0.003721,0.000000
17669,0,0.003720,0.000000
17670,0,0.003719,0.000000
17671,0,0.003718,0.000000
17672,0,0.003717,0.000000
17673,0,0.003715,0.000000
17674,0,0.003714,0.000000
17675,0,0.003713,0.000000
17676,0,0.003712,0.000000
17677,0,0.003710,0.000000
17678,0,0.003709,0.000000
17679,0,0.003708,0.000000
17680,0,0.003707,0.000000
17681,0,0.003706,0.000000
17682,0,0.003704,0.000000
17683,0,0.003703,0.000000
17684,0,0.003702,0.000000
17685,0,0.003701,0.000000
17686,0,0.003700,0.000000
17687,0,0.003698,0.000000
17688,0,0.003697,0.000000
17689,0,0.003696,0.000000
17690,0,0.003695,0.000000
17691,0,0.003694,0.000000
17692,0,0.003692,0.000000
17693,0,0.003691,0.000000
17694,0,0.003690,0.000000
17695,0,0.003689,0.000000
17696,0,0.003688,0.000000
17697,0,0.003686,0.000000
17698,0,0.003685,0.000000
17699,0,0.003684,0.000000
17700,0,0.003683,0.000000
17701,0,0.003682,0.000000
17702,0,0.003681,0.000000
17703,0,0.003679,0.000000
17704,0,0.003678,0.000000
17705,0,0.003677,0.000000
17706,0,0.003676,0.000000
17707,0,0.003675,0.000000
17708,0,0.003673,0.000000
17709,0,0.003672,0.000000
17710,0,0.003671,0.000000
17711,0,0.003670,0.000000
17712,0,0.003669,0.000000
17713,0,0.003667,0.000000
17714,0,0.003666,0.000000
17715,0,0.003665,0.000000
17716,0,0.003664,0.000000
17717,0,0.003663,0.000000
17718,0,0.003662,0.000000
17719,0,0.003660,0.000000
17720,0,0.003659,0.000000
17721,0,0.003658,0.000000
17722,0,0.003657,0.000000
17723,0,0.003656,0.000000
17724,0,0.003654,0.000000
17725,0,0.003653,0.000000
17726,0,0.003652,0.000000
17727,0,0.003651,0.000000
17728,0,0.003650,0.000000
17729,0,0.003649,0.000000
17730,0,0.003647,0.000000
17731,0,0.003646,0.000000
17732,0,0.003645,0.000000
17733,0,0.003644,0.000000
17734,0,0.003643,0.000000
17735,0,0.003641,0.000000
17736,0,0.003640,0.000000
17737,0,0.003639,0.000000
17738,0,0.003638,0.000000
17739,0,0.003637,0.000000
17740,0,0.003636,0.000000
17741,0,0.003634,0.000000
17742,0,0.003633,0.000000
17743,0,0.003632,0.000000
17744,0,0.003631,0.000000
17745,0,0.003630,0.000000
17746,0,0.003629,0.000000
17747,0,0.003627,0.000000
17748,0,0.003626,0.000000
17749,0,0.003625,0.000000
17750,0,0.003624,0.000000
17751,0,0.003623,0.000000
17752,0,0.003622,0.000000
17753,0,0.003620,0.000000
17754,0,0.003619,0.000000
17755,0,0.003618,0.000000
17756,0,0.003617,0.000000
17757,0,0.003616,0.000000
17758,0,0.003615,0.000000
17759,0,0.003614,0.000000
17760,0,0.003612,0.000000
17761,0,0.003611,0.000000
17762,0,0.003610,0.000000
17763,0,0.003609,0.000000
17764,0,0.003608,0.000000
17765,0,0.003607,0.000000
17766,0,0.003605,0.000000
17767,0,0.003604,0.000000
17768,0,0.003603,0.000000
17769,0,0.003602,0.000000
17770,0,0.003601,0.000000
17771,0,0.003600,0.000000
17772,0,0.003598,0.000000
17773,0,0.003597,0.000000
17774,0,0.003596,0.000000
17775,0,0.003595,0.000000
17776,0,0.003594,0.000000
17777,0,0.003593,0.000000
17778,0,0.003592,0.000000
17779,0,0.003590,0.000000
17780,0,0.003589,0.000000
17781,0,0.003588,0.000000
17782,0,0.003587,0.000000
17783,0,0.003586,0.000000
17784,0,0.003585,0.000000
17785,0,0.003584,0.000000
17786,0,0.003582,0.000000
17787,0,0.003581,0.000000
17788,0,0.003580,0.000000
17789,0,0.003579,0.000000
17790,0,0.003578,0.000000
17791,0,0.003577,0.000000
17792,0,0.003576,0.000000
17793,0,0.003574,0.000000
17794,0,0.003573,0.000000
17795,0,0.003572,0.000000
17796,0,0.003571,0.000000
17797,0,0.003570,0.000000
17798,0,0.003569,0.000000
17799,0,0.003568,0.000000
17800,0,0.003566,0.000000
17801,0,0.003565,0.000000
17802,0,0.003564,0.000000
17803,0,0.003563,0.000000
17804,0,0.003562,0.000000
17805,0,0.003561,0.000000
17806,0,0.003560,0.000000
17807,0,0.003559,0.000000
17808,0,0.003557,0.000000
17809,0,0.003556,0.000000
17810,0,0.003555,0.000000
17811,0,0.003554,0.000000
17812,0,0.003553,0.000000
17813,0,0.003552,0.000000
17814,0,0.003551,0.000000
17815,0,0.003549,0.000000
17816,0,0.003548,0.000000
17817,0,0.003547,0.000000
17818,0,0.003546,0.000000
17819,0,0.003545,0.000000
17820,0,0.003544,0.000000
17821,0,0.003543,0.000000
17822,0,0.003542,0.000000
17823,0,0.003540,0.000000
17824,0,0.003539,0.000000
17825,0,0.003538,0.000000
17826,0,0.003537,0.000000
17827,0,0.003536,0.000000
17828,0,0.003535,0.000000
17829,0,0.003534,0.000000
17830,0,0.003533,0.000000
17831,0,0.003531,0.000000
17832,0,0.003530,0.000000
17833,0,0.003529,0.000000
17834,0,0.003528,0.000000
17835,0,0.003527,0.000000
17836,0,0.003526,0.000000
17837,0,0.003525,0.000000
17838,0,0.003524,0.000000
17839,0,0.003523,0.000000
17840,0,0.003521,0.000000
17841,0,0.003520,0.000000
17842,0,0.003519,0.000000
17843,0,0.003518,0.000000
17844,0,0.003517,0.000000
17845,0,0.003516,0.000000
17846,0,0.003515,0.000000
17847,0,0.003514,0.000000
17848,0,0.003513,0.000000
17849,0,0.003511,0.000000
17850,0,0.003510,0.000000
17851,0,0.003509,0.000000
17852,0,0.003508,0.000000
17853,0,0.003507,0.000000
17854,0,0.003506,0.000000
17855,0,0.003505,0.000000
17856,0,0.003504,0.000000
17857,0,0.003503,0.000000
17858,0,0.003501,0.000000
17859,0,0.003500,0.000000
17860,0,0.003499,0.000000
17861,0,0.003498,0.000000
17862,0,0.003497,0.000000
17863,0,0.003496,0.000000
17864,0,0.003495,0.000000
17865,0,0.003494,0.000000
17866,0,0.003493,0.000000
17867,0,0.003491,0.000000
17868,0,0.003490,0.000000
17869,0,0.003489,0.000000
17870,0,0.003488,0.000000
17871,0,0.003487,0.000000
17872,0,0.003486,0.000000
17873,0,0.003485,0.000000
17874,0,0.003484,0.000000
17875,0,0.003483,0.000000
17876,0,0.003482,0.000000
17877,0,0.003481,0.000000
17878,0,0.003479,0.000000
17879,0,0.003478,0.000000
17880,0,0.003477,0.000000
17881,0,0.003476,0.000000
17882,0,0.003475,0.000000
17883,0,0.003474,0.000000
17884,0,0.003473,0.000000
17885,0,0.003472,0.000000
17886,0,0.003471,0.000000
17887,0,0.003470,0.000000
17888,0,0.003468,0.000000
17889,0,0.003467,0.000000
17890,0,0.003466,0.000000
17891,0,0.003465,0.000000
17892,0,0.003464,0.000000
17893,0,0.003463,0.000000
17894,0,0.003462,0.000000
17895,0,0.003461,0.000000
17896,0,0.003460,0.000000
17897,0,0.003459,0.000000
17898,0,0.003458,0.000000
17899,0,0.003457,0.000000
17900,0,0.003455,0.000000
17901,0,0.003454,0.000000
17902,0,0.003453,0.000000
17903,0,0.003452,0.000000
17904,0,0.003451,0.000000
17905,0,0.003450,0.000000
17906,0,0.003449,0.000000
17907,0,0.003448,0.000000
17908,0,0.003447,0.000000
17909,0,0.003446,0.000000
17910,0,0.003445,0.000000
17911,0,0.003444,0.000000
17912,0,0.003442,0.000000
17913,0,0.003441,0.000000
17914,0,0.003440,0.000000
17915,0,0.003439,0.000000
17916,0,0.003438,0.000000
17917,0,0.003437,0.000000
17918,0,0.003436,0.000000
17919,0,0.003435,0.000000
17920,0,0.003434,0.000000
17921,0,0.003433,0.000000
17922,0,0.003432,0.000000
17923,0,0.003431,0.000000
17924,0,0.003430,0.000000
17925,0,0.003428,0.000000
17926,0,0.003427,0.000000
17927,0,0.003426,0.000000
17928,0,0.003425,0.000000
17929,0,0.003424,0.000000
17930,0,0.003423,0.000000
17931,0,0.003422,0.000000
17932,0,0.003421,0.000000
17933,0,0.003420,0.000000
17934,0,0.003419,0.000000
17935,0,0.003418,0.000000
17936,0,0.003417,0.000000
17937,0,0.003416,0.000000
17938,0,0.003415,0.000000
17939,0,0.003413,0.000000
17940,0,0.003412,0.000000
17941,0,0.003411,0.000000
17942,0,0.003410,0.000000
17943,0,0.003409,0.000000
17944,0,0.003408,0.000000
17945,0,0.003407,0.000000
17946,0,0.003406,0.000000
17947,0,0.003405,0.000000
17948,0,0.003404,0.000000
17949,0,0.003403,0.000000
17950,0,0.003402,0.000000
17951,0,0.003401,0.000000
17952,0,0.003400,0.000000
17953,0,0.003399,0.000000
17954,0,0.003398,0.000000
17955,0,0.003397,0.000000
17956,0,0.003395,0.000000
17957,0,0.003394,0.000000
17958,0,0.003393,0.000000
17959,0,0.003392,0.000000
17960,0,0.003391,0.000000
17961,0,0.003390,0.000000
17962,0,0.003389,0.000000
17963,0,0.003388,0.000000
17964,0,0.003387,0.000000
17965,0,0.003386,0.000000
17966,0,0.003385,0.000000
17967,0,0.003384,0.000000
17968,0,0.003383,0.000000
17969,0,0.003382,0.000000
17970,0,0.003381,0.000000
17971,0,0.003380,0.000000
17972,0,0.003379,0.000000
17973,0,0.003378,0.000000
17974,0,0.003377,0.000000
17975,0,0.003375,0.000000
17976,0,0.003374,0.000000
17977,0,0.003373,0.000000
17978,0,0.003372,0.000000
17979,0,0.003371,0.000000
17980,0,0.003370,0.000000
17981,0,0.003369,0.000000
17982,0,0.003368,0.000000
17983,0,0.003367,0.000000
17984,0,0.003366,0.000000
17985,0,0.003365,0.000000
17986,0,0.003364,0.000000
17987,0,0.003363,0.000000
17988,0,0.003362,0.000000
17989,0,0.003361,0.000000
17990,0,0.003360,0.000000
17991,0,0.003359,0.000000
17992,0,0.003358,0.000000
17993,0,0.003357,0.000000
17994,0,0.003356,0.000000
17995,0,0.003355,0.000000
17996,0,0.003354,0.000000
17997,0,0.003353,0.000000
17998,0,0.003351,0.000000
17999,0,0.003350,0.000000
18000,0,0.003349,0.000000
18001,0,0.003348,0.000000
18002,0,0.003347,0.000000
18003,0,0.003346,0.000000
18004,0,0.003345,0.000000
18005,0,0.003344,0.000000
18006,0,0.003343,0.000000
18007,0,0.003342,0.000000
18008,0,0.003341,0.000000
18009,0,0.003340,0.000000
18010,0,0.003339,0.000000
18011,0,0.003338,0.000000
18012,0,0.003337,0.000000
18013,0,0.003336,0.000000
18014,0,0.003335,0.000000
18015,0,0.003334,0.000000
18016,0,0.003333,0.000000
18017,0,0.003332,0.000000
18018,0,0.003331,0.000000
18019,0,0.003330,0.000000
18020,0,0.003329,0.000000
18021,0,0.003328,0.000000
18022,0,0.003327,0.000000
18023,0,0.003326,0.000000
18024,0,0.003325,0.000000
18025,0,0.003324,0.000000
18026,0,0.003323,0.000000
18027,0,0.003322,0.000000
18028,0,0.003321,0.000000
18029,0,0.003320,0.000000
18030,0,0.003319,0.000000
18031,0,0.003317,0.000000
18032,0,0.003316,0.000000
18033,0,0.003315,0.000000
18034,0,0.003314,0.000000
18035,0,0.003313,0.000000
18036,0,0.003312,0.000000
18037,0,0.003311,0.000000
18038,0,0.003310,0.000000
18039,0,0.003309,0.000000
18040,0,0.003308,0.000000
18041,0,0.003307,0.000000
18042,0,0.003306,0.000000
18043,0,0.003305,0.000000
18044,0,0.003304,0.000000
18045,0,0.003303,0.000000
18046,0,0.003302,0.000000
18047,0,0.003301,0.000000
18048,0,0.003300,0.000000
18049,0,0.003299,0.000000
18050,0,0.003298,0.000000
18051,0,0.003297,0.000000
18052,0,0.003296,0.000000
18053,0,0.003295,0.000000
18054,0,0.003294,0.000000
18055,0,0.003293,0.000000
18056,0,0.003292,0.000000
18057,0,0.003291,0.000000
18058,0,0.003290,0.000000
18059,0,0.003289,0.000000
18060,0,0.003288,0.000000
18061,0,0.003287,0.000000
18062,0,0.003286,0.000000
18063,0,0.003285,0.000000
18064,0,0.003284,0.000000
18065,0,0.003283,0.000000
18066,0,0.003282,0.000000
18067,0,0.003281,0.000000
18068,0,0.003280,0.000000
18069,0,0.003279,0.000000
18070,0,0.003278,0.000000
18071,0,0.003277,0.000000
18072,0,0.003276,0.000000
18073,0,0.003275,0.000000
18074,0,0.003274,0.000000
18075,0,0.003273,0.000000
18076,0,0.003272,0.000000
18077,0,0.003271,0.000000
18078,0,0.003270,0.000000
18079,0,0.003269,0.000000
18080,0,0.003268,0.000000
18081,0,0.003267,0.000000
18082,0,0.003266,0.000000
18083,0,0.003265,0.000000
18084,0,0.003264,0.000000
18085,0,0.003263,0.000000
18086,0,0.003262,0.000000
18087,0,0.003261,0.000000
18088,0,0.003260,0.000000
18089,0,0.003259,0.000000
18090,0,0.003258,0.000000
18091,0,0.003257,0.000000
18092,0,0.003256,0.000000
18093,0,0.003255,0.000000
18094,0,0.003254,0.000000
18095,0,0.003253,0.000000
18096,0,0.003252,0.000000
18097,0,0.003251,0.000000
18098,0,0.003250,0.000000
18099,0,0.003249,0.000000
18100,0,0.003248,0.000000
18101,0,0.003247,0.000000
18102,0,0.003246,0.000000
18103,0,0.003245,0.000000
18104,0,0.003244,0.000000
18105,0,0.003243,0.000000
18106,0,0.003242,0.000000
18107,0,0.003241,0.000000
18108,0,0.003240,0.000000
18109,0,0.003239,0.000000
18110,0,0.003238,0.000000
18111,0,0.003237,0.000000
18112,0,0.003236,0.000000
18113,0,0.003235,0.000000
18114,0,0.003234,0.000000
18115,0,0.003233,0.000000
18116,0,0.003232,0.000000
18117,0,0.003231,0.000000
18118,0,0.003230,0.000000
18119,0,0.003229,0.000000
18120,0,0.003228,0.000000
18121,0,0.003227,0.000000
18122,0,0.003226,0.000000
18123,0,0.003225,0.000000
18124,0,0.003224,0.000000
18125,0,0.003223,0.000000
18126,0,0.003222,0.000000
18127,0,0.003221,0.000000
18128,0,0.003220,0.000000
18129,0,0.003219,0.000000
18130,0,0.003218,0.000000
18131,0,0.003217,0.000000
18132,0,0.003216,0.000000
18133,0,0.003216,0.000000
18134,0,0.003215,0.000000
18135,0,0.003214,0.000000
18136,0,0.003213,0.000000
18137,0,0.003212,0.000000
18138,0,0.003211,0.000000
18139,0,0.003210,0.000000
18140,0,0.003209,0.000000
18141,0,0.003208,0.000000
18142,0,0.003207,0.000000
18143,0,0.003206,0.000000
18144,0,0.003205,0.000000
18145,0,0.003204,0.000000
18146,0,0.003203,0.000000
18147,0,0.003202,0.000000
18148,0,0.003201,0.000000
18149,0,0.003200,0.000000
18150,0,0.003199,0.000000
18151,0,0.003198,0.000000
18152,0,0.003197,0.000000
18153,0,0.003196,0.000000
18154,0,0.003195,0.000000
18155,0,0.003194,0.000000
18156,0,0.003193,0.000000
18157,0,0.003192,0.000000
18158,0,0.003191,0.000000
18159,0,0.003190,0.000000
18160,0,0.003189,0.000000
18161,0,0.003188,0.000000
18162,0,0.003187,0.000000
18163,0,0.003186,0.000000
18164,0,0.003185,0.000000
18165,0,0.003184,0.000000
18166,0,0.003183,0.000000
18167,0,0.003183,0.000000
18168,0,0.003182,0.000000
18169,0,0.003181,0.000000
18170,0,0.003180,0.000000
18171,0,0.003179,0.000000
18172,0,0.003178,0.000000
18173,0,0.003177,0.000000
18174,0,0.003176,0.000000
18175,0,0.003175,0.000000
18176,0,0.003174,0.000000
18177,0,0.003173,0.000000
18178,0,0.003172,0.000000
18179,0,0.003171,0.000000
18180,0,0.003170,0.000000
18181,0,0.003169,0.000000
18182,0,0.003168,0.000000
18183,0,0.003167,0.000000
18184,0,0.003166,0.000000
18185,0,0.003165,0.000000
18186,0,0.003164,0.000000
18187,0,0.003163,0.000000
18188,0,0.003162,0.000000
18189,0,0.003161,0.000000
18190,0,0.003160,0.000000
18191,0,0.003159,0.000000
18192,0,0.003159,0.000000
18193,0,0.003158,0.000000
18194,0,0.003157,0.000000
18195,0,0.003156,0.000000
18196,0,0.003155,0.000000
18197,0,0.003154,0.000000
18198,0,0.003153,0.000000
18199,0,0.003152,0.000000
18200,0,0.003151,0.000000
18201,0,0.003150,0.000000
18202,0,0.003149,0.000000
18203,0,0.003148,0.000000
18204,0,0.003147,0.000000
18205,0,0.003146,0.000000
18206,0,0.003145,0.000000
18207,0,0.003144,0.000000
18208,0,0.003143,0.000000
18209,0,0.003142,0.000000
18210,0,0.003141,0.000000
18211,0,0.003141,0.000000
18212,0,0.003140,0.000000
18213,0,0.003139,0.000000
18214,0,0.003138,0.000000
18215,0,0.003137,0.000000
18216,0,0.003136,0.000000
18217,0,0.003135,0.000000
18218,0,0.003134,0.000000
18219,0,0.003133,0.000000
18220,0,0.003132,0.000000
18221,0,0.003131,0.000000
18222,0,0.003130,0.000000
18223,0,0.003129,0.000000
18224,0,0.003128,0.000000
18225,0,0.003127,0.000000
18226,0,0.003126,0.000000
18227,0,0.003125,0.000000
18228,0,0.003124,0.000000
18229,0,0.003124,0.000000
18230,0,0.003123,0.000000
18231,0,0.003122,0.000000
18232,0,0.003121,0.000000
18233,0,0.003120,0.000000
18234,0,0.003119,0.000000
18235,0,0.003118,0.000000
18236,0,0.003117,0.000000
18237,0,0.003116,0.000000
18238,0,0.003115,0.000000
18239,0,0.003114,0.000000
18240,0,0.003113,0.000000
18241,0,0.003112,0.000000
18242,0,0.003111,0.000000
18243,0,0.003110,0.000000
18244,0,0.003110,0.000000
18245,0,0.003109,0.000000
18246,0,0.003108,0.000000
18247,0,0.003107,0.000000
18248,0,0.003106,0.000000
18249,0,0.003105,0.000000
18250,0,0.003104,0.000000
18251,0,0.003103,0.000000
18252,0,0.003102,0.000000
18253,0,0.003101,0.000000
18254,0,0.003100,0.000000
18255,0,0.003099,0.000000
18256,0,0.003098,0.000000
18257,0,0.003097,0.000000
18258,0,0.003096,0.000000
18259,0,0.003096,0.000000
18260,0,0.003095,0.000000
18261,0,0.003094,0.000000
18262,0,0.003093,0.000000
18263,0,0.003092,0.000000
18264,0,0.003091,0.000000
18265,0,0.003090,0.000000
18266,0,0.003089,0.000000
18267,0,0.003088,0.000000
18268,0,0.003087,0.000000
18269,0,0.003086,0.000000
18270,0,0.003085,0.000000
18271,0,0.003084,0.000000
18272,0,0.003084,0.000000
18273,0,0.003083,0.000000
18274,0,0.003082,0.000000
18275,0,0.003081,0.000000
18276,0,0.003080,0.000000
18277,0,0.003079,0.000000
18278,0,0.003078,0.000000
18279,0,0.003077,0.000000
18280,0,0.003076,0.000000
18281,0,0.003075,0.000000
18282,0,0.003074,0.000000
18283,0,0.003073,0.000000
18284,0,0.003073,0.000000
18285,0,0.003072,0.000000
18286,0,0.003071,0.000000
18287,0,0.003070,0.000000
18288,0,0.003069,0.000000
18289,0,0.003068,0.000000
18290,0,0.003067,0.000000
18291,0,0.003066,0.000000
18292,0,0.003065,0.000000
18293,0,0.003064,0.000000
18294,0,0.003063,0.000000
18295,0,0.003062,0.000000
18296,0,0.003062,0.000000
18297,0,0.003061,0.000000
18298,0,0.003060,0.000000
18299,0,0.003059,0.000000
18300,0,0.003058,0.000000
18301,0,0.003057,0.000000
18302,0,0.003056,0.000000
18303,0,0.003055,0.000000
18304,0,0.003054,0.000000
18305,0,0.003053,0.000000
18306,0,0.003052,0.000000
18307,0,0.003052,0.000000
18308,0,0.003051,0.000000
18309,0,0.003050,0.000000
18310,0,0.003049,0.000000
18311,0,0.003048,0.000000
18312,0,0.003047,0.000000
18313,0,0.003046,0.000000
18314,0,0.003045,0.000000
18315,0,0.003044,0.000000
18316,0,0.003043,0.000000
18317,0,0.003042,0.000000
18318,0,0.003042,0.000000
18319,0,0.003041,0.000000
18320,0,0.003040,0.000000
18321,0,0.003039,0.000000
18322,0,0.003038,0.000000
18323,0,0.003037,0.000000
18324,0,0.003036,0.000000
18325,0,0.003035,0.000000
18326,0,0.003034,0.000000
18327,0,0.003033,0.000000
18328,0,0.003033,0.000000
18329,0,0.003032,0.000000
18330,0,0.003031,0.000000
18331,0,0.003030,0.000000
18332,0,0.003029,0.000000
18333,0,0.003028,0.000000
18334,0,0.003027,0.000000
18335,0,0.003026,0.000000
18336,0,0.003025,0.000000
18337,0,0.003024,0.000000
18338,0,0.003024,0.000000
18339,0,0.003023,0.000000
18340,0,0.003022,0.000000
18341,0,0.003021,0.000000
18342,0,0.003020,0.000000
18343,0,0.003019,0.000000
18344,0,0.003018,0.000000
18345,0,0.003017,0.000000
18346,0,0.003016,0.000000
18347,0,0.003015,0.000000
18348,0,0.003015,0.000000
18349,0,0.003014,0.000000
18350,0,0.003013,0.000000
18351,0,0.003012,0.000000
18352,0,0.003011,0.000000
18353,0,0.003010,0.000000
18354,0,0.003009,0.000000
18355,0,0.003008,0.000000
18356,0,0.003007,0.000000
18357,0,0.003007,0.000000
18358,0,0.003006,0.000000
18359,0,0.003005,0.000000
18360,0,0.003004,0.000000
18361,0,0.003003,0.000000
18362,0,0.003002,0.000000
18363,0,0.003001,0.000000
18364,0,0.003000,0.000000
18365,0,0.002999,0.000000
18366,0,0.002999,0.000000
18367,0,0.002998,0.000000
18368,0,0.002997,0.000000
18369,0,0.002996,0.000000
18370,0,0.002995,0.000000
18371,0,0.002994,0.000000
18372,0,0.002993,0.000000
18373,0,0.002992,0.000000
18374,0,0.002991,0.000000
18375,0,0.002991,0.000000
18376,0,0.002990,0.000000
18377,0,0.002989,0.000000
18378,0,0.002988,0.000000
18379,0,0.002987,0.000000
18380,0,0.002986,0.000000
18381,0,0.002985,0.000000
18382,0,0.002984,0.000000
18383,0,0.002984,0.000000
18384,0,0.002983,0.000000
18385,0,0.002982,0.000000
18386,0,0.002981,0.000000
18387,0,0.002980,0.000000
18388,0,0.002979,0.000000
18389,0,0.002978,0.000000
18390,0,0.002977,0.000000
18391,0,0.002977,0.000000
18392,0,0.002976,0.000000
18393,0,0.002975,0.000000
18394,0,0.002974,0.000000
18395,0,0.002973,0.000000
18396,0,0.002972,0.000000
18397,0,0.002971,0.000000
18398,0,0.002970,0.000000
18399,0,0.002970,0.000000
18400,0,0.002969,0.000000
18401,0,0.002968,0.000000
18402,0,0.002967,0.000000
18403,0,0.002966,0.000000
18404,0,0.002965,0.000000
18405,0,0.002964,0.000000
18406,0,0.002963,0.000000
18407,0,0.002963,0.000000
18408,0,0.002962,0.000000
18409,0,0.002961,0.000000
18410,0,0.002960,0.000000
18411,0,0.002959,0.000000
18412,0,0.002958,0.000000
18413,0,0.002957,0.000000
18414,0,0.002956,0.000000
18415,0,0.002956,0.000000
18416,0,0.002955,0.000000
18417,0,0.002954,0.000000
18418,0,0.002953,0.000000
18419,0,0.002952,0.000000
18420,0,0.002951,0.000000
18421,0,0.002950,0.000000
18422,0,0.002949,0.000000
18423,0,0.002949,0.000000
18424,0,0.002948,0.000000
18425,0,0.002947,0.000000
18426,0,0.002946,0.000000
18427,0,0.002945,0.000000
18428,0,0.002944,0.000000
18429,0,0.002943,0.000000
18430,0,0.002943,0.000000
18431,0,0.002942,0.000000
18432,0,0.002941,0.000000
18433,0,0.002940,0.000000
18434,0,0.002939,0.000000
18435,0,0.002938,0.000000
18436,0,0.002937,0.000000
18437,0,0.002937,0.000000
18438,0,0.002936,0.000000
18439,0,0.002935,0.000000
18440,0,0.002934,0.000000
18441,0,0.002933,0.000000
18442,0,0.002932,0.000000
18443,0,0.002931,0.000000
18444,0,0.002930,0.000000
18445,0,0.002930,0.000000
18446,0,0.002929,0.000000
18447,0,0.002928,0.000000
18448,0,0.002927,0.000000
18449,0,0.002926,0.000000
18450,0,0.002925,0.000000
18451,0,0.002924,0.000000
18452,0,0.002924,0.000000
18453,0,0.002923,0.000000
18454,0,0.002922,0.000000
18455,0,0.002921,0.000000
18456,0,0.002920,0.000000
18457,0,0.002919,0.000000
18458,0,0.002918,0.000000
18459,0,0.002918,0.000000
18460,0,0.002917,0.000000
18461,0,0.002916,0.000000
18462,0,0.002915,0.000000
18463,0,0.002914,0.000000
18464,0,0.002913,0.000000
18465,0,0.002913,0.000000
18466,0,0.002912,0.000000
18467,0,0.002911,0.000000
18468,0,0.002910,0.000000
18469,0,0.002909,0.000000
18470,0,0.002908,0.000000
18471,0,0.002907,0.000000
18472,0,0.002907,0.000000
18473,0,0.002906,0.000000
18474,0,0.002905,0.000000
18475,0,0.002904,0.000000
18476,0,0.002903,0.000000
18477,0,0.002902,0.000000
18478,0,0.002901,0.000000
18479,0,0.002901,0.000000
18480,0,0.002900,0.000000
18481,0,0.002899,0.000000
18482,0,0.002898,0.000000
18483,0,0.002897,0.000000
18484,0,0.002896,0.000000
18485,0,0.002896,0.000000
18486,0,0.002895,0.000000
18487,0,0.002894,0.000000
18488,0,0.002893,0.000000
18489,0,0.002892,0.000000
18490,0,0.002891,0.000000
18491,0,0.002890,0.000000
18492,0,0.002890,0.000000
18493,0,0.002889,0.000000
18494,0,0.002888,0.000000
18495,0,0.002887,0.000000
18496,0,0.002886,0.000000
18497,0,0.002885,0.000000
18498,0,0.002885,0.000000
18499,0,0.002884,0.000000
18500,0,0.002883,0.000000
18501,0,0.002882,0.000000
18502,0,0.002881,0.000000
18503,0,0.002880,0.000000
18504,0,0.002880,0.000000
18505,0,0.002879,0.000000
18506,0,0.002878,0.000000
18507,0,0.002877,0.000000
18508,0,0.002876,0.000000
18509,0,0.002875,0.000000
18510,0,0.002875,0.000000
18511,0,0.002874,0.000000
18512,0,0.002873,0.000000
18513,0,0.002872,0.000000
18514,0,0.002871,0.000000
18515,0,0.002870,0.000000
18516,0,0.002870,0.000000
18517,0,0.002869,0.000000
18518,0,0.002868,0.000000
18519,0,0.002867,0.000000
18520,0,0.002866,0.000000
18521,0,0.002865,0.000000
18522,0,0.002864,0.000000
18523,0,0.002864,0.000000
18524,0,0.002863,0.000000
18525,0,0.002862,0.000000
18526,0,0.002861,0.000000
18527,0,0.002860,0.000000
18528,0,0.002860,0.000000
18529,0,0.002859,0.000000
18530,0,0.002858,0.000000
18531,0,0.002857,0.000000
18532,0,0.002856,0.000000
18533,0,0.002855,0.000000
18534,0,0.002855,0.000000
18535,0,0.002854,0.000000
18536,0,0.002853,0.000000
18537,0,0.002852,0.000000
18538,0,0.002851,0.000000
18539,0,0.002850,0.000000
18540,0,0.002850,0.000000
18541,0,0.002849,0.000000
18542,0,0.002848,0.000000
18543,0,0.002847,0.000000
18544,0,0.002846,0.000000
18545,0,0.002845,0.000000
18546,0,0.002845,0.000000
18547,0,0.002844,0.000000
18548,0,0.002843,0.000000
18549,0,0.002842,0.000000
18550,0,0.002841,0.000000
18551,0,0.002840,0.000000
18552,0,0.002840,0.000000
18553,0,0.002839,0.000000
18554,0,0.002838,0.000000
18555,0,0.002837,0.000000
18556,0,0.002836,0.000000
18557,0,0.002836,0.000000
18558,0,0.002835,0.000000
18559,0,0.002834,0.000000
18560,0,0.002833,0.000000
18561,0,0.002832,0.000000
18562,0,0.002831,0.000000
18563,0,0.002831,0.000000
18564,0,0.002830,0.000000
18565,0,0.002829,0.000000
18566,0,0.002828,0.000000
18567,0,0.002827,0.000000
18568,0,0.002827,0.000000
18569,0,0.002826,0.000000
18570,0,0.002825,0.000000
18571,0,0.002824,0.000000
18572,0,0.002823,0.000000
18573,0,0.002822,0.000000
18574,0,0.002822,0.000000
18575,0,0.002821,0.000000
18576,0,0.002820,0.000000
18577,0,0.002819,0.000000
18578,0,0.002818,0.000000
18579,0,0.002818,0.000000
18580,0,0.002817,0.000000
18581,0,0.002816,0.000000
18582,0,0.002815,0.000000
18583,0,0.002814,0.000000
18584,0,0.002813,0.000000
18585,0,0.002813,0.000000
18586,0,0.002812,0.000000
18587,0,0.002811,0.000000
18588,0,0.002810,0.000000
18589,0,0.002809,0.000000
18590,0,0.002809,0.000000
18591,0,0.002808,0.000000
18592,0,0.002807,0.000000
18593,0,0.002806,0.000000
18594,0,0.002805,0.000000
18595,0,0.002805,0.000000
18596,0,0.002804,0.000000
18597,0,0.002803,0.000000
18598,0,0.002802,0.000000
18599,0,0.002801,0.000000
18600,0,0.002801,0.000000
18601,0,0.002800,0.000000
18602,0,0.002799,0.000000
18603,0,0.002798,0.000000
18604,0,0.002797,0.000000
18605,0,0.002796,0.000000
18606,0,0.002796,0.000000
18607,0,0.002795,0.000000
18608,0,0.002794,0.000000
18609,0,0.002793,0.000000
18610,0,0.002792,0.000000
18611,0,0.002792,0.000000
18612,0,0.002791,0.000000
18613,0,0.002790,0.000000
18614,0,0.002789,0.000000
18615,0,0.002788,0.000000
18616,0,0.002788,0.000000
18617,0,0.002787,0.000000
18618,0,0.002786,0.000000
18619,0,0.002785,0.000000
18620,0,0.002784,0.000000
18621,0,0.002784,0.000000
18622,0,0.002783,0.000000
18623,0,0.002782,0.000000
18624,0,0.002781,0.000000
18625,0,0.002780,0.000000
18626,0,0.002780,0.000000
18627,0,0.002779,0.000000
18628,0,0.002778,0.000000
18629,0,0.002777,0.000000
18630,0,0.002776,0.000000
18631,0,0.002776,0.000000
18632,0,0.002775,0.000000
18633,0,0.002774,0.000000
18634,0,0.002773,0.000000
18635,0,0.002772,0.000000
18636,0,0.002772,0.000000
18637,0,0.002771,0.000000
18638,0,0.002770,0.000000
18639,0,0.002769,0.000000
18640,0,0.002768,0.000000
18641,0,0.002768,0.000000
18642,0,0.002767,0.000000
18643,0,0.002766,0.000000
18644,0,0.002765,0.000000
18645,0,0.002764,0.000000
18646,0,0.002764,0.000000
18647,0,0.002763,0.000000
18648,0,0.002762,0.000000
18649,0,0.002761,0.000000
18650,0,0.002760,0.000000
18651,0,0.002760,0.000000
18652,0,0.002759,0.000000
18653,0,0.002758,0.000000
18654,0,0.002757,0.000000
18655,0,0.002757,0.000000
18656,0,0.002756,0.000000
18657,0,0.002755,0.000000
18658,0,0.002754,0.000000
18659,0,0.002753,0.000000
18660,0,0.002753,0.000000
18661,0,0.002752,0.000000
18662,0,0.002751,0.000000
18663,0,0.002750,0.000000
18664,0,0.002749,0.000000
18665,0,0.002749,0.000000
18666,0,0.002748,0.000000
18667,0,0.002747,0.000000
18668,0,0.002746,0.000000
18669,0,0.002745,0.000000
18670,0,0.002745,0.000000
18671,0,0.002744,0.000000
18672,0,0.002743,0.000000
18673,0,0.002742,0.000000
18674,0,0.002742,0.000000
18675,0,0.002741,0.000000
18676,0,0.002740,0.000000
18677,0,0.002739,0.000000
18678,0,0.002738,0.000000
18679,0,0.002738,0.000000
18680,0,0.002737,0.000000
18681,0,0.002736,0.000000
18682,0,0.002735,0.000000
18683,0,0.002734,0.000000
18684,0,0.002734,0.000000
18685,0,0.002733,0.000000
18686,0,0.002732,0.000000
18687,0,0.002731,0.000000
18688,0,0.002731,0.000000
18689,0,0.002730,0.000000
18690,0,0.002729,0.000000
18691,0,0.002728,0.000000
18692,0,0.002727,0.000000
18693,0,0.002727,0.000000
18694,0,0.002726,0.000000
18695,0,0.002725,0.000000
18696,0,0.002724,0.000000
18697,0,0.002724,0.000000
18698,0,0.002723,0.000000
18699,0,0.002722,0.000000
18700,0,0.002721,0.000000
18701,0,0.002720,0.000000
18702,0,0.002720,0.000000
18703,0,0.002719,0.000000
18704,0,0.002718,0.000000
18705,0,0.002717,0.000000
18706,0,0.002717,0.000000
18707,0,0.002716,0.000000
18708,0,0.002715,0.000000
18709,0,0.002714,0.000000
18710,0,0.002713,0.000000
18711,0,0.002713,0.000000
18712,0,0.002712,0.000000
18713,0,0.002711,0.000000
18714,0,0.002710,0.000000
18715,0,0.002710,0.000000
18716,0,0.002709,0.000000
18717,0,0.002708,0.000000
18718,0,0.002707,0.000000
18719,0,0.002707,0.000000
18720,0,0.002706,0.000000
18721,0,0.002705,0.000000
18722,0,0.002704,0.000000
18723,0,0.002703,0.000000
18724,0,0.002703,0.000000
18725,0,0.002702,0.000000
18726,0,0.002701,0.000000
18727,0,0.002700,0.000000
18728,0,0.002700,0.000000
18729,0,0.002699,0.000000
18730,0,0.002698,0.000000
18731,0,0.002697,0.000000
18732,0,0.002696,0.000000
18733,0,0.002696,0.000000
18734,0,0.002695,0.000000
18735,0,0.002694,0.000000
18736,0,0.002693,0.000000
18737,0,0.002693,0.000000
18738,0,0.002692,0.000000
18739,0,0.002691,0.000000
18740,0,0.002690,0.000000
18741,0,0.002690,0.000000
18742,0,0.002689,0.000000
18743,0,0.002688,0.000000
18744,0,0.002687,0.000000
18745,0,0.002687,0.000000
18746,0,0.002686,0.000000
18747,0,0.002685,0.000000
18748,0,0.002684,0.000000
18749,0,0.002683,0.000000
18750,0,0.002683,0.000000
18751,0,0.002682,0.000000
18752,0,0.002681,0.000000
18753,0,0.002680,0.000000
18754,0,0.002680,0.000000
18755,0,0.002679,0.000000
18756,0,0.002678,0.000000
18757,0,0.002677,0.000000
18758,0,0.002677,0.000000
18759,0,0.002676,0.000000
18760,0,0.002675,0.000000
18761,0,0.002674,0.000000
18762,0,0.002674,0.000000
18763,0,0.002673,0.000000
18764,0,0.002672,0.000000
18765,0,0.002671,0.000000
18766,0,0.002671,0.000000
18767,0,0.002670,0.000000
18768,0,0.002669,0.000000
18769,0,0.002668,0.000000
18770,0,0.002667,0.000000
18771,0,0.002667,0.000000
18772,0,0.002666,0.000000
18773,0,0.002665,0.000000
18774,0,0.002664,0.000000
18775,0,0.002664,0.000000
18776,0,0.002663,0.000000
18777,0,0.002662,0.000000
18778,0,0.002661,0.000000
18779,0,0.002661,0.000000
18780,0,0.002660,0.000000
18781,0,0.002659,0.000000
18782,0,0.002658,0.000000
18783,0,0.002658,0.000000
18784,0,0.002657,0.000000
18785,0,0.002656,0.000000
18786,0,0.002655,0.000000
18787,0,0.002655,0.000000
18788,0,0.002654,0.000000
18789,0,0.002653,0.000000
18790,0,0.002652,0.000000
18791,0,0.002652,0.000000
18792,0,0.002651,0.000000
18793,0,0.002650,0.000000
18794,0,0.002649,0.000000
18795,0,0.002649,0.000000
18796,0,0.002648,0.000000
18797,0,0.002647,0.000000
18798,0,0.002646,0.000000
18799,0,0.002646,0.000000
18800,0,0.002645,0.000000
18801,0,0.002644,0.000000
18802,0,0.002643,0.000000
18803,0,0.002643,0.000000
18804,0,0.002642,0.000000
18805,0,0.002641,0.000000
18806,0,0.002640,0.000000
18807,0,0.002640,0.000000
18808,0,0.002639,0.000000
18809,0,0.002638,0.000000
18810,0,0.002637,0.000000
18811,0,0.002637,0.000000
18812,0,0.002636,0.000000
18813,0,0.002635,0.000000
18814,0,0.002634,0.000000
18815,0,0.002634,0.000000
18816,0,0.002633,0.000000
18817,0,0.002632,0.000000
18818,0,0.002631,0.000000
18819,0,0.002631,0.000000
18820,0,0.002630,0.000000
18821,0,0.002629,0.000000
18822,0,0.002628,0.000000
18823,0,0.002628,0.000000
18824,0,0.002627,0.000000
18825,0,0.002626,0.000000
18826,0,0.002626,0.000000
18827,0,0.002625,0.000000
18828,0,0.002624,0.000000
18829,0,0.002623,0.000000
18830,0,0.002623,0.000000
18831,0,0.002622,0.000000
18832,0,0.002621,0.000000
18833,0,0.002620,0.000000
18834,0,0.002620,0.000000
18835,0,0.002619,0.000000
18836,0,0.002618,0.000000
18837,0,0.002617,0.000000
18838,0,0.002617,0.000000
18839,0,0.002616,0.000000
18840,0,0.002615,0.000000
18841,0,0.002614,0.000000
18842,0,0.002614,0.000000
18843,0,0.002613,0.000000
18844,0,0.002612,0.000000
18845,0,0.002611,0.000000
18846,0,0.002611,0.000000
18847,0,0.002610,0.000000
18848,0,0.002609,0.000000
18849,0,0.002609,0.000000
18850,0,0.002608,0.000000
18851,0,0.002607,0.000000
18852,0,0.002606,0.000000
18853,0,0.002606,0.000000
18854,0,0.002605,0.000000
18855,0,0.002604,0.000000
18856,0,0.002603,0.000000
18857,0,0.002603,0.000000
18858,0,0.002602,0.000000
18859,0,0.002601,0.000000
18860,0,0.002600,0.000000
18861,0,0.002600,0.000000
18862,0,0.002599,0.000000
18863,0,0.002598,0.000000
18864,0,0.002598,0.000000
18865,0,0.002597,0.000000
18866,0,0.002596,0.000000
18867,0,0.002595,0.000000
18868,0,0.002595,0.000000
18869,0,0.002594,0.000000
18870,0,0.002593,0.000000
18871,0,0.002592,0.000000
18872,0,0.002592,0.000000
18873,0,0.002591,0.000000
18874,0,0.002590,0.000000
18875,0,0.002589,0.000000
18876,0,0.002589,0.000000
18877,0,0.002588,0.000000
18878,0,0.002587,0.000000
18879,0,0.002587,0.000000
18880,0,0.002586,0.000000
18881,0,0.002585,0.000000
18882,0,0.002584,0.000000
18883,0,0.002584,0.000000
18884,0,0.002583,0.000000
18885,0,0.002582,0.000000
18886,0,0.002581,0.000000
18887,0,0.002581,0.000000
18888,0,0.002580,0.000000
18889,0,0.002579,0.000000
18890,0,0.002579,0.000000
18891,0,0.002578,0.000000
18892,0,0.002577,0.000000
18893,0,0.002576,0.000000
18894,0,0.002576,0.000000
18895,0,0.002575,0.000000
18896,0,0.002574,0.000000
18897,0,0.002574,0.000000
18898,0,0.002573,0.000000
18899,0,0.002572,0.000000
18900,0,0.002571,0.000000
18901,0,0.002571,0.000000
18902,0,0.002570,0.000000
18903,0,0.002569,0.000000
18904,0,0.002568,0.000000
18905,0,0.002568,0.000000
18906,0,0.002567,0.000000
18907,0,0.002566,0.000000
18908,0,0.002566,0.000000
18909,0,0.002565,0.000000
18910,0,0.002564,0.000000
18911,0,0.002563,0.000000
18912,0,0.002563,0.000000
18913,0,0.002562,0.000000
18914,0,0.002561,0.000000
18915,0,0.002561,0.000000
18916,0,0.002560,0.000000
18917,0,0.002559,0.000000
18918,0,0.002558,0.000000
18919,0,0.002558,0.000000
18920,0,0.002557,0.000000
18921,0,0.002556,0.000000
18922,0,0.002556,0.000000
18923,0,0.002555,0.000000
18924,0,0.002554,0.000000
18925,0,0.002553,0.000000
18926,0,0.002553,0.000000
18927,0,0.002552,0.000000
18928,0,0.002551,0.000000
18929,0,0.002551,0.000000
18930,0,0.002550,0.000000
18931,0,0.002549,0.000000
18932,0,0.002548,0.000000
18933,0,0.002548,0.000000
18934,0,0.002547,0.000000
18935,0,0.002546,0.000000
18936,0,0.002546,0.000000
18937,0,0.002545,0.000000
18938,0,0.002544,0.000000
18939,0,0.002543,0.000000
18940,0,0.002543,0.000000
18941,0,0.002542,0.000000
18942,0,0.002541,0.000000
18943,0,0.002541,0.000000
18944,0,0.002540,0.000000
18945,0,0.002539,0.000000
18946,0,0.002538,0.000000
18947,0,0.002538,0.000000
18948,0,0.002537,0.000000
18949,0,0.002536,0.000000
18950,0,0.002536,0.000000
18951,0,0.002535,0.000000
18952,0,0.002534,0.000000
18953,0,0.002533,0.000000
18954,0,0.002533,0.000000
18955,0,0.002532,0.000000
18956,0,0.002531,0.000000
18957,0,0.002531,0.000000
18958,0,0.002530,0.000000
18959,0,0.002529,0.000000
18960,0,0.002529,0.000000
18961,0,0.002528,0.000000
18962,0,0.002527,0.000000
18963,0,0.002526,0.000000
18964,0,0.002526,0.000000
18965,0,0.002525,0.000000
18966,0,0.002524,0.000000
18967,0,0.002524,0.000000
18968,0,0.002523,0.000000
18969,0,0.002522,0.000000
18970,0,0.002521,0.000000
18971,0,0.002521,0.000000
18972,0,0.002520,0.000000
18973,0,0.002519,0.000000
18974,0,0.002519,0.000000
18975,0,0.002518,0.000000
18976,0,0.002517,0.000000
18977,0,0.002517,0.000000
18978,0,0.002516,0.000000
18979,0,0.002515,0.000000
18980,0,0.002514,0.000000
18981,0,0.002514,0.000000
18982,0,0.002513,0.000000
18983,0,0.002512,0.000000
18984,0,0.002512,0.000000
18985,0,0.002511,0.000000
18986,0,0.002510,0.000000
18987,0,0.002510,0.000000
18988,0,0.002509,0.000000
18989,0,0.002508,0.000000
18990,0,0.002507,0.000000
18991,0,0.002507,0.000000
18992,0,0.002506,0.000000
18993,0,0.002505,0.000000
18994,0,0.002505,0.000000
18995,0,0.002504,0.000000
18996,0,0.002503,0.000000
18997,0,0.002503,0.000000
18998,0,0.002502,0.000000
18999,0,0.002501,0.000000
19000,0,0.002500,0.000000
19001,0,0.002500,0.000000
19002,0,0.002499,0.000000
19003,0,0.002498,0.000000
19004,0,0.002498,0.000000
19005,0,0.002497,0.000000
19006,0,0.002496,0.000000
19007,0,0.002496,0.000000
19008,0,0.002495,0.000000
19009,0,0.002494,0.000000
19010,0,0.002494,0.000000
19011,0,0.002493,0.000000
19012,0,0.002492,0.000000
19013,0,0.002491,0.000000
19014,0,0.002491,0.000000
19015,0,0.002490,0.000000
19016,0,0.002489,0.000000
19017,0,0.002489,0.000000
19018,0,0.002488,0.000000
19019,0,0.002487,0.000000
19020,0,0.002487,0.000000
19021,0,0.002486,0.000000
19022,0,0.002485,0.000000
19023,0,0.002485,0.000000
19024,0,0.002484,0.000000
19025,0,0.002483,0.000000
19026,0,0.002482,0.000000
19027,0,0.002482,0.000000
19028,0,0.002481,0.000000
19029,0,0.002480,0.000000
19030,0,0.002480,0.000000
19031,0,0.002479,0.000000
19032,0,0.002478,0.000000
19033,0,0.002478,0.000000
19034,0,0.002477,0.000000
19035,0,0.002476,0.000000
19036,0,0.002476,0.000000
19037,0,0.002475,0.000000
19038,0,0.002474,0.000000
19039,0,0.002473,0.000000
19040,0,0.002473,0.000000
19041,0,0.002472,0.000000
19042,0,0.002471,0.000000
19043,0,0.002471,0.000000
19044,0,0.002470,0.000000
19045,0,0.002469,0.000000
19046,0,0.002469,0.000000
19047,0,0.002468,0.000000
19048,0,0.002467,0.000000
19049,0,0.002467,0.000000
19050,0,0.002466,0.000000
19051,0,0.002465,0.000000
19052,0,0.002465,0.000000
19053,0,0.002464,0.000000
19054,0,0.002463,0.000000
19055,0,0.002463,0.000000
19056,0,0.002462,0.000000
19057,0,0.002461,0.000000
19058,0,0.002460,0.000000
19059,0,0.002460,0.000000
19060,0,0.002459,0.000000
19061,0,0.002458,0.000000
19062,0,0.002458,0.000000
19063,0,0.002457,0.000000
19064,0,0.002456,0.000000
19065,0,0.002456,0.000000
19066,0,0.002455,0.000000
19067,0,0.002454,0.000000
19068,0,0.002454,0.000000
19069,0,0.002453,0.000000
19070,0,0.002452,0.000000
19071,0,0.002452,0.000000
19072,0,0.002451,0.000000
19073,0,0.002450,0.000000
19074,0,0.002450,0.000000
19075,0,0.002449,0.000000
19076,0,0.002448,0.000000
19077,0,0.002448,0.000000
19078,0,0.002447,0.000000
19079,0,0.002446,0.000000
19080,0,0.002446,0.000000
19081,0,0.002445,0.000000
19082,0,0.002444,0.000000
19083,0,0.002444,0.000000
19084,0,0.002443,0.000000
19085,0,0.002442,0.000000
19086,0,0.002441,0.000000
19087,0,0.002441,0.000000
19088,0,0.002440,0.000000
19089,0,0.002439,0.000000
19090,0,0.002439,0.000000
19091,0,0.002438,0.000000
19092,0,0.002437,0.000000
19093,0,0.002437,0.000000
19094,0,0.002436,0.000000
19095,0,0.002435,0.000000
19096,0,0.002435,0.000000
19097,0,0.002434,0.000000
19098,0,0.002433,0.000000
19099,0,0.002433,0.000000
19100,0,0.002432,0.000000
19101,0,0.002431,0.000000
19102,0,0.002431,0.000000
19103,0,0.002430,0.000000
19104,0,0.002429,0.000000
19105,0,0.002429,0.000000
19106,0,0.002428,0.000000
19107,0,0.002427,0.000000
19108,0,0.002427,0.000000
19109,0,0.002426,0.000000
19110,0,0.002425,0.000000
19111,0,0.002425,0.000000
19112,0,0.002424,0.000000
19113,0,0.002423,0.000000
19114,0,0.002423,0.000000
19115,0,0.002422,0.000000
19116,0,0.002421,0.000000
19117,0,0.002421,0.000000
19118,0,0.002420,0.000000
19119,0,0.002419,0.000000
19120,0,0.002419,0.000000
19121,0,0.002418,0.000000
19122,0,0.002417,0.000000
19123,0,0.002417,0.000000
19124,0,0.002416,0.000000
19125,0,0.002415,0.000000
19126,0,0.002415,0.000000
19127,0,0.002414,0.000000
19128,0,0.002413,0.000000
19129,0,0.002413,0.000000
19130,0,0.002412,0.000000
19131,0,0.002411,0.000000
19132,0,0.002411,0.000000
19133,0,0.002410,0.000000
19134,0,0.002409,0.000000
19135,0,0.002409,0.000000
19136,0,0.002408,0.000000
19137,0,0.002407,0.000000
19138,0,0.002407,0.000000
19139,0,0.002406,0.000000
19140,0,0.002405,0.000000
19141,0,0.002405,0.000000
19142,0,0.002404,0.000000
19143,0,0.002403,0.000000
19144,0,0.002403,0.000000
19145,0,0.002402,0.000000
19146,0,0.002401,0.000000
19147,0,0.002401,0.000000
19148,0,0.002400,0.000000
19149,0,0.002399,0.000000
19150,0,0.002399,0.000000
19151,0,0.002398,0.000000
19152,0,0.002397,0.000000
19153,0,0.002397,0.000000
19154,0,0.002396,0.000000
19155,0,0.002395,0.000000
19156,0,0.002395,0.000000
19157,0,0.002394,0.000000
19158,0,0.002393,0.000000
19159,0,0.002393,0.000000
19160,0,0.002392,0.000000
19161,0,0.002391,0.000000
19162,0,0.002391,0.000000
19163,0,0.002390,0.000000
19164,0,0.002390,0.000000
19165,0,0.002389,0.000000
19166,0,0.002388,0.000000
19167,0,0.002388,0.000000
19168,0,0.002387,0.000000
19169,0,0.002386,0.000000
19170,0,0.002386,0.000000
19171,0,0.002385,0.000000
19172,0,0.002384,0.000000
19173,0,0.002384,0.000000
19174,0,0.002383,0.000000
19175,0,0.002382,0.000000
19176,0,0.002382,0.000000
19177,0,0.002381,0.000000
19178,0,0.002380,0.000000
19179,0,0.002380,0.000000
19180,0,0.002379,0.000000
19181,0,0.002378,0.000000
19182,0,0.002378,0.000000
19183,0,0.002377,0.000000
19184,0,0.002376,0.000000
19185,0,0.002376,0.000000
19186,0,0.002375,0.000000
19187,0,0.002374,0.000000
19188,0,0.002374,0.000000
19189,0,0.002373,0.000000
19190,0,0.002373,0.000000
19191,0,0.002372,0.000000
19192,0,0.002371,0.000000
19193,0,0.002371,0.000000
19194,0,0.002370,0.000000
19195,0,0.002369,0.000000
19196,0,0.002369,0.000000
19197,0,0.002368,0.000000
19198,0,0.002367,0.000000
19199,0,0.002367,0.000000
19200,0,0.002366,0.000000
19201,0,0.002365,0.000000
19202,0,0.002365,0.000000
19203,0,0.002364,0.000000
19204,0,0.002363,0.000000
19205,0,0.002363,0.000000
19206,0,0.002362,0.000000
19207,0,0.002361,0.000000
19208,0,0.002361,0.000000
19209,0,0.002360,0.000000
19210,0,0.002360,0.000000
19211,0,0.002359,0.000000
19212,0,0.002358,0.000000
19213,0,0.002358,0.000000
19214,0,0.002357,0.000000
19215,0,0.002356,0.000000
19216,0,0.002356,0.000000
19217,0,0.002355,0.000000
19218,0,0.002354,0.000000
19219,0,0.002354,0.000000
19220,0,0.002353,0.000000
19221,0,0.002352,0.000000
19222,0,0.002352,0.000000
19223,0,0.002351,0.000000
19224,0,0.002351,0.000000
19225,0,0.002350,0.000000
19226,0,0.002349,0.000000
19227,0,0.002349,0.000000
19228,0,0.002348,0.000000
19229,0,0.002347,0.000000
19230,0,0.002347,0.000000
19231,0,0.002346,0.000000
19232,0,0.002345,0.000000
19233,0,0.002345,0.000000
19234,0,0.002344,0.000000
19235,0,0.002343,0.000000
19236,0,0.002343,0.000000
19237,0,0.002342,0.000000
19238,0,0.002342,0.000000
19239,0,0.002341,0.000000
19240,0,0.002340,0.000000
19241,0,0.002340,0.000000
19242,0,0.002339,0.000000
19243,0,0.002338,0.000000
19244,0,0.002338,0.000000
19245,0,0.002337,0.000000
19246,0,0.002336,0.000000
19247,0,0.002336,0.000000
19248,0,0.002335,0.000000
19249,0,0.002334,0.000000
19250,0,0.002334,0.000000
19251,0,0.002333,0.000000
19252,0,0.002333,0.000000
19253,0,0.002332,0.000000
19254,0,0.002331,0.000000
19255,0,0.002331,0.000000
19256,0,0.002330,0.000000
19257,0,0.002329,0.000000
19258,0,0.002329,0.000000
19259,0,0.002328,0.000000
19260,0,0.002327,0.000000
19261,0,0.002327,0.000000
19262,0,0.002326,0.000000
19263,0,0.002326,0.000000
19264,0,0.002325,0.000000
19265,0,0.002324,0.000000
19266,0,0.002324,0.000000
19267,0,0.002323,0.000000
19268,0,0.002322,0.000000
19269,0,0.002322,0.000000
19270,0,0.002321,0.000000
19271,0,0.002321,0.000000
19272,0,0.002320,0.000000
19273,0,0.002319,0.000000
19274,0,0.002319,0.000000
19275,0,0.002318,0.000000
19276,0,0.002317,0.000000
19277,0,0.002317,0.000000
19278,0,0.002316,0.000000
19279,0,0.002315,0.000000
19280,0,0.002315,0.000000
19281,0,0.002314,0.000000
19282,0,0.002314,0.000000
19283,0,0.002313,0.000000
19284,0,0.002312,0.000000
19285,0,0.002312,0.000000
19286,0,0.002311,0.000000
19287,0,0.002310,0.000000
19288,0,0.002310,0.000000
19289,0,0.002309,0.000000
19290,0,0.002309,0.000000
19291,0,0.002308,0.000000
19292,0,0.002307,0.000000
19293,0,0.002307,0.000000
19294,0,0.002306,0.000000
19295,0,0.002305,0.000000
19296,0,0.002305,0.000000
19297,0,0.002304,0.000000
19298,0,0.002303,0.000000
19299,0,0.002303,0.000000
19300,0,0.002302,0.000000
19301,0,0.002302,0.000000
19302,0,0.002301,0.000000
19303,0,0.002300,0.000000
19304,0,0.002300,0.000000
19305,0,0.002299,0.000000
19306,0,0.002298,0.000000
19307,0,0.002298,0.000000
19308,0,0.002297,0.000000
19309,0,0.002297,0.000000
19310,0,0.002296,0.000000
19311,0,0.002295,0.000000
19312,0,0.002295,0.000000
19313,0,0.002294,0.000000
19314,0,0.002293,0.000000
19315,0,0.002293,0.000000
19316,0,0.002292,0.000000
19317,0,0.002292,0.000000
19318,0,0.002291,0.000000
19319,0,0.002290,0.000000
19320,0,0.002290,0.000000
19321,0,0.002289,0.000000
19322,0,0.002288,0.000000
19323,0,0.002288,0.000000
19324,0,0.002287,0.000000
19325,0,0.002287,0.000000
19326,0,0.002286,0.000000
19327,0,0.002285,0.000000
19328,0,0.002285,0.000000
19329,0,0.002284,0.000000
19330,0,0.002284,0.000000
19331,0,0.002283,0.000000
19332,0,0.002282,0.000000
19333,0,0.002282,0.000000
19334,0,0.002281,0.000000
19335,0,0.002280,0.000000
19336,0,0.002280,0.000000
19337,0,0.002279,0.000000
19338,0,0.002279,0.000000
19339,0,0.002278,0.000000
19340,0,0.002277,0.000000
19341,0,0.002277,0.000000
19342,0,0.002276,0.000000
19343,0,0.002275,0.000000
19344,0,0.002275,0.000000
19345,0,0.002274,0.000000
19346,0,0.002274,0.000000
19347,0,0.002273,0.000000
19348,0,0.002272,0.000000
19349,0,0.002272,0.000000
19350,0,0.002271,0.000000
19351,0,0.002271,0.000000
19352,0,0.002270,0.000000
19353,0,0.002269,0.000000
19354,0,0.002269,0.000000
19355,0,0.002268,0.000000
19356,0,0.002267,0.000000
19357,0,0.002267,0.000000
19358,0,0.002266,0.000000
19359,0,0.002266,0.000000
19360,0,0.002265,0.000000
19361,0,0.002264,0.000000
19362,0,0.002264,0.000000
19363,0,0.002263,0.000000
19364,0,0.002263,0.000000
19365,0,0.002262,0.000000
19366,0,0.002261,0.000000
19367,0,0.002261,0.000000
19368,0,0.002260,0.000000
19369,0,0.002259,0.000000
19370,0,0.002259,0.000000
19371,0,0.002258,0.000000
19372,0,0.002258,0.000000
19373,0,0.002257,0.000000
19374,0,0.002256,0.000000
19375,0,0.002256,0.000000
19376,0,0.002255,0.000000
19377,0,0.002255,0.000000
19378,0,0.002254,0.000000
19379,0,0.002253,0.000000
19380,0,0.002253,0.000000
19381,0,0.002252,0.000000
19382,0,0.002252,0.000000
19383,0,0.002251,0.000000
19384,0,0.002250,0.000000
19385,0,0.002250,0.000000
19386,0,0.002249,0.000000
19387,0,0.002248,0.000000
19388,0,0.002248,0.000000
19389,0,0.002247,0.000000
19390,0,0.002247,0.000000
19391,0,0.002246,0.000000
19392,0,0.002245,0.000000
19393,0,0.002245,0.000000
19394,0,0.002244,0.000000
19395,0,0.002244,0.000000
19396,0,0.002243,0.000000
19397,0,0.002242,0.000000
19398,0,0.002242,0.000000
19399,0,0.002241,0.000000
19400,0,0.002241,0.000000
19401,0,0.002240,0.000000
19402,0,0.002239,0.000000
19403,0,0.002239,0.000000
19404,0,0.002238,0.000000
19405,0,0.002238,0.000000
19406,0,0.002237,0.000000
19407,0,0.002236,0.000000
19408,0,0.002236,0.000000
19409,0,0.002235,0.000000
19410,0,0.002235,0.000000
19411,0,0.002234,0.000000
19412,0,0.002233,0.000000
19413,0,0.002233,0.000000
19414,0,0.002232,0.000000
19415,0,0.002232,0.000000
19416,0,0.002231,0.000000
19417,0,0.002230,0.000000
19418,0,0.002230,0.000000
19419,0,0.002229,0.000000
19420,0,0.002229,0.000000
19421,0,0.002228,0.000000
19422,0,0.002227,0.000000
19423,0,0.002227,0.000000
19424,0,0.002226,0.000000
19425,0,0.002226,0.000000
19426,0,0.002225,0.000000
19427,0,0.002224,0.000000
19428,0,0.002224,0.000000
19429,0,0.002223,0.000000
19430,0,0.002223,0.000000
19431,0,0.002222,0.000000
19432,0,0.002221,0.000000
19433,0,0.002221,0.000000
19434,0,0.002220,0.000000
19435,0,0.002220,0.000000
19436,0,0.002219,0.000000
19437,0,0.002218,0.000000
19438,0,0.002218,0.000000
19439,0,0.002217,0.000000
19440,0,0.002217,0.000000
19441,0,0.002216,0.000000
19442,0,0.002215,0.000000
19443,0,0.002215,0.000000
19444,0,0.002214,0.000000
19445,0,0.002214,0.000000
19446,0,0.002213,0.000000
19447,0,0.002212,0.000000
19448,0,0.002212,0.000000
19449,0,0.002211,0.000000
19450,0,0.002211,0.000000
19451,0,0.002210,0.000000
19452,0,0.002209,0.000000
19453,0,0.002209,0.000000
19454,0,0.002208,0.000000
19455,0,0.002208,0.000000
19456,0,0.002207,0.000000
19457,0,0.002206,0.000000
19458,0,0.002206,0.000000
19459,0,0.002205,0.000000
19460,0,0.002205,0.000000
19461,0,0.002204,0.000000
19462,0,0.002203,0.000000
19463,0,0.002203,0.000000
19464,0,0.002202,0.000000
19465,0,0.002202,0.000000
19466,0,0.002201,0.000000
19467,0,0.002200,0.000000
19468,0,0.002200,0.000000
19469,0,0.002199,0.000000
19470,0,0.002199,0.000000
19471,0,0.002198,0.000000
19472,0,0.002197,0.000000
19473,0,0.002197,0.000000
19474,0,0.002196,0.000000
19475,0,0.002196,0.000000
19476,0,0.002195,0.000000
19477,0,0.002195,0.000000
19478,0,0.002194,0.000000
19479,0,0.002193,0.000000
19480,0,0.002193,0.000000
19481,0,0.002192,0.000000
19482,0,0.002192,0.000000
19483,0,0.002191,0.000000
19484,0,0.002190,0.000000
19485,0,0.002190,0.000000
19486,0,0.002189,0.000000
19487,0,0.002189,0.000000
19488,0,0.002188,0.000000
19489,0,0.002187,0.000000
19490,0,0.002187,0.000000
19491,0,0.002186,0.000000
19492,0,0.002186,0.000000
19493,0,0.002185,0.000000
19494,0,0.002185,0.000000
19495,0,0.002184,0.000000
19496,0,0.002183,0.000000
19497,0,0.002183,0.000000
19498,0,0.002182,0.000000
19499,0,0.002182,0.000000
19500,0,0.002181,0.000000
19501,0,0.002180,0.000000
19502,0,0.002180,0.000000
19503,0,0.002179,0.000000
19504,0,0.002179,0.000000
19505,0,0.002178,0.000000
19506,0,0.002177,0.000000
19507,0,0.002177,0.000000
19508,0,0.002176,0.000000
19509,0,0.002176,0.000000
19510,0,0.002175,0.000000
19511,0,0.002175,0.000000
19512,0,0.002174,0.000000
19513,0,0.002173,0.000000
19514,0,0.002173,0.000000
19515,0,0.002172,0.000000
19516,0,0.002172,0.000000
19517,0,0.002171,0.000000
19518,0,0.002170,0.000000
19519,0,0.002170,0.000000
19520,0,0.002169,0.000000
19521,0,0.002169,0.000000
19522,0,0.002168,0.000000
19523,0,0.002168,0.000000
19524,0,0.002167,0.000000
19525,0,0.002166,0.000000
19526,0,0.002166,0.000000
19527,0,0.002165,0.000000
19528,0,0.002165,0.000000
19529,0,0.002164,0.000000
19530,0,0.002163,0.000000
19531,0,0.002163,0.000000
19532,0,0.002162,0.000000
19533,0,0.002162,0.000000
19534,0,0.002161,0.000000
19535,0,0.002161,0.000000
19536,0,0.002160,0.000000
19537,0,0.002159,0.000000
19538,0,0.002159,0.000000
19539,0,0.002158,0.000000
19540,0,0.002158,0.000000
19541,0,0.002157,0.000000
19542,0,0.002157,0.000000
19543,0,0.002156,0.000000
19544,0,0.002155,0.000000
19545,0,0.002155,0.000000
19546,0,0.002154,0.000000
19547,0,0.002154,0.000000
19548,0,0.002153,0.000000
19549,0,0.002153,0.000000
19550,0,0.002152,0.000000
19551,0,0.002151,0.000000
19552,0,0.002151,0.000000
19553,0,0.002150,0.000000
19554,0,0.002150,0.000000
19555,0,0.002149,0.000000
19556,0,0.002148,0.000000
19557,0,0.002148,0.000000
19558,0,0.002147,0.000000
19559,0,0.002147,0.000000
19560,0,0.002146,0.000000
19561,0,0.002146,0.000000
19562,0,0.002145,0.000000
19563,0,0.002144,0.000000
19564,0,0.002144,0.000000
19565,0,0.002143,0.000000
19566,0,0.002143,0.000000
19567,0,0.002142,0.000000
19568,0,0.002142,0.000000
19569,0,0.002141,0.000000
19570,0,0.002140,0.000000
19571,0,0.002140,0.000000
19572,0,0.002139,0.000000
19573,0,0.002139,0.000000
19574,0,0.002138,0.000000
19575,0,0.002138,0.000000
19576,0,0.002137,0.000000
19577,0,0.002136,0.000000
19578,0,0.002136,0.000000
19579,0,0.002135,0.000000
19580,0,0.002135,0.000000
19581,0,0.002134,0.000000
19582,0,0.002134,0.000000
19583,0,0.002133,0.000000
19584,0,0.002132,0.000000
19585,0,0.002132,0.000000
19586,0,0.002131,0.000000
19587,0,0.002131,0.000000
19588,0,0.002130,0.000000
19589,0,0.002130,0.000000
19590,0,0.002129,0.000000
19591,0,0.002128,0.000000
19592,0,0.002128,0.000000
19593,0,0.002127,0.000000
19594,0,0.002127,0.000000
19595,0,0.002126,0.000000
19596,0,0.002126,0.000000
19597,0,0.002125,0.000000
19598,0,0.002124,0.000000
19599,0,0.002124,0.000000
19600,0,0.002123,0.000000
19601,0,0.002123,0.000000
19602,0,0.002122,0.000000
19603,0,0.002122,0.000000
19604,0,0.002121,0.000000
19605,0,0.002121,0.000000
19606,0,0.002120,0.000000
19607,0,0.002119,0.000000
19608,0,0.002119,0.000000
19609,0,0.002118,0.000000
19610,0,0.002118,0.000000
19611,0,0.002117,0.000000
19612,0,0.002117,0.000000
19613,0,0.002116,0.000000
19614,0,0.002115,0.000000
19615,0,0.002115,0.000000
19616,0,0.002114,0.000000
19617,0,0.002114,0.000000
19618,0,0.002113,0.000000
19619,0,0.002113,0.000000
19620,0,0.002112,0.000000
19621,0,0.002111,0.000000
19622,0,0.002111,0.000000
19623,0,0.002110,0.000000
19624,0,0.002110,0.000000
19625,0,0.002109,0.000000
19626,0,0.002109,0.000000
19627,0,0.002108,0.000000
19628,0,0.002108,0.000000
19629,0,0.002107,0.000000
19630,0,0.002106,0.000000
19631,0,0.002106,0.000000
19632,0,0.002105,0.000000
19633,0,0.002105,0.000000
19634,0,0.002104,0.000000
19635,0,0.002104,0.000000
19636,0,0.002103,0.000000
19637,0,0.002102,0.000000
19638,0,0.002102,0.000000
19639,0,0.002101,0.000000
19640,0,0.002101,0.000000
19641,0,0.002100,0.000000
19642,0,0.002100,0.000000
19643,0,0.002099,0.000000
19644,0,0.002099,0.000000
19645,0,0.002098,0.000000
19646,0,0.002097,0.000000
19647,0,0.002097,0.000000
19648,0,0.002096,0.000000
19649,0,0.002096,0.000000
19650,0,0.002095,0.000000
19651,0,0.002095,0.000000
19652,0,0.002094,0.000000
19653,0,0.002094,0.000000
19654,0,0.002093,0.000000
19655,0,0.002092,0.000000
19656,0,0.002092,0.000000
19657,0,0.002091,0.000000
19658,0,0.002091,0.000000
19659,0,0.002090,0.000000
19660,0,0.002090,0.000000
19661,0,0.002089,0.000000
19662,0,0.002089,0.000000
19663,0,0.002088,0.000000
19664,0,0.002087,0.000000
19665,0,0.002087,0.000000
19666,0,0.002086,0.000000
19667,0,0.002086,0.000000
19668,0,0.002085,0.000000
19669,0,0.002085,0.000000
19670,0,0.002084,0.000000
19671,0,0.002084,0.000000
19672,0,0.002083,0.000000
19673,0,0.002082,0.000000
19674,0,0.002082,0.000000
19675,0,0.002081,0.000000
19676,0,0.002081,0.000000
19677,0,0.002080,0.000000
19678,0,0.002080,0.000000
19679,0,0.002079,0.000000
19680,0,0.002079,0.000000
19681,0,0.002078,0.000000
19682,0,0.002077,0.000000
19683,0,0.002077,0.000000
19684,0,0.002076,0.000000
19685,0,0.002076,0.000000
19686,0,0.002075,0.000000
19687,0,0.002075,0.000000
19688,0,0.002074,0.000000
19689,0,0.002074,0.000000
19690,0,0.002073,0.000000
19691,0,0.002072,0.000000
19692,0,0.002072,0.000000
19693,0,0.002071,0.000000
19694,0,0.002071,0.000000
19695,0,0.002070,0.000000
19696,0,0.002070,0.000000
19697,0,0.002069,0.000000
19698,0,0.002069,0.000000
19699,0,0.002068,0.000000
19700,0,0.002068,0.000000
19701,0,0.002067,0.000000
19702,0,0.002066,0.000000
19703,0,0.002066,0.000000
19704,0,0.002065,0.000000
19705,0,0.002065,0.000000
19706,0,0.002064,0.000000
19707,0,0.002064,0.000000
19708,0,0.002063,0.000000
19709,0,0.002063,0.000000
19710,0,0.002062,0.000000
19711,0,0.002062,0.000000
19712,0,0.002061,0.000000
19713,0,0.002060,0.000000
19714,0,0.002060,0.000000
19715,0,0.002059,0.000000
19716,0,0.002059,0.000000
19717,0,0.002058,0.000000
19718,0,0.002058,0.000000
19719,0,0.002057,0.000000
19720,0,0.002057,0.000000
19721,0,0.002056,0.000000
19722,0,0.002056,0.000000
19723,0,0.002055,0.000000
19724,0,0.002054,0.000000
19725,0,0.002054,0.000000
19726,0,0.002053,0.000000
19727,0,0.002053,0.000000
19728,0,0.002052,0.000000
19729,0,0.002052,0.000000
19730,0,0.002051,0.000000
19731,0,0.002051,0.000000
19732,0,0.002050,0.000000
19733,0,0.002050,0.000000
19734,0,0.002049,0.000000
19735,0,0.002048,0.000000
19736,0,0.002048,0.000000
19737,0,0.002047,0.000000
19738,0,0.002047,0.000000
19739,0,0.002046,0.000000
19740,0,0.002046,0.000000
19741,0,0.002045,0.000000
19742,0,0.002045,0.000000
19743,0,0.002044,0.000000
19744,0,0.002044,0.000000
19745,0,0.002043,0.000000
19746,0,0.002042,0.000000
19747,0,0.002042,0.000000
19748,0,0.002041,0.000000
19749,0,0.002041,0.000000
19750,0,0.002040,0.000000
19751,0,0.002040,0.000000
19752,0,0.002039,0.000000
19753,0,0.002039,0.000000
19754,0,0.002038,0.000000
19755,0,0.002038,0.000000
19756,0,0.002037,0.000000
19757,0,0.002037,0.000000
19758,0,0.002036,0.000000
19759,0,0.002035,0.000000
19760,0,0.002035,0.000000
19761,0,0.002034,0.000000
19762,0,0.002034,0.000000
19763,0,0.002033,0.000000
19764,0,0.002033,0.000000
19765,0,0.002032,0.000000
19766,0,0.002032,0.000000
19767,0,0.002031,0.000000
19768,0,0.002031,0.000000
19769,0,0.002030,0.000000
19770,0,0.002030,0.000000
19771,0,0.002029,0.000000
19772,0,0.002028,0.000000
19773,0,0.002028,0.000000
19774,0,0.002027,0.000000
19775,0,0.002027,0.000000
19776,0,0.002026,0.000000
19777,0,0.002026,0.000000
19778,0,0.002025,0.000000
19779,0,0.002025,0.000000
19780,0,0.002024,0.000000
19781,0,0.002024,0.000000
19782,0,0.002023,0.000000
19783,0,0.002023,0.000000
19784,0,0.002022,0.000000
19785,0,0.002022,0.000000
19786,0,0.002021,0.000000
19787,0,0.002020,0.000000
19788,0,0.002020,0.000000
19789,0,0.002019,0.000000
19790,0,0.002019,0.000000
19791,0,0.002018,0.000000
19792,0,0.002018,0.000000
19793,0,0.002017,0.000000
19794,0,0.002017,0.000000
19795,0,0.002016,0.000000
19796,0,0.002016,0.000000
19797,0,0.002015,0.000000
19798,0,0.002015,0.000000
19799,0,0.002014,0.000000
19800,0,0.002014,0.000000
19801,0,0.002013,0.000000
19802,0,0.002012,0.000000
19803,0,0.002012,0.000000
19804,0,0.002011,0.000000
19805,0,0.002011,0.000000
19806,0,0.002010,0.000000
19807,0,0.002010,0.000000
19808,0,0.002009,0.000000
19809,0,0.002009,0.000000
19810,0,0.002008,0.000000
19811,0,0.002008,0.000000
19812,0,0.002007,0.000000
19813,0,0.002007,0.000000
19814,0,0.002006,0.000000
19815,0,0.002006,0.000000
19816,0,0.002005,0.000000
19817,0,0.002005,0.000000
19818,0,0.002004,0.000000
19819,0,0.002003,0.000000
19820,0,0.002003,0.000000
19821,0,0.002002,0.000000
19822,0,0.002002,0.000000
19823,0,0.002001,0.000000
19824,0,0.002001,0.000000
19825,0,0.002000,0.000000
19826,0,0.002000,0.000000
19827,0,0.001999,0.000000
19828,0,0.001999,0.000000
19829,0,0.001998,0.000000
19830,0,0.001998,0.000000
19831,0,0.001997,0.000000
19832,0,0.001997,0.000000
19833,0,0.001996,0.000000
19834,0,0.001996,0.000000
19835,0,0.001995,0.000000
19836,0,0.001994,0.000000
19837,0,0.001994,0.000000
19838,0,0.001993,0.000000
19839,0,0.001993,0.000000
19840,0,0.001992,0.000000
19841,0,0.001992,0.000000
19842,0,0.001991,0.000000
19843,0,0.001991,0.000000
19844,0,0.001990,0.000000
19845,0,0.001990,0.000000
19846,0,0.001989,0.000000
19847,0,0.001989,0.000000
19848,0,0.001988,0.000000
19849,0,0.001988,0.000000
19850,0,0.001987,0.000000
19851,0,0.001987,0.000000
19852,0,0.001986,0.000000
19853,0,0.001986,0.000000
19854,0,0.001985,0.000000
19855,0,0.001985,0.000000
19856,0,0.001984,0.000000
19857,0,0.001983,0.000000
19858,0,0.001983,0.000000
19859,0,0.001982,0.000000
19860,0,0.001982,0.000000
19861,0,0.001981,0.000000
19862,0,0.001981,0.000000
19863,0,0.001980,0.000000
19864,0,0.001980,0.000000
19865,0,0.001979,0.000000
19866,0,0.001979,0.000000
19867,0,0.001978,0.000000
19868,0,0.001978,0.000000
19869,0,0.001977,0.000000
19870,0,0.001977,0.000000
19871,0,0.001976,0.000000
19872,0,0.001976,0.000000
19873,0,0.001975,0.000000
19874,0,0.001975,0.000000
19875,0,0.001974,0.000000
19876,0,0.001974,0.000000
19877,0,0.001973,0.000000
19878,0,0.001973,0.000000
19879,0,0.001972,0.000000
19880,0,0.001972,0.000000
19881,0,0.001971,0.000000
19882,0,0.001970,0.000000
19883,0,0.001970,0.000000
19884,0,0.001969,0.000000
19885,0,0.001969,0.000000
19886,0,0.001968,0.000000
19887,0,0.001968,0.000000
19888,0,0.001967,0.000000
19889,0,0.001967,0.000000
19890,0,0.001966,0.000000
19891,0,0.001966,0.000000
19892,0,0.001965,0.000000
19893,0,0.001965,0.000000
19894,0,0.001964,0.000000
19895,0,0.001964,0.000000
19896,0,0.001963,0.000000
19897,0,0.001963,0.000000
19898,0,0.001962,0.000000
19899,0,0.001962,0.000000
19900,0,0.001961,0.000000
19901,0,0.001961,0.000000
19902,0,0.001960,0.000000
19903,0,0.001960,0.000000
19904,0,0.001959,0.000000
19905,0,0.001959,0.000000
19906,0,0.001958,0.000000
19907,0,0.001958,0.000000
19908,0,0.001957,0.000000
19909,0,0.001957,0.000000
19910,0,0.001956,0.000000
19911,0,0.001956,0.000000
19912,0,0.001955,0.000000
19913,0,0.001955,0.000000
19914,0,0.001954,0.000000
19915,0,0.001953,0.000000
19916,0,0.001953,0.000000
19917,0,0.001952,0.000000
19918,0,0.001952,0.000000
19919,0,0.001951,0.000000
19920,0,0.001951,0.000000
19921,0,0.001950,0.000000
19922,0,0.001950,0.000000
19923,0,0.001949,0.000000
19924,0,0.001949,0.000000
19925,0,0.001948,0.000000
19926,0,0.001948,0.000000
19927,0,0.001947,0.000000
19928,0,0.001947,0.000000
19929,0,0.001946,0.000000
19930,0,0.001946,0.000000
19931,0,0.001945,0.000000
19932,0,0.001945,0.000000
19933,0,0.001944,0.000000
19934,0,0.001944,0.000000
19935,0,0.001943,0.000000
19936,0,0.001943,0.000000
19937,0,0.001942,0.000000
19938,0,0.001942,0.000000
19939,0,0.001941,0.000000
19940,0,0.001941,0.000000
19941,0,0.001940,0.000000
19942,0,0.001940,0.000000
19943,0,0.001939,0.000000
19944,0,0.001939,0.000000
19945,0,0.001938,0.000000
19946,0,0.001938,0.000000
19947,0,0.001937,0.000000
19948,0,0.001937,0.000000
19949,0,0.001936,0.000000
19950,0,0.001936,0.000000
19951,0,0.001935,0.000000
19952,0,0.001935,0.000000
19953,0,0.001934,0.000000
19954,0,0.001934,0.000000
19955,0,0.001933,0.000000
19956,0,0.001933,0.000000
19957,0,0.001932,0.000000
19958,0,0.001932,0.000000
19959,0,0.001931,0.000000
19960,0,0.001931,0.000000
19961,0,0.001930,0.000000
19962,0,0.001930,0.000000
19963,0,0.001929,0.000000
19964,0,0.001929,0.000000
19965,0,0.001928,0.000000
19966,0,0.001928,0.000000
19967,0,0.001927,0.000000
19968,0,0.001927,0.000000
19969,0,0.001926,0.000000
19970,0,0.001926,0.000000
19971,0,0.001925,0.000000
19972,0,0.001925,0.000000
19973,0,0.001924,0.000000
19974,0,0.001924,0.000000
19975,0,0.001923,0.000000
19976,0,0.001923,0.000000
19977,0,0.001922,0.000000
19978,0,0.001922,0.000000
19979,0,0.001921,0.000000
19980,0,0.001921,0.000000
19981,0,0.001920,0.000000
19982,0,0.001920,0.000000
19983,0,0.001919,0.000000
19984,0,0.001919,0.000000
19985,0,0.001918,0.000000
19986,0,0.001918,0.000000
19987,0,0.001917,0.000000
19988,0,0.001917,0.000000
19989,0,0.001916,0.000000
19990,0,0.001916,0.000000
19991,0,0.001915,0.000000
19992,0,0.001914,0.000000
19993,0,0.001914,0.000000
19994,0,0.001913,0.000000
19995,0,0.001913,0.000000
19996,0,0.001912,0.000000
19997,0,0.001912,0.000000
19998,0,0.001911,0.000000
19999,0,0.001911,0.000000
20000,0,0.001910,0.000000
20001,0,0.001910,0.000000
20002,0,0.001910,0.000000
20003,0,0.001909,0.000000
20004,0,0.001909,0.000000
20005,0,0.001908,0.000000
20006,0,0.001908,0.000000
20007,0,0.001907,0.000000
20008,0,0.001907,0.000000
20009,0,0.001906,0.000000
20010,0,0.001906,0.000000
20011,0,0.001905,0.000000
20012,0,0.001905,0.000000
20013,0,0.001904,0.000000
20014,0,0.001904,0.000000
20015,0,0.001903,0.000000
20016,0,0.001903,0.000000
20017,0,0.001902,0.000000
20018,0,0.001902,0.000000
20019,0,0.001901,0.000000
20020,0,0.001901,0.000000
20021,0,0.001900,0.000000
20022,0,0.001900,0.000000
20023,0,0.001899,0.000000
20024,0,0.001899,0.000000
20025,0,0.001898,0.000000
20026,0,0.001898,0.000000
20027,0,0.001897,0.000000
20028,0,0.001897,0.000000
20029,0,0.001896,0.000000
20030,0,0.001896,0.000000
20031,0,0.001895,0.000000
20032,0,0.001895,0.000000
20033,0,0.001894,0.000000
20034,0,0.001894,0.000000
20035,0,0.001893,0.000000
20036,0,0.001893,0.000000
20037,0,0.001892,0.000000
20038,0,0.001892,0.000000
20039,0,0.001891,0.000000
20040,0,0.001891,0.000000
20041,0,0.001890,0.000000
20042,0,0.001890,0.000000
20043,0,0.001889,0.000000
20044,0,0.001889,0.000000
20045,0,0.001888,0.000000
20046,0,0.001888,0.000000
20047,0,0.001887,0.000000
20048,0,0.001887,0.000000
20049,0,0.001886,0.000000
20050,0,0.001886,0.000000
20051,0,0.001885,0.000000
20052,0,0.001885,0.000000
20053,0,0.001884,0.000000
20054,0,0.001884,0.000000
20055,0,0.001883,0.000000
20056,0,0.001883,0.000000
20057,0,0.001882,0.000000
20058,0,0.001882,0.000000
20059,0,0.001881,0.000000
20060,0,0.001881,0.000000
20061,0,0.001880,0.000000
20062,0,0.001880,0.000000
20063,0,0.001879,0.000000
20064,0,0.001879,0.000000
20065,0,0.001878,0.000000
20066,0,0.001878,0.000000
20067,0,0.001877,0.000000
20068,0,0.001877,0.000000
20069,0,0.001876,0.000000
20070,0,0.001876,0.000000
20071,0,0.001875,0.000000
20072,0,0.001875,0.000000
20073,0,0.001874,0.000000
20074,0,0.001874,0.000000
20075,0,0.001874,0.000000
20076,0,0.001873,0.000000
20077,0,0.001873,0.000000
20078,0,0.001872,0.000000
20079,0,0.001872,0.000000
20080,0,0.001871,0.000000
20081,0,0.001871,0.000000
20082,0,0.001870,0.000000
20083,0,0.001870,0.000000
20084,0,0.001869,0.000000
20085,0,0.001869,0.000000
20086,0,0.001868,0.000000
20087,0,0.001868,0.000000
20088,0,0.001867,0.000000
20089,0,0.001867,0.000000
20090,0,0.001866,0.000000
20091,0,0.001866,0.000000
20092,0,0.001865,0.000000
20093,0,0.001865,0.000000
20094,0,0.001864,0.000000
20095,0,0.001864,0.000000
20096,0,0.001863,0.000000
20097,0,0.001863,0.000000
20098,0,0.001862,0.000000
20099,0,0.001862,0.000000
20100,0,0.001861,0.000000
20101,0,0.001861,0.000000
20102,0,0.001860,0.000000
20103,0,0.001860,0.000000
20104,0,0.001859,0.000000
20105,0,0.001859,0.000000
20106,0,0.001858,0.000000
20107,0,0.001858,0.000000
20108,0,0.001857,0.000000
20109,0,0.001857,0.000000
20110,0,0.001857,0.000000
20111,0,0.001856,0.000000
20112,0,0.001856,0.000000
20113,0,0.001855,0.000000
20114,0,0.001855,0.000000
20115,0,0.001854,0.000000
20116,0,0.001854,0.000000
20117,0,0.001853,0.000000
20118,0,0.001853,0.000000
20119,0,0.001852,0.000000
20120,0,0.001852,0.000000
20121,0,0.001851,0.000000
20122,0,0.001851,0.000000
20123,0,0.001850,0.000000
20124,0,0.001850,0.000000
20125,0,0.001849,0.000000
20126,0,0.001849,0.000000
20127,0,0.001848,0.000000
20128,0,0.001848,0.000000
20129,0,0.001847,0.000000
20130,0,0.001847,0.000000
20131,0,0.001846,0.000000
20132,0,0.001846,0.000000
20133,0,0.001845,0.000000
20134,0,0.001845,0.000000
20135,0,0.001845,0.000000
20136,0,0.001844,0.000000
20137,0,0.001844,0.000000
20138,0,0.001843,0.000000
20139,0,0.001843,0.000000
20140,0,0.001842,0.000000
20141,0,0.001842,0.000000
20142,0,0.001841,0.000000
20143,0,0.001841,0.000000
20144,0,0.001840,0.000000
20145,0,0.001840,0.000000
20146,0,0.001839,0.000000
20147,0,0.001839,0.000000
20148,0,0.001838,0.000000
20149,0,0.001838,0.000000
20150,0,0.001837,0.000000
20151,0,0.001837,0.000000
20152,0,0.001836,0.000000
20153,0,0.001836,0.000000
20154,0,0.001835,0.000000
20155,0,0.001835,0.000000
20156,0,0.001835,0.000000
20157,0,0.001834,0.000000
20158,0,0.001834,0.000000
20159,0,0.001833,0.000000
20160,0,0.001833,0.000000
20161,0,0.001832,0.000000
20162,0,0.001832,0.000000
20163,0,0.001831,0.000000
20164,0,0.001831,0.000000
20165,0,0.001830,0.000000
20166,0,0.001830,0.000000
20167,0,0.001829,0.000000
20168,0,0.001829,0.000000
20169,0,0.001828,0.000000
20170,0,0.001828,0.000000
20171,0,0.001827,0.000000
20172,0,0.001827,0.000000
20173,0,0.001826,0.000000
20174,0,0.001826,0.000000
20175,0,0.001825,0.000000
20176,0,0.001825,0.000000
20177,0,0.001825,0.000000
20178,0,0.001824,0.000000
20179,0,0.001824,0.000000
20180,0,0.001823,0.000000
20181,0,0.001823,0.000000
20182,0,0.001822,0.000000
20183,0,0.001822,0.000000
20184,0,0.001821,0.000000
20185,0,0.001821,0.000000
20186,0,0.001820,0.000000
20187,0,0.001820,0.000000
20188,0,0.001819,0.000000
20189,0,0.001819,0.000000
20190,0,0.001818,0.000000
20191,0,0.001818,0.000000
20192,0,0.001817,0.000000
20193,0,0.001817,0.000000
20194,0,0.001817,0.000000
20195,0,0.001816,0.000000
20196,0,0.001816,0.000000
20197,0,0.001815,0.000000
20198,0,0.001815,0.000000
20199,0,0.001814,0.000000
20200,0,0.001814,0.000000
20201,0,0.001813,0.000000
20202,0,0.001813,0.000000
20203,0,0.001812,0.000000
20204,0,0.001812,0.000000
20205,0,0.001811,0.000000
20206,1,0.001811,0.000000
20207,0,0.001859,0.000000
20208,0,0.001904,0.000000
20209,0,0.001945,0.000000
20210,0,0.001983,0.000000
20211,0,0.002018,0.000000
20212,0,0.002050,0.000000
20213,0,0.002080,0.000000
20214,0,0.002107,0.000000
20215,0,0.002133,0.000000
20216,0,0.002156,0.000000
20217,0,0.002178,0.000000
20218,0,0.002198,0.000000
20219,0,0.002217,0.000000
20220,0,0.002234,0.000000
20221,0,0.002250,0.000000
20222,0,0.002265,0.000000
20223,0,0.002278,0.000000
20224,0,0.002291,0.000000
20225,0,0.002302,0.000000
20226,0,0.002312,0.000079
20227,0,0.002322,0.000276
20228,0,0.002330,0.000567
20229,0,0.002338,0.000930
20230,0,0.002345,0.001343
20231,0,0.002352,0.001792
20232,0,0.002357,0.002260
20233,0,0.002362,0.002735
20234,0,0.002367,0.003186
20235,0,0.002371,0.003580
20236,0,0.002374,0.003899
20237,0,0.002378,0.004134
20238,0,0.002380,0.004287
20239,0,0.002383,0.004362
20240,0,0.002385,0.004370
20241,0,0.002387,0.004320
20242,0,0.002389,0.004224
20243,0,0.002390,0.004093
20244,0,0.002392,0.003936
20245,0,0.002393,0.003764
20246,0,0.002394,0.003585
20247,0,0.002395,0.003406
20248,1,0.002396,0.002725
20249,0,0.002454,0.002180
20250,0,0.002507,0.001744
20251,0,0.002556,0.001395
20252,0,0.002601,0.001116
20253,0,0.002642,0.000893
20254,0,0.002680,0.000714
20255,0,0.002714,0.000571
20256,0,0.002745,0.000457
20257,0,0.002774,0.000366
20258,0,0.002800,0.000293
20259,0,0.002825,0.000234
20260,0,0.002847,0.000193
20261,0,0.002867,0.000198
20262,0,0.002885,0.000236
20263,0,0.002902,0.000296
20264,0,0.002918,0.000376
20265,0,0.002932,0.000472
20266,0,0.002945,0.000585
20267,0,0.002957,0.000714
20268,0,0.002967,0.000859
20269,0,0.002977,0.001020
20270,0,0.002986,0.001196
20271,0,0.002995,0.001388
20272,0,0.003002,0.001592
20273,0,0.003009,0.001808
20274,0,0.003015,0.002032
20275,0,0.003020,0.002263
20276,0,0.003025,0.002497
20277,0,0.003029,0.002731
20278,0,0.003033,0.002962
20279,0,0.003037,0.003188
20280,0,0.003040,0.003405
20281,0,0.003042,0.003610
20282,0,0.003045,0.003801
20283,0,0.003047,0.003977
20284,0,0.003049,0.004119
20285,0,0.003050,0.004217
20286,0,0.003051,0.004269
20287,0,0.003052,0.004274
20288,0,0.003053,0.004235
20289,0,0.003054,0.004158
20290,0,0.003055,0.004048
20291,0,0.003055,0.003911
20292,0,0.003056,0.003754
20293,0,0.003056,0.003583
20294,0,0.003056,0.003402
20295,0,0.003056,0.003217
20296,0,0.003056,0.003032
20297,0,0.003056,0.002850
20298,0,0.003056,0.002675
20299,0,0.003056,0.002508
20300,0,0.003056,0.002350
20301,0,0.003056,0.002204
20302,0,0.003055,0.002070
20303,1,0.003055,0.001656
20304,0,0.003122,0.001325
20305,0,0.003184,0.001060
20306,0,0.003240,0.000848
20307,0,0.003292,0.000678
20308,0,0.003339,0.000543
20309,0,0.003382,0.000434
20310,0,0.003422,0.000347
20311,0,0.003457,0.000278
20312,0,0.003490,0.000222
20313,0,0.003520,0.000178
20314,0,0.003547,0.000142
20315,0,0.003572,0.000114
20316,0,0.003595,0.000091
20317,0,0.003616,0.000073
20318,0,0.003635,0.000058
20319,0,0.003652,0.000066
20320,0,0.003668,0.000111
20321,0,0.003682,0.000186
20322,0,0.003695,0.000285
20323,0,0.003707,0.000406
20324,0,0.003718,0.000544
20325,0,0.003728,0.000698
20326,0,0.003737,0.000866
20327,0,0.003745,0.001045
20328,0,0.003752,0.001233
20329,0,0.003759,0.001429
20330,0,0.003765,0.001629
20331,0,0.003770,0.001832
20332,0,0.003774,0.002036
20333,0,0.003779,0.002238
20334,0,0.003782,0.002435
20335,0,0.003786,0.002627
20336,0,0.003788,0.002810
20337,0,0.003791,0.002984
20338,0,0.003793,0.003146
20339,0,0.003795,0.003295
20340,0,0.003796,0.003429
20341,0,0.003798,0.003548
20342,0,0.003799,0.003648
20343,0,0.003800,0.003719
20344,0,0.003800,0.003755
20345,0,0.003801,0.003756
20346,0,0.003801,0.003723
20347,0,0.003802,0.003658
20348,0,0.003802,0.003567
20349,0,0.003802,0.003453
20350,0,0.003802,0.003321
20351,0,0.003801,0.003176
20352,0,0.003801,0.003021
20353,0,0.003801,0.002861
20354,0,0.003800,0.002700
20355,0,0.003800,0.002539
20356,0,0.003799,0.002382
20357,0,0.003799,0.002230
20358,0,0.003798,0.002086
20359,0,0.003798,0.001949
20360,0,0.003797,0.001821
20361,0,0.003796,0.001702
20362,0,0.003796,0.001594
20363,0,0.003795,0.001494
20364,0,0.003794,0.001405
20365,0,0.003793,0.001324
20366,0,0.003792,0.001252
20367,0,0.003792,0.001188
20368,0,0.003791,0.001132
20369,0,0.003790,0.001082
20370,0,0.003789,0.001039
20371,0,0.003788,0.001001
20372,0,0.003787,0.000967
20373,0,0.003786,0.000938
20374,0,0.003785,0.000913
20375,0,0.003785,0.000890
20376,0,0.003784,0.000870
20377,0,0.003783,0.000851
20378,0,0.003782,0.000834
20379,0,0.003781,0.000818
20380,0,0.003780,0.000801
20381,0,0.003779,0.000783
20382,0,0.003778,0.000762
20383,0,0.003777,0.000738
20384,0,0.003776,0.000712
20385,0,0.003775,0.000684
20386,0,0.003774,0.000653
20387,0,0.003773,0.000621
20388,0,0.003772,0.000589
20389,0,0.003771,0.000556
20390,0,0.003770,0.000523
20391,0,0.003769,0.000490
20392,0,0.003768,0.000458
20393,0,0.003767,0.000428
20394,0,0.003766,0.000399
20395,0,0.003765,0.000371
20396,0,0.003764,0.000345
20397,0,0.003763,0.000321
20398,0,0.003762,0.000298
20399,0,0.003761,0.000278
20400,0,0.003760,0.000259
20401,1,0.003759,0.000207
20402,0,0.003837,0.000166
20403,0,0.003909,0.000132
20404,0,0.003974,0.000106
20405,0,0.004034,0.000085
20406,0,0.004089,0.000068
20407,0,0.004139,0.000054
20408,0,0.004185,0.000043
20409,0,0.004226,0.000035
20410,0,0.004264,0.000028
20411,0,0.004298,0.000022
20412,0,0.004330,0.000018
20413,0,0.004358,0.000014
20414,0,0.004384,0.000011
20415,0,0.004408,0.000009
20416,0,0.004430,0.000007
20417,0,0.004449,0.000006
20418,0,0.004467,0.000005
20419,0,0.004483,0.000004
20420,0,0.004498,0.000040
20421,0,0.004511,0.000117
20422,0,0.004524,0.000224
20423,0,0.004535,0.000356
20424,1,0.004545,0.000285
20425,0,0.004638,0.000228
20426,0,0.004725,0.000182
20427,0,0.004804,0.000146
20428,0,0.004877,0.000117
20429,0,0.004943,0.000093
20430,0,0.005004,0.000075
20431,0,0.005059,0.000060
20432,0,0.005110,0.000048
20433,0,0.005156,0.000038
20434,0,0.005199,0.000093
20435,0,0.005237,0.000258
20436,0,0.005273,0.000491
20437,0,0.005305,0.000763
20438,0,0.005334,0.001054
20439,0,0.005361,0.001349
20440,0,0.005385,0.001641
20441,0,0.005407,0.001922
20442,0,0.005427,0.002192
20443,0,0.005445,0.002448
20444,0,0.005462,0.002689
20445,0,0.005477,0.002917
20446,0,0.005490,0.003130
20447,0,0.005502,0.003330
20448,0,0.005513,0.003517
20449,0,0.005523,0.003691
20450,0,0.005532,0.003853
20451,0,0.005539,0.004002
20452,0,0.005546,0.004140
20453,0,0.005552,0.004265
20454,0,0.005557,0.004378
20455,0,0.005562,0.004479
20456,0,0.005566,0.004566
20457,0,0.005569,0.004641
20458,0,0.005572,0.004703
20459,0,0.005575,0.004751
20460,0,0.005577,0.004787
20461,0,0.005578,0.004809
20462,0,0.005579,0.004817
20463,0,0.005580,0.004813
20464,0,0.005581,0.004795
20465,0,0.005581,0.004759
20466,1,0.005581,0.003807
20467,0,0.005693,0.003046
20468,0,0.005795,0.002437
20469,0,0.005888,0.001949
20470,0,0.005973,0.001559
20471,0,0.006051,0.001248
20472,0,0.006121,0.000998
20473,0,0.006186,0.000798
20474,0,0.006244,0.000639
20475,0,0.006297,0.000584
20476,0,0.006345,0.000647
20477,0,0.006388,0.000776
20478,0,0.006427,0.000938
20479,0,0.006463,0.001110
20480,0,0.006495,0.001279
20481,0,0.006524,0.001435
20482,0,0.006550,0.001576
20483,0,0.006574,0.001700
20484,0,0.006595,0.001808
20485,0,0.006614,0.001901
20486,0,0.006631,0.001981
20487,0,0.006647,0.002050
20488,0,0.006661,0.002112
20489,0,0.006673,0.002168
20490,0,0.006684,0.002220
20491,0,0.006694,0.002269
20492,0,0.006702,0.002317
20493,0,0.006710,0.002363
20494,1,0.006716,0.001891
20495,0,0.006847,0.001513
20496,0,0.006967,0.001210
20497,0,0.007076,0.000968
20498,0,0.007176,0.000774
20499,1,0.007267,0.000620
20500,0,0.007460,0.000496
20501,0,0.007637,0.000397
20502,0,0.007801,0.000317
20503,1,0.007951,0.000254
20504,0,0.008194,0.000203
20505,1,0.008420,0.000162
20506,0,0.008726,0.000130
20507,0,0.009012,0.000104
20508,0,0.009279,0.000083
20509,0,0.009528,0.000067
20510,0,0.009760,0.000053
20511,1,0.009977,0.000043
20512,0,0.010293,0.000034
20513,0,0.010589,0.000027
20514,1,0.010867,0.000022
20515,0,0.011242,0.000017
20516,0,0.011596,0.000014
20517,0,0.011929,0.000011
20518,0,0.012244,0.000009
20519,1,0.012541,0.000007
20520,0,0.012953,0.000006
20521,1,0.013343,0.000005
20522,0,0.013841,0.000004
20523,0,0.014315,0.000003
20524,0,0.014767,0.000002
20525,1,0.015197,0.000002
20526,0,0.015752,0.000001
20527,0,0.016282,0.000001
20528,0,0.016791,0.000001
20529,0,0.017279,0.000001
20530,0,0.017750,0.000001
20531,0,0.018203,0.000085
20532,0,0.018642,0.000476
20533,0,0.019067,0.001057
20534,0,0.019479,0.001746
20535,0,0.019880,0.002489
20536,1,0.020269,0.001991
20537,1,0.020878,0.001593
20538,0,0.021671,0.001274
20539,0,0.022431,0.001019
20540,0,0.023161,0.000816
20541,1,0.023862,0.000652
20542,0,0.024775,0.000522
20543,0,0.025652,0.000418
20544,0,0.026496,0.000334
20545,1,0.027307,0.000267
20546,0,0.028364,0.000214
20547,0,0.029380,0.000171
20548,0,0.030358,0.000137
20549,1,0.031302,0.000109
20550,1,0.032527,0.000088
20551,1,0.034000,0.000070
20552,0,0.035701,0.000056
20553,0,0.037346,0.000045
20554,1,0.038937,0.000036
20555,1,0.040796,0.000029
20556,1,0.042909,0.000023
20557,1,0.045265,0.000018
20558,1,0.047859,0.000015
20559,1,0.050692,0.000012
20560,0,0.053763,0.000009
20561,0,0.056787,0.000008
20562,1,0.059775,0.000006
20563,1,0.063056,0.000005
20564,0,0.066630,0.000004
20565,0,0.070193,0.000003
20566,0,0.073763,0.000002
20567,0,0.077360,0.000002
20568,1,0.081000,0.000002
20569,0,0.085055,0.000001
20570,0,0.089170,0.000224
20571,1,0.093364,0.000179
20572,0,0.098043,0.000206
20573,0,0.102814,0.000601
20574,0,0.107697,0.001213
20575,1,0.112708,0.000990
20576,1,0.118330,0.000792
20577,0,0.124550,0.000634
20578,0,0.130891,0.000798
20579,0,0.137377,0.001234
20580,0,0.144024,0.001831
20581,1,0.150848,0.001566
20582,0,0.158496,0.001700
20583,1,0.166297,0.001360
20584,0,0.174967,0.001265
20585,0,0.183771,0.001528
20586,1,0.192723,0.001222
20587,1,0.202680,0.000978
20588,1,0.213601,0.000782
20589,0,0.225460,0.000626
20590,1,0.237371,0.000501
20591,1,0.250287,0.000401
20592,1,0.264180,0.000320
20593,0,0.279024,0.000256
20594,1,0.293889,0.000205
20595,1,0.309757,0.000164
20596,1,0.326593,0.000131
20597,1,0.344358,0.000105
20598,1,0.363008,0.000084
20599,0,0.382487,0.000067
20600,1,0.402062,0.000054
20601,1,0.422407,0.000043
20602,1,0.443446,0.000034
20603,1,0.465087,0.000028
20604,1,0.487221,0.000022
20605,1,0.509718,0.000018
20606,1,0.532426,0.000026
20607,1,0.555170,0.000245
20608,1,0.577750,0.000641
20609,1,0.599943,0.001186
20610,1,0.621500,0.001853
20611,1,0.642156,0.002617
20612,1,0.661631,0.003458
20613,1,0.679640,0.004357
20614,1,0.695900,0.005296
20615,1,0.710151,0.006262
20616,1,0.722163,0.007240
20617,1,0.731751,0.008220
20618,1,0.738789,0.009191
20619,0,0.743213,0.008600
20620,0,0.753754,0.006967
20621,0,0.769235,0.005574
20622,1,0.788779,0.004481
20623,1,0.804129,0.004355
20624,1,0.815432,0.004872
20625,1,0.822901,0.005794
20626,1,0.826796,0.006947
20627,1,0.827412,0.008209
20628,1,0.825067,0.009492
20629,1,0.820086,0.010740
20630,1,0.812795,0.011913
20631,1,0.803511,0.012989
20632,1,0.792534,0.013957
20633,1,0.780149,0.014812
20634,1,0.766615,0.015556
20635,1,0.752169,0.016193
20636,1,0.737027,0.016729
20637,1,0.721379,0.017174
20638,1,0.705393,0.017535
20639,1,0.689217,0.017821
20640,1,0.672978,0.018040
20641,1,0.656784,0.018199
20642,1,0.640729,0.018307
20643,1,0.624890,0.018368
20644,1,0.609329,0.018390
20645,1,0.594099,0.018377
20646,1,0.579240,0.018333
20647,1,0.564783,0.018262
20648,1,0.550752,0.018169
20649,0,0.537162,0.014920
20650,1,0.531908,0.012887
20651,1,0.526180,0.011726
20652,0,0.520057,0.009381
20653,1,0.520109,0.007504
20654,1,0.519233,0.006269
20655,1,0.517529,0.005902
20656,1,0.515093,0.006112
20657,1,0.512013,0.006682
20658,1,0.508373,0.007457
20659,1,0.504248,0.008325
20660,1,0.499710,0.009208
20661,1,0.494822,0.010055
20662,1,0.489644,0.010832
20663,1,0.484227,0.011521
20664,1,0.478621,0.012110
20665,1,0.472867,0.012598
20666,1,0.467004,0.012988
20667,1,0.461065,0.013284
20668,0,0.455081,0.010627
20669,1,0.454328,0.008502
20670,1,0.453019,0.007314
20671,1,0.451217,0.006795
20672,1,0.448980,0.006726
20673,0,0.446362,0.005381
20674,1,0.448058,0.004305
20675,1,0.449010,0.003444
20676,1,0.449290,0.003007
20677,1,0.448964,0.003149
20678,0,0.448094,0.002519
20679,1,0.451049,0.002015
20680,1,0.453168,0.001612
20681,1,0.454523,0.001359
20682,0,0.455187,0.001087
20683,1,0.459307,0.000870
20684,1,0.462493,0.000696
20685,1,0.464823,0.000557
20686,1,0.466371,0.000906
20687,0,0.467208,0.000725
20688,1,0.471371,0.000580
20689,1,0.474593,0.000464
20690,1,0.476953,0.000464
20691,1,0.478528,0.001020
20692,1,0.479388,0.001906
20693,1,0.479603,0.002962
20694,1,0.479237,0.004076
20695,1,0.478350,0.005170
20696,1,0.476998,0.006197
20697,1,0.475234,0.007125
20698,1,0.473104,0.007940
20699,1,0.470654,0.008636
20700,1,0.467923,0.009214
20701,1,0.464949,0.009681
20702,1,0.461763,0.010043
20703,1,0.458399,0.010313
20704,1,0.454882,0.010501
20705,1,0.451238,0.010617
20706,1,0.447489,0.010673
20707,1,0.443655,0.010677
20708,1,0.439756,0.010638
20709,1,0.435806,0.010565
20710,1,0.431821,0.010465
20711,1,0.427814,0.010343
20712,1,0.423795,0.010205
20713,1,0.419776,0.010055
20714,1,0.415765,0.009897
20715,1,0.411771,0.009733
20716,1,0.407799,0.009568
20717,1,0.403857,0.009401
20718,1,0.399949,0.009235
20719,1,0.396081,0.009071
20720,1,0.392255,0.008910
20721,1,0.388476,0.008752
20722,1,0.384746,0.008598
20723,1,0.381068,0.008447
20724,1,0.377443,0.008300
20725,1,0.373873,0.008157
20726,1,0.370359,0.008017
20727,1,0.366902,0.007881
20728,1,0.363502,0.007748
20729,1,0.360161,0.007618
20730,1,0.356878,0.007490
20731,1,0.353653,0.007365
20732,1,0.350487,0.007241
20733,1,0.347378,0.007120
20734,1,0.344326,0.007000
20735,1,0.341332,0.006881
20736,1,0.338393,0.006763
20737,1,0.335511,0.006647
20738,1,0.332683,0.006531
20739,1,0.329909,0.006415
20740,1,0.327188,0.006300
20741,1,0.324519,0.006186
20742,1,0.321901,0.006072
20743,1,0.319334,0.005958
20744,1,0.316816,0.005845
20745,1,0.314347,0.005732
20746,1,0.311924,0.005619
20747,1,0.309548,0.005507
20748,1,0.307217,0.005394
20749,1,0.304930,0.005283
20750,1,0.302687,0.005171
20751,1,0.300486,0.005060
20752,1,0.298326,0.004950
20753,1,0.296206,0.004840
20754,1,0.294126,0.004730
20755,1,0.292084,0.004622
20756,1,0.290079,0.004514
20757,1,0.288111,0.004407
20758,1,0.286179,0.004301
20759,1,0.284281,0.004196
20760,1,0.282418,0.004092
20761,1,0.280587,0.003989
20762,1,0.278789,0.003887
20763,1,0.277021,0.003786
20764,1,0.275285,0.003687
20765,1,0.273578,0.003589
20766,1,0.271901,0.003492
20767,0,0.270252,0.002794
20768,1,0.270699,0.002235
20769,1,0.270961,0.001788
20770,1,0.271056,0.001430
20771,1,0.271000,0.001144
20772,1,0.270809,0.000915
20773,1,0.270496,0.000732
20774,1,0.270075,0.000586
20775,1,0.269556,0.000493
20776,1,0.268952,0.000599
20777,1,0.268271,0.000824
20778,1,0.267522,0.001115
20779,1,0.266714,0.001432
20780,1,0.265854,0.001748
20781,1,0.264949,0.002046
20782,1,0.264004,0.002314
20783,1,0.263024,0.002548
20784,1,0.262016,0.002743
20785,1,0.260982,0.002901
20786,1,0.259928,0.003023
20787,1,0.258856,0.003112
20788,1,0.257771,0.003170
20789,1,0.256674,0.003201
20790,1,0.255569,0.003210
20791,1,0.254457,0.003198
20792,1,0.253341,0.003171
20793,1,0.252222,0.003130
20794,1,0.251103,0.003078
20795,1,0.249984,0.003017
20796,1,0.248867,0.002951
20797,1,0.247753,0.002880
20798,1,0.246643,0.002806
20799,1,0.245538,0.002731
20800,1,0.244439,0.002655
20801,1,0.243346,0.002579
20802,1,0.242260,0.002505
20803,1,0.241181,0.002432
20804,1,0.240110,0.002361
20805,1,0.239048,0.002292
20806,1,0.237994,0.002226
20807,0,0.236949,0.001781
20808,1,0.237520,0.001424
20809,1,0.237938,0.001140
20810,0,0.238218,0.000912
20811,1,0.239917,0.000729
20812,1,0.241359,0.000583
20813,1,0.242565,0.000467
20814,1,0.243556,0.000373
20815,1,0.244350,0.000299
20816,1,0.244966,0.000239
20817,1,0.245420,0.000191
20818,1,0.245727,0.000153
20819,1,0.245902,0.000282
20820,1,0.245958,0.000608
20821,1,0.245906,0.001044
20822,1,0.245757,0.001526
20823,1,0.245522,0.002012
20824,1,0.245209,0.002473
20825,1,0.244826,0.002893
20826,1,0.244381,0.003260
20827,1,0.243882,0.003571
20828,1,0.243333,0.003827
20829,1,0.242741,0.004028
20830,1,0.242111,0.004180
20831,1,0.241447,0.004286
20832,1,0.240754,0.004353
20833,1,0.240035,0.004385
20834,1,0.239293,0.004388
20835,1,0.238532,0.004367
20836,1,0.237755,0.004326
20837,1,0.236963,0.004269
20838,1,0.236159,0.004200
20839,1,0.235346,0.004122
20840,1,0.234524,0.004038
20841,1,0.233695,0.003950
20842,1,0.232862,0.003859
20843,1,0.232025,0.003768
20844,1,0.231185,0.003677
20845,1,0.230343,0.003587
20846,1,0.229501,0.003500
20847,1,0.228659,0.003415
20848,1,0.227818,0.003333
20849,1,0.226979,0.003255
20850,1,0.226142,0.003180
20851,1,0.225308,0.003108
20852,1,0.224477,0.003040
20853,1,0.223649,0.002974
20854,1,0.222826,0.002912
20855,1,0.222006,0.002853
20856,1,0.221192,0.002796
20857,1,0.220382,0.002742
20858,1,0.219577,0.002690
20859,1,0.218778,0.002640
20860,1,0.217984,0.002592
20861,1,0.217195,0.002546
20862,1,0.216412,0.002501
20863,1,0.215635,0.002457
20864,1,0.214864,0.002414
20865,1,0.214099,0.002372
20866,1,0.213339,0.002331
20867,1,0.212586,0.002290
20868,1,0.211839,0.002251
20869,1,0.211097,0.002211
20870,1,0.210362,0.002172
20871,1,0.209633,0.002133
20872,1,0.208909,0.002095
20873,1,0.208192,0.002056
20874,1,0.207481,0.002018
20875,1,0.206776,0.001980
20876,1,0.206076,0.001942
20877,1,0.205383,0.001904
20878,1,0.204695,0.001866
20879,1,0.204014,0.001828
20880,1,0.203338,0.001790
20881,1,0.202668,0.001753
20882,1,0.202003,0.001715
20883,1,0.201344,0.001678
20884,1,0.200691,0.001641
20885,1,0.200043,0.001604
20886,1,0.199401,0.001567
20887,1,0.198764,0.001531
20888,1,0.198133,0.001494
20889,1,0.197506,0.001458
20890,1,0.196885,0.001422
20891,1,0.196270,0.001387
20892,1,0.195659,0.001352
20893,1,0.195053,0.001317
20894,1,0.194453,0.001283
20895,1,0.193857,0.001249
20896,1,0.193267,0.001215
20897,1,0.192681,0.001182
20898,1,0.192100,0.001149
20899,1,0.191523,0.001117
20900,1,0.190952,0.001085
20901,1,0.190385,0.001054
20902,1,0.189822,0.001024
20903,1,0.189264,0.000994
20904,1,0.188711,0.000964
20905,1,0.188162,0.000935
20906,1,0.187617,0.000907
20907,1,0.187076,0.000879
20908,1,0.186540,0.000852
20909,1,0.186008,0.000825
20910,1,0.185480,0.000799
20911,1,0.184956,0.000773
20912,1,0.184436,0.000748
20913,1,0.183920,0.000724
20914,1,0.183408,0.000700
20915,1,0.182900,0.000677
20916,1,0.182396,0.000655
20917,1,0.181896,0.000633
20918,1,0.181399,0.000611
20919,1,0.180906,0.000590
20920,1,0.180417,0.000570
20921,1,0.179931,0.000550
20922,1,0.179449,0.000531
20923,1,0.178970,0.000512
20924,1,0.178495,0.000494
20925,1,0.178023,0.000477
20926,1,0.177555,0.000460
20927,1,0.177090,0.000443
20928,1,0.176629,0.000427
20929,1,0.176170,0.000411
20930,1,0.175715,0.000396
20931,1,0.175263,0.000382
20932,1,0.174815,0.000367
20933,1,0.174369,0.000354
20934,1,0.173926,0.000340
20935,1,0.173487,0.000328
20936,1,0.173051,0.000315
20937,1,0.172617,0.000303
20938,1,0.172187,0.000291
20939,1,0.171759,0.000280
20940,1,0.171334,0.000269
20941,1,0.170913,0.000259
20942,1,0.170494,0.000249
20943,1,0.170077,0.000239
20944,1,0.169664,0.000230
20945,1,0.169253,0.000220
20946,1,0.168845,0.000212
20947,1,0.168440,0.000203
20948,1,0.168037,0.000195
20949,1,0.167637,0.000187
20950,1,0.167239,0.000180
20951,1,0.166845,0.000172
20952,1,0.166452,0.000165
20953,1,0.166062,0.000158
20954,1,0.165675,0.000152
20955,1,0.165290,0.000146
20956,1,0.164907,0.000140
20957,1,0.164527,0.000134
20958,1,0.164149,0.000128
20959,1,0.163774,0.000123
20960,1,0.163401,0.000118
20961,1,0.163030,0.000113
20962,1,0.162661,0.000108
20963,1,0.162295,0.000103
20964,0,0.161931,0.000083
20965,1,0.162420,0.000066
20966,1,0.162827,0.000053
20967,1,0.163160,0.000042
20968,1,0.163425,0.000034
20969,1,0.163629,0.000027
20970,1,0.163777,0.000022
20971,1,0.163875,0.000017
20972,1,0.163928,0.000014
20973,1,0.163941,0.000011
20974,1,0.163917,0.000009
20975,1,0.163860,0.000040
20976,1,0.163773,0.000165
20977,1,0.163660,0.000343
20978,1,0.163523,0.000544
20979,1,0.163364,0.000750
20980,1,0.163187,0.000946
20981,1,0.162992,0.001125
20982,1,0.162782,0.001282
20983,1,0.162559,0.001415
20984,1,0.162323,0.001523
20985,1,0.162077,0.001609
20986,1,0.161821,0.001673
20987,1,0.161557,0.001718
20988,0,0.161286,0.001374
20989,1,0.161818,0.001099
20990,1,0.162264,0.000880
20991,1,0.162633,0.000704
20992,1,0.162932,0.000563
20993,1,0.163167,0.000450
20994,1,0.163345,0.000360
20995,1,0.163471,0.000288
20996,1,0.163550,0.000231
20997,1,0.163586,0.000209
20998,1,0.163585,0.000338
20999,1,0.163549,0.000556
21000,1,0.163483,0.000821
21001,1,0.163389,0.001102
21002,1,0.163270,0.001378
21003,1,0.163129,0.001636
21004,1,0.162967,0.001869
21005,1,0.162788,0.002072
21006,1,0.162593,0.002244
21007,1,0.162384,0.002386
21008,1,0.162161,0.002498
21009,1,0.161928,0.002584
21010,1,0.161684,0.002646
21011,1,0.161432,0.002687
21012,1,0.161171,0.002710
21013,1,0.160904,0.002717
21014,1,0.160630,0.002712
21015,1,0.160351,0.002697
21016,1,0.160067,0.002674
21017,1,0.159778,0.002644
21018,1,0.159487,0.002609
21019,1,0.159192,0.002570
21020,0,0.158894,0.002056
21021,1,0.159375,0.001645
21022,1,0.159778,0.001316
21023,1,0.160108,0.001053
21024,1,0.160374,0.000842
21025,1,0.160581,0.000674
21026,1,0.160734,0.000539
21027,1,0.160840,0.000431
21028,1,0.160903,0.000345
21029,1,0.160927,0.000411
21030,1,0.160915,0.000610
21031,1,0.160872,0.000883
21032,1,0.160801,0.001190
21033,1,0.160703,0.001504
21034,1,0.160583,0.001805
21035,1,0.160443,0.002083
21036,1,0.160284,0.002329
21037,1,0.160108,0.002542
21038,1,0.159918,0.002720
21039,1,0.159714,0.002864
21040,1,0.159499,0.002977
21041,1,0.159273,0.003061
21042,1,0.159038,0.003119
21043,1,0.158794,0.003155
21044,1,0.158543,0.003171
21045,1,0.158286,0.003171
21046,1,0.158023,0.003157
21047,1,0.157754,0.003132
21048,0,0.157482,0.002506
21049,1,0.157969,0.002005
21050,1,0.158377,0.001604
21051,1,0.158715,0.001283
21052,1,0.158987,0.001026
21053,1,0.159201,0.000821
21054,1,0.159363,0.000657
21055,1,0.159476,0.000526
21056,1,0.159547,0.000460
21057,1,0.159578,0.000585
21058,1,0.159575,0.000825
21059,1,0.159540,0.001127
21060,1,0.159477,0.001454
21061,1,0.159388,0.001780
21062,1,0.159277,0.002087
21063,1,0.159144,0.002367
21064,1,0.158994,0.002612
21065,1,0.158827,0.002822
21066,0,0.158645,0.002257
21067,1,0.159207,0.001806
21068,1,0.159683,0.001445
21069,1,0.160081,0.001156
21070,1,0.160409,0.000925
21071,1,0.160673,0.000740
21072,1,0.160879,0.000592
21073,1,0.161032,0.000473
21074,1,0.161139,0.000590
21075,1,0.161202,0.000852
21076,1,0.161228,0.001194
21077,1,0.161218,0.001571
21078,1,0.161178,0.001950
21079,1,0.161109,0.002311
21080,1,0.161016,0.002642
21081,1,0.160899,0.002934
21082,1,0.160762,0.003184
21083,1,0.160607,0.003393
21084,1,0.160435,0.003561
21085,1,0.160249,0.003692
21086,1,0.160049,0.003789
21087,1,0.159838,0.003856
21088,1,0.159616,0.003896
21089,1,0.159385,0.003914
21090,1,0.159145,0.003912
21091,1,0.158898,0.003895
21092,1,0.158644,0.003865
21093,1,0.158384,0.003824
21094,1,0.158119,0.003776
21095,1,0.157850,0.003721
21096,1,0.157576,0.003662
21097,1,0.157299,0.003599
21098,1,0.157019,0.003535
21099,1,0.156736,0.003470
21100,1,0.156451,0.003404
21101,1,0.156164,0.003339
21102,1,0.155876,0.003275
21103,1,0.155586,0.003212
21104,1,0.155295,0.003150
21105,1,0.155003,0.003089
21106,1,0.154710,0.003030
21107,1,0.154417,0.002972
21108,1,0.154123,0.002916
21109,1,0.153830,0.002861
21110,1,0.153536,0.002808
21111,1,0.153243,0.002756
21112,1,0.152950,0.002705
21113,1,0.152657,0.002655
21114,1,0.152364,0.002606
21115,1,0.152072,0.002558
21116,1,0.151781,0.002511
21117,1,0.151490,0.002465
21118,1,0.151200,0.002419
21119,1,0.150910,0.002373
21120,1,0.150622,0.002328
21121,1,0.150334,0.002284
21122,1,0.150047,0.002240
21123,1,0.149762,0.002196
21124,1,0.149477,0.002152
21125,1,0.149193,0.002108
21126,1,0.148910,0.002065
21127,1,0.148628,0.002022
21128,1,0.148348,0.001979
21129,1,0.148068,0.001937
21130,1,0.147790,0.001894
21131,1,0.147512,0.001852
21132,1,0.147236,0.001810
21133,1,0.146961,0.001768
21134,1,0.146687,0.001727
21135,1,0.146414,0.001686
21136,1,0.146143,0.001645
21137,1,0.145872,0.001604
21138,1,0.145603,0.001564
21139,1,0.145335,0.001524
21140,1,0.145068,0.001484
21141,1,0.144803,0.001445
21142,1,0.144538,0.001406
21143,1,0.144275,0.001368
21144,1,0.144013,0.001330
21145,1,0.143752,0.001293
21146,1,0.143492,0.001256
21147,1,0.143233,0.001220
21148,1,0.142976,0.001184
21149,1,0.142719,0.001149
21150,1,0.142464,0.001115
21151,1,0.142210,0.001081
21152,1,0.141957,0.001048
21153,1,0.141706,0.001015
21154,1,0.141455,0.000983
21155,1,0.141206,0.000952
21156,1,0.140957,0.000921
21157,1,0.140710,0.000891
21158,1,0.140464,0.000862
21159,1,0.140219,0.000833
21160,1,0.139975,0.000805
21161,1,0.139732,0.000778
21162,1,0.139491,0.000751
21163,1,0.139250,0.000725
21164,1,0.139011,0.000699
21165,1,0.138772,0.000675
21166,1,0.138535,0.000651
21167,1,0.138298,0.000627
21168,1,0.138063,0.000605
21169,1,0.137829,0.000582
21170,1,0.137596,0.000561
21171,1,0.137364,0.000540
21172,1,0.137132,0.000520
21173,1,0.136902,0.000500
21174,1,0.136673,0.000481
21175,1,0.136445,0.000463
21176,1,0.136218,0.000445
21177,1,0.135992,0.000428
21178,1,0.135767,0.000411
21179,1,0.135542,0.000395
21180,1,0.135319,0.000379
21181,1,0.135097,0.000364
21182,1,0.134875,0.000349
21183,1,0.134655,0.000335
21184,1,0.134436,0.000321
21185,1,0.134217,0.000308
21186,1,0.134000,0.000295
21187,1,0.133783,0.000283
21188,1,0.133567,0.000271
21189,1,0.133352,0.000260
21190,1,0.133138,0.000249
21191,1,0.132925,0.000238
21192,1,0.132713,0.000228
21193,1,0.132502,0.000218
21194,1,0.132291,0.000209
21195,1,0.132082,0.000200
21196,1,0.131873,0.000191
21197,1,0.131665,0.000183
21198,1,0.131459,0.000175
21199,1,0.131252,0.000167
21200,1,0.131047,0.000160
21201,1,0.130843,0.000152
21202,1,0.130639,0.000146
21203,1,0.130436,0.000139
21204,1,0.130234,0.000133
21205,1,0.130033,0.000127
21206,1,0.129833,0.000121
21207,1,0.129633,0.000115
21208,1,0.129435,0.000110
21209,1,0.129237,0.000105
21210,1,0.129040,0.000100
21211,1,0.128843,0.000095
21212,1,0.128648,0.000091
21213,1,0.128453,0.000086
21214,1,0.128259,0.000082
21215,1,0.128065,0.000078
21216,1,0.127873,0.000074
21217,1,0.127681,0.000071
21218,1,0.127490,0.000067
21219,1,0.127300,0.000064
21220,1,0.127110,0.000061
21221,1,0.126921,0.000058
21222,1,0.126733,0.000055
21223,1,0.126546,0.000052
21224,1,0.126359,0.000050
21225,1,0.126173,0.000047
21226,1,0.125988,0.000045
21227,1,0.125803,0.000043
21228,1,0.125619,0.000040
21229,1,0.125436,0.000038
21230,1,0.125254,0.000036
21231,1,0.125072,0.000034
21232,1,0.124891,0.000033
21233,1,0.124710,0.000031
21234,1,0.124531,0.000029
21235,1,0.124352,0.000028
21236,1,0.124173,0.000026
21237,1,0.123995,0.000025
21238,1,0.123818,0.000024
21239,1,0.123642,0.000022
21240,1,0.123466,0.000021
21241,1,0.123291,0.000020
21242,1,0.123116,0.000019
21243,1,0.122942,0.000018
21244,1,0.122769,0.000017
21245,1,0.122597,0.000016
21246,1,0.122425,0.000015
21247,1,0.122253,0.000014
21248,1,0.122082,0.000013
21249,1,0.121912,0.000013
21250,1,0.121743,0.000012
21251,1,0.121574,0.000011
21252,1,0.121405,0.000011
21253,1,0.121238,0.000010
21254,1,0.121071,0.000009
21255,1,0.120904,0.000009
21256,1,0.120738,0.000008
21257,1,0.120573,0.000008
21258,1,0.120408,0.000007
21259,1,0.120244,0.000007
21260,1,0.120080,0.000007
21261,1,0.119917,0.000006
21262,1,0.119754,0.000006
21263,1,0.119592,0.000005
21264,0,0.119431,0.000004
21265,1,0.119793,0.000003
21266,1,0.120104,0.000003
21267,1,0.120369,0.000002
21268,1,0.120592,0.000002
21269,1,0.120777,0.000001
21270,1,0.120928,0.000001
21271,1,0.121048,0.000001
21272,1,0.121140,0.000001
21273,1,0.121207,0.000001
21274,1,0.121251,0.000000
21275,1,0.121274,0.000003
21276,1,0.121279,0.000105
21277,1,0.121268,0.000264
21278,1,0.121241,0.000451
21279,1,0.121201,0.000645
21280,1,0.121149,0.000832
21281,1,0.121086,0.001005
21282,1,0.121013,0.001158
21283,1,0.120932,0.001289
21284,1,0.120842,0.001398
21285,1,0.120746,0.001485
21286,1,0.120643,0.001552
21287,1,0.120535,0.001600
21288,1,0.120421,0.001633
21289,1,0.120303,0.001653
21290,1,0.120182,0.001661
21291,1,0.120056,0.001660
21292,1,0.119927,0.001651
21293,1,0.119796,0.001636
21294,1,0.119662,0.001617
21295,1,0.119526,0.001594
21296,1,0.119388,0.001570
21297,1,0.119248,0.001544
21298,1,0.119106,0.001518
21299,1,0.118964,0.001491
21300,1,0.118820,0.001465
21301,1,0.118675,0.001440
21302,1,0.118529,0.001416
21303,1,0.118383,0.001392
21304,1,0.118236,0.001370
21305,1,0.118088,0.001349
21306,1,0.117940,0.001330
21307,1,0.117792,0.001311
21308,1,0.117644,0.001293
21309,1,0.117495,0.001276
21310,1,0.117346,0.001260
21311,1,0.117197,0.001245
21312,1,0.117048,0.001230
21313,1,0.116900,0.001216
21314,1,0.116751,0.001202
21315,1,0.116602,0.001188
21316,1,0.116453,0.001175
21317,1,0.116305,0.001162
21318,1,0.116157,0.001148
21319,1,0.116009,0.001135
21320,1,0.115861,0.001121
21321,1,0.115714,0.001107
21322,1,0.115567,0.001093
21323,1,0.115420,0.001079
21324,1,0.115273,0.001064
21325,1,0.115127,0.001049
21326,1,0.114981,0.001034
21327,1,0.114836,0.001018
21328,1,0.114690,0.001002
21329,1,0.114546,0.000986
21330,1,0.114401,0.000969
21331,1,0.114257,0.000952
21332,1,0.114113,0.000935
21333,1,0.113970,0.000918
21334,1,0.113827,0.000900
21335,1,0.113684,0.000882
21336,1,0.113542,0.000864
21337,1,0.113400,0.000845
21338,1,0.113259,0.000827
21339,1,0.113118,0.000808
21340,1,0.112978,0.000789
21341,1,0.112838,0.000770
21342,1,0.112698,0.000751
21343,1,0.112558,0.000733
21344,1,0.112420,0.000714
21345,1,0.112281,0.000695
21346,1,0.112143,0.000676
21347,1,0.112005,0.000658
21348,1,0.111868,0.000639
21349,1,0.111731,0.000621
21350,1,0.111595,0.000603
21351,1,0.111459,0.000585
21352,1,0.111323,0.000567
21353,1,0.111188,0.000549
21354,1,0.111053,0.000532
21355,1,0.110918,0.000515
21356,1,0.110784,0.000498
21357,1,0.110651,0.000482
21358,1,0.110517,0.000466
21359,1,0.110385,0.000450
21360,1,0.110252,0.000434
21361,1,0.110120,0.000419
21362,1,0.109988,0.000404
21363,1,0.109857,0.000390
21364,1,0.109726,0.000375
21365,1,0.109596,0.000361
21366,1,0.109466,0.000348
21367,1,0.109336,0.000335
21368,1,0.109207,0.000322
21369,1,0.109078,0.000309
21370,1,0.108949,0.000297
21371,1,0.108821,0.000285
21372,1,0.108693,0.000274
21373,1,0.108566,0.000263
21374,1,0.108438,0.000252
21375,1,0.108312,0.000242
21376,1,0.108185,0.000232
21377,1,0.108059,0.000222
21378,1,0.107934,0.000212
21379,1,0.107809,0.000203
21380,0,0.107684,0.000162
21381,1,0.108010,0.000130
21382,1,0.108292,0.000104
21383,1,0.108534,0.000083
21384,1,0.108740,0.000067
21385,1,0.108914,0.000053
21386,1,0.109058,0.000043
21387,1,0.109175,0.000034
21388,1,0.109268,0.000027
21389,1,0.109340,0.000022
21390,1,0.109391,0.000017
21391,1,0.109426,0.000023
21392,1,0.109444,0.000126
21393,1,0.109448,0.000284
21394,1,0.109439,0.000470
21395,1,0.109418,0.000662
21396,1,0.109387,0.000847
21397,1,0.109346,0.001018
21398,1,0.109297,0.001169
21399,1,0.109240,0.001298
21400,1,0.109177,0.001405
21401,1,0.109107,0.001491
21402,0,0.109032,0.001193
21403,1,0.109394,0.000954
21404,1,0.109709,0.000764
21405,1,0.109981,0.000611
21406,1,0.110213,0.000489
21407,1,0.110410,0.000391
21408,1,0.110576,0.000313
21409,1,0.110712,0.000250
21410,1,0.110822,0.000200
21411,1,0.110909,0.000175
21412,1,0.110975,0.000299
21413,1,0.111021,0.000512
21414,1,0.111050,0.000772
21415,1,0.111064,0.001049
21416,1,0.111064,0.001322
21417,1,0.111051,0.001579
21418,1,0.111026,0.001812
21419,1,0.110991,0.002017
21420,0,0.110947,0.001613
21421,1,0.111339,0.001291
21422,1,0.111679,0.001033
21423,1,0.111974,0.000826
21424,1,0.112228,0.000661
21425,1,0.112444,0.000529
21426,1,0.112625,0.000423
21427,1,0.112777,0.000338
21428,1,0.112900,0.000353
21429,1,0.112999,0.000537
21430,1,0.113074,0.000821
21431,1,0.113130,0.001156
21432,1,0.113167,0.001507
21433,1,0.113187,0.001851
21434,1,0.113192,0.002173
21435,1,0.113184,0.002464
21436,1,0.113164,0.002720
21437,1,0.113132,0.002939
21438,1,0.113091,0.003122
21439,1,0.113041,0.003271
21440,1,0.112982,0.003388
21441,1,0.112916,0.003477
21442,1,0.112844,0.003542
21443,1,0.112766,0.003585
21444,1,0.112682,0.003610
21445,1,0.112593,0.003619
21446,1,0.112500,0.003616
21447,1,0.112404,0.003602
21448,1,0.112303,0.003580
21449,1,0.112200,0.003552
21450,1,0.112093,0.003518
21451,1,0.111984,0.003481
21452,1,0.111873,0.003441
21453,1,0.111759,0.003399
21454,1,0.111644,0.003356
21455,1,0.111527,0.003312
21456,1,0.111408,0.003268
21457,1,0.111288,0.003223
21458,1,0.111167,0.003179
21459,1,0.111045,0.003135
21460,1,0.110922,0.003091
21461,1,0.110798,0.003047
21462,1,0.110673,0.003003
21463,1,0.110548,0.002960
21464,1,0.110422,0.002917
21465,1,0.110295,0.002874
21466,1,0.110169,0.002831
21467,1,0.110041,0.002788
21468,1,0.109914,0.002745
21469,1,0.109786,0.002702
21470,1,0.109659,0.002659
21471,1,0.109531,0.002615
21472,1,0.109403,0.002571
21473,1,0.109275,0.002527
21474,1,0.109147,0.002483
21475,1,0.109019,0.002438
21476,1,0.108891,0.002393
21477,1,0.108763,0.002347
21478,1,0.108635,0.002301
21479,1,0.108507,0.002255
21480,1,0.108379,0.002209
21481,1,0.108252,0.002162
21482,1,0.108125,0.002115
21483,1,0.107998,0.002068
21484,1,0.107871,0.002021
21485,1,0.107744,0.001974
21486,1,0.107618,0.001926
21487,1,0.107492,0.001879
21488,1,0.107366,0.001832
21489,1,0.107240,0.001785
21490,1,0.107115,0.001738
21491,1,0.106989,0.001692
21492,1,0.106865,0.001646
21493,1,0.106740,0.001600
21494,1,0.106616,0.001554
21495,1,0.106492,0.001509
21496,1,0.106368,0.001464
21497,1,0.106245,0.001420
21498,1,0.106122,0.001377
21499,1,0.105999,0.001334
21500,1,0.105877,0.001291
21501,1,0.105755,0.001250
21502,1,0.105633,0.001209
21503,1,0.105511,0.001169
21504,1,0.105390,0.001129
21505,1,0.105269,0.001090
21506,1,0.105149,0.001052
21507,1,0.105029,0.001015
21508,1,0.104909,0.000979
21509,1,0.104789,0.000943
21510,1,0.104670,0.000908
21511,1,0.104551,0.000875
21512,1,0.104432,0.000842
21513,1,0.104314,0.000809
21514,1,0.104196,0.000778
21515,1,0.104079,0.000747
21516,1,0.103961,0.000718
21517,1,0.103844,0.000689
21518,1,0.103728,0.000661
21519,1,0.103611,0.000634
21520,1,0.103495,0.000608
21521,1,0.103380,0.000582
21522,1,0.103264,0.000558
21523,1,0.103149,0.000534
21524,1,0.103034,0.000511
21525,1,0.102920,0.000488
21526,1,0.102806,0.000467
21527,1,0.102692,0.000446
21528,1,0.102579,0.000426
21529,1,0.102465,0.000406
21530,1,0.102352,0.000388
21531,1,0.102240,0.000370
21532,1,0.102128,0.000353
21533,0,0.102016,0.000282
21534,1,0.102331,0.000226
21535,1,0.102604,0.000180
21536,1,0.102840,0.000144
21537,1,0.103042,0.000116
21538,1,0.103213,0.000092
21539,1,0.103356,0.000074
21540,1,0.103473,0.000059
21541,1,0.103568,0.000047
21542,1,0.103642,0.000038
21543,1,0.103698,0.000030
21544,1,0.103736,0.000038
21545,1,0.103760,0.000142
21546,1,0.103770,0.000301
21547,1,0.103767,0.000486
21548,1,0.103754,0.000677
21549,1,0.103731,0.000861
21550,1,0.103699,0.001030
21551,1,0.103658,0.001179
21552,1,0.103611,0.001307
21553,1,0.103557,0.001413
21554,1,0.103497,0.001498
21555,1,0.103432,0.001564
21556,1,0.103362,0.001612
21557,1,0.103288,0.001645
21558,1,0.103210,0.001665
21559,1,0.103129,0.001674
21560,1,0.103045,0.001675
21561,1,0.102958,0.001668
21562,1,0.102869,0.001656
21563,1,0.102778,0.001640
21564,1,0.102684,0.001621
21565,1,0.102589,0.001600
21566,1,0.102492,0.001578
21567,1,0.102395,0.001555
21568,1,0.102295,0.001533
21569,1,0.102195,0.001511
21570,1,0.102094,0.001489
21571,1,0.101992,0.001469
21572,1,0.101889,0.001449
21573,1,0.101786,0.001430
21574,1,0.101682,0.001412
21575,1,0.101578,0.001396
21576,1,0.101473,0.001380
21577,1,0.101368,0.001364
21578,1,0.101263,0.001350
21579,1,0.101157,0.001336
21580,1,0.101052,0.001322
21581,1,0.100946,0.001309
21582,1,0.100840,0.001296
21583,1,0.100734,0.001283
21584,1,0.100628,0.001270
21585,1,0.100522,0.001257
21586,1,0.100416,0.001244
21587,1,0.100310,0.001231
21588,1,0.100204,0.001217
21589,1,0.100098,0.001203
21590,1,0.099992,0.001188
21591,1,0.099887,0.001173
21592,1,0.099781,0.001158
21593,1,0.099676,0.001142
21594,1,0.099570,0.001125
21595,1,0.099465,0.001108
21596,1,0.099361,0.001091
21597,1,0.099256,0.001073
21598,1,0.099151,0.001054
21599,1,0.099047,0.001036
21600,1,0.098943,0.001017
21601,1,0.098839,0.000997
21602,1,0.098735,0.000977
21603,1,0.098632,0.000957
21604,1,0.098528,0.000936
21605,1,0.098425,0.000916
21606,1,0.098323,0.000895
21607,0,0.098220,0.000716
21608,1,0.098524,0.000573
21609,1,0.098788,0.000458
21610,1,0.099016,0.000366
21611,1,0.099212,0.000293
21612,1,0.099378,0.000235
21613,1,0.099518,0.000188
21614,1,0.099634,0.000150
21615,1,0.099728,0.000120
21616,1,0.099802,0.000096
21617,1,0.099859,0.000077
21618,1,0.099899,0.000150
21619,1,0.099926,0.000304
21620,1,0.099939,0.000499
21621,1,0.099940,0.000711
21622,1,0.099931,0.000921
21623,1,0.099913,0.001118
21624,1,0.099886,0.001295
21625,1,0.099852,0.001448
21626,1,0.099810,0.001578
21627,1,0.099762,0.001683
21628,1,0.099709,0.001766
21629,1,0.099651,0.001828
21630,1,0.099588,0.001872
21631,1,0.099522,0.001900
21632,1,0.099451,0.001915
21633,1,0.099378,0.001919
21634,1,0.099301,0.001913
21635,1,0.099222,0.001901
21636,1,0.099140,0.001883
21637,1,0.099057,0.001860
21638,1,0.098972,0.001835
21639,1,0.098885,0.001809
21640,1,0.098796,0.001781
21641,1,0.098706,0.001752
21642,1,0.098615,0.001724
21643,1,0.098523,0.001697
21644,1,0.098430,0.001670
21645,1,0.098336,0.001644
21646,1,0.098242,0.001619
21647,1,0.098147,0.001595
21648,1,0.098051,0.001573
21649,1,0.097955,0.001551
21650,1,0.097858,0.001530
21651,1,0.097762,0.001510
21652,1,0.097664,0.001491
21653,1,0.097567,0.001472
21654,1,0.097469,0.001454
21655,1,0.097372,0.001437
21656,1,0.097274,0.001419
21657,1,0.097176,0.001402
21658,1,0.097078,0.001385
21659,1,0.096980,0.001368
21660,1,0.096882,0.001350
21661,1,0.096784,0.001333
21662,1,0.096686,0.001315
21663,1,0.096588,0.001297
21664,1,0.096490,0.001279
21665,1,0.096392,0.001260
21666,1,0.096295,0.001241
21667,1,0.096197,0.001222
21668,1,0.096100,0.001202
21669,1,0.096002,0.001181
21670,1,0.095905,0.001161
21671,1,0.095808,0.001139
21672,1,0.095711,0.001118
21673,1,0.095615,0.001096
21674,1,0.095518,0.001074
21675,1,0.095422,0.001052
21676,1,0.095326,0.001029
21677,1,0.095230,0.001006
21678,1,0.095134,0.000983
21679,1,0.095038,0.000959
21680,1,0.094943,0.000936
21681,1,0.094848,0.000913
21682,1,0.094753,0.000889
21683,1,0.094658,0.000865
21684,1,0.094563,0.000842
21685,1,0.094469,0.000819
21686,1,0.094375,0.000795
21687,1,0.094281,0.000772
21688,1,0.094187,0.000749
21689,1,0.094093,0.000726
21690,1,0.094000,0.000703
21691,1,0.093907,0.000681
21692,1,0.093814,0.000659
21693,1,0.093721,0.000637
21694,1,0.093629,0.000616
21695,1,0.093536,0.000594
21696,1,0.093444,0.000574
21697,1,0.093353,0.000553
21698,1,0.093261,0.000533
21699,1,0.093169,0.000514
21700,1,0.093078,0.000494
21701,1,0.092987,0.000476
21702,1,0.092896,0.000457
21703,1,0.092806,0.000439
21704,1,0.092716,0.000422
21705,1,0.092625,0.000405
21706,1,0.092535,0.000388
21707,1,0.092446,0.000372
21708,1,0.092356,0.000357
21709,1,0.092267,0.000341
21710,1,0.092178,0.000327
21711,1,0.092089,0.000312
21712,1,0.092000,0.000298
21713,1,0.091912,0.000285
21714,1,0.091823,0.000272
21715,1,0.091735,0.000260
21716,1,0.091647,0.000248
21717,1,0.091560,0.000236
21718,1,0.091472,0.000225
21719,1,0.091385,0.000214
21720,1,0.091298,0.000203
21721,1,0.091211,0.000193
21722,1,0.091124,0.000184
21723,1,0.091038,0.000174
21724,1,0.090951,0.000166
21725,1,0.090865,0.000157
21726,1,0.090779,0.000149
21727,1,0.090694,0.000141
21728,1,0.090608,0.000133
21729,1,0.090523,0.000126
21730,1,0.090438,0.000119
21731,1,0.090353,0.000112
21732,1,0.090268,0.000105
21733,1,0.090183,0.000098
21734,1,0.090099,0.000092
21735,1,0.090015,0.000086
21736,1,0.089931,0.000080
21737,1,0.089847,0.000075
21738,1,0.089764,0.000069
21739,1,0.089680,0.000064
21740,1,0.089597,0.000060
21741,1,0.089514,0.000055
21742,1,0.089431,0.000051
21743,1,0.089348,0.000047
21744,1,0.089266,0.000044
21745,1,0.089183,0.000040
21746,1,0.089101,0.000037
21747,1,0.089019,0.000034
21748,1,0.088938,0.000031
21749,1,0.088856,0.000029
21750,1,0.088775,0.000027
21751,1,0.088693,0.000024
21752,1,0.088612,0.000022
21753,1,0.088532,0.000021
21754,1,0.088451,0.000019
21755,1,0.088370,0.000017
21756,1,0.088290,0.000016
21757,1,0.088210,0.000015
21758,1,0.088130,0.000014
21759,1,0.088050,0.000013
21760,1,0.087970,0.000012
21761,1,0.087891,0.000011
21762,1,0.087812,0.000010
21763,1,0.087732,0.000009
21764,1,0.087653,0.000009
21765,1,0.087575,0.000008
21766,1,0.087496,0.000008
21767,1,0.087418,0.000007
21768,1,0.087339,0.000007
21769,1,0.087261,0.000006
21770,1,0.087183,0.000006
21771,1,0.087105,0.000006
21772,1,0.087028,0.000005
21773,1,0.086950,0.000005
21774,1,0.086873,0.000005
21775,1,0.086796,0.000005
21776,1,0.086719,0.000004
21777,1,0.086642,0.000004
21778,1,0.086565,0.000004
21779,1,0.086489,0.000004
21780,1,0.086413,0.000004
21781,1,0.086336,0.000004
21782,1,0.086260,0.000003
21783,1,0.086185,0.000003
21784,1,0.086109,0.000003
21785,1,0.086033,0.000003
21786,1,0.085958,0.000003
21787,1,0.085883,0.000003
21788,1,0.085808,0.000003
21789,1,0.085733,0.000003
21790,1,0.085658,0.000003
21791,0,0.085583,0.000002
21792,1,0.085850,0.000002
21793,1,0.086083,0.000001
21794,1,0.086286,0.000001
21795,1,0.086462,0.000001
21796,1,0.086613,0.000001
21797,1,0.086742,0.000001
21798,1,0.086851,0.000000
21799,1,0.086941,0.000000
21800,1,0.087015,0.000000
21801,1,0.087074,0.000000
21802,1,0.087120,0.000000
21803,1,0.087153,0.000056
21804,1,0.087176,0.000177
21805,1,0.087189,0.000333
21806,1,0.087193,0.000503
21807,1,0.087190,0.000671
21808,1,0.087179,0.000830
21809,1,0.087161,0.000973
21810,1,0.087138,0.001099
21811,1,0.087110,0.001206
21812,1,0.087076,0.001294
21813,1,0.087039,0.001366
21814,1,0.086998,0.001422
21815,1,0.086953,0.001464
21816,1,0.086906,0.001495
21817,1,0.086855,0.001516
21818,1,0.086803,0.001529
21819,1,0.086747,0.001535
21820,1,0.086690,0.001536
21821,1,0.086632,0.001534
21822,1,0.086571,0.001529
21823,1,0.086509,0.001522
21824,1,0.086446,0.001514
21825,1,0.086381,0.001505
21826,1,0.086316,0.001495
21827,1,0.086250,0.001486
21828,1,0.086182,0.001477
21829,1,0.086114,0.001469
21830,1,0.086046,0.001460
21831,1,0.085977,0.001452
21832,1,0.085907,0.001445
21833,1,0.085837,0.001438
21834,1,0.085766,0.001431
21835,1,0.085695,0.001424
21836,1,0.085624,0.001417
21837,1,0.085553,0.001409
21838,1,0.085481,0.001402
21839,1,0.085409,0.001394
21840,1,0.085337,0.001386
21841,1,0.085265,0.001377
21842,1,0.085193,0.001368
21843,1,0.085121,0.001358
21844,1,0.085048,0.001347
21845,1,0.084976,0.001335
21846,1,0.084903,0.001322
21847,1,0.084831,0.001309
21848,1,0.084758,0.001295
21849,1,0.084686,0.001279
21850,1,0.084613,0.001263
21851,1,0.084541,0.001246
21852,1,0.084469,0.001228
21853,1,0.084396,0.001210
21854,1,0.084324,0.001190
21855,1,0.084252,0.001170
21856,1,0.084180,0.001149
21857,1,0.084108,0.001128
21858,1,0.084036,0.001106
21859,1,0.083964,0.001083
21860,1,0.083892,0.001060
21861,1,0.083821,0.001036
21862,1,0.083749,0.001012
21863,1,0.083678,0.000988
21864,1,0.083606,0.000963
21865,1,0.083535,0.000938
21866,1,0.083464,0.000913
21867,1,0.083393,0.000888
21868,1,0.083322,0.000863
21869,1,0.083251,0.000838
21870,1,0.083181,0.000813
21871,1,0.083110,0.000788
21872,1,0.083040,0.000763
21873,1,0.082970,0.000738
21874,1,0.082900,0.000714
21875,1,0.082830,0.000690
21876,1,0.082760,0.000666
21877,1,0.082690,0.000642
21878,1,0.082621,0.000619
21879,1,0.082551,0.000596
21880,1,0.082482,0.000574
21881,1,0.082413,0.000552
21882,1,0.082344,0.000530
21883,1,0.082275,0.000509
21884,1,0.082206,0.000488
21885,1,0.082137,0.000468
21886,1,0.082069,0.000448
21887,1,0.082000,0.000429
21888,1,0.081932,0.000411
21889,1,0.081864,0.000392
21890,1,0.081796,0.000375
21891,1,0.081728,0.000358
21892,1,0.081660,0.000341
21893,1,0.081593,0.000325
21894,1,0.081525,0.000310
21895,1,0.081458,0.000295
21896,1,0.081391,0.000280
21897,1,0.081324,0.000266
21898,1,0.081257,0.000252
21899,1,0.081190,0.000238
21900,1,0.081123,0.000224
21901,1,0.081056,0.000211
21902,1,0.080990,0.000198
21903,1,0.080924,0.000186
21904,1,0.080857,0.000174
21905,1,0.080791,0.000163
21906,1,0.080725,0.000151
21907,1,0.080660,0.000141
21908,1,0.080594,0.000131
21909,1,0.080528,0.000122
21910,1,0.080463,0.000113
21911,1,0.080397,0.000104
21912,1,0.080332,0.000096
21913,1,0.080267,0.000089
21914,1,0.080202,0.000082
21915,1,0.080137,0.000076
21916,1,0.080073,0.000070
21917,1,0.080008,0.000064
21918,1,0.079944,0.000059
21919,1,0.079879,0.000054
21920,1,0.079815,0.000050
21921,1,0.079751,0.000046
21922,1,0.079687,0.000042
21923,1,0.079623,0.000039
21924,1,0.079559,0.000036
21925,1,0.079495,0.000033
21926,1,0.079432,0.000031
21927,1,0.079369,0.000028
21928,1,0.079305,0.000026
21929,1,0.079242,0.000024
21930,1,0.079179,0.000023
21931,1,0.079116,0.000021
21932,1,0.079053,0.000020
21933,1,0.078991,0.000018
21934,1,0.078928,0.000017
21935,1,0.078865,0.000016
21936,1,0.078803,0.000015
21937,1,0.078741,0.000014
21938,1,0.078679,0.000014
21939,1,0.078617,0.000013
21940,1,0.078555,0.000012
21941,1,0.078493,0.000012
21942,1,0.078431,0.000011
21943,1,0.078370,0.000011
21944,1,0.078308,0.000010
21945,1,0.078247,0.000010
21946,1,0.078186,0.000009
21947,1,0.078125,0.000009
21948,1,0.078064,0.000009
21949,1,0.078003,0.000008
21950,1,0.077942,0.000008
21951,1,0.077881,0.000008
21952,1,0.077821,0.000008
21953,1,0.077760,0.000007
21954,1,0.077700,0.000007
21955,1,0.077639,0.000007
21956,1,0.077579,0.000007
21957,1,0.077519,0.000006
21958,1,0.077459,0.000006
21959,1,0.077399,0.000006
21960,1,0.077340,0.000006
21961,1,0.077280,0.000006
21962,1,0.077221,0.000006
21963,1,0.077161,0.000005
21964,0,0.077102,0.000004
21965,1,0.077344,0.000003
21966,1,0.077557,0.000003
21967,1,0.077743,0.000002
21968,1,0.077905,0.000002
21969,1,0.078046,0.000001
21970,1,0.078166,0.000001
21971,1,0.078269,0.000001
21972,1,0.078356,0.000001
21973,1,0.078428,0.000001
21974,1,0.078487,0.000000
21975,1,0.078534,0.000000
21976,1,0.078571,0.000035
21977,1,0.078598,0.000139
21978,1,0.078616,0.000281
21979,1,0.078627,0.000440
21980,1,0.078630,0.000600
21981,1,0.078627,0.000752
21982,1,0.078619,0.000892
21983,1,0.078605,0.001015
21984,1,0.078586,0.001122
21985,1,0.078564,0.001211
21986,1,0.078538,0.001285
21987,1,0.078508,0.001345
21988,1,0.078475,0.001392
21989,1,0.078440,0.001428
21990,1,0.078402,0.001455
21991,1,0.078362,0.001475
21992,1,0.078320,0.001489
21993,1,0.078276,0.001498
21994,1,0.078230,0.001504
21995,1,0.078184,0.001507
21996,1,0.078135,0.001508
21997,1,0.078086,0.001508
21998,1,0.078035,0.001507
21999,1,0.077984,0.001506
22000,1,0.077931,0.001504
22001,1,0.077878,0.001503
22002,1,0.077825,0.001501
22003,1,0.077770,0.001500
22004,1,0.077715,0.001498
22005,1,0.077660,0.001497
22006,1,0.077604,0.001495
22007,1,0.077548,0.001493
22008,1,0.077491,0.001491
22009,1,0.077434,0.001488
22010,1,0.077377,0.001485
22011,1,0.077320,0.001481
22012,1,0.077262,0.001476
22013,1,0.077205,0.001470
22014,1,0.077147,0.001463
22015,1,0.077089,0.001455
22016,1,0.077031,0.001446
22017,1,0.076972,0.001435
22018,1,0.076914,0.001424
22019,1,0.076856,0.001411
22020,1,0.076797,0.001397
22021,1,0.076739,0.001382
22022,1,0.076681,0.001366
22023,1,0.076622,0.001348
22024,1,0.076564,0.001329
22025,1,0.076505,0.001310
22026,1,0.076447,0.001289
22027,1,0.076389,0.001267
22028,1,0.076330,0.001244
22029,1,0.076272,0.001221
22030,1,0.076214,0.001196
22031,1,0.076156,0.001171
22032,1,0.076098,0.001146
22033,1,0.076040,0.001119
22034,1,0.075982,0.001093
22035,1,0.075924,0.001065
22036,1,0.075866,0.001038
22037,1,0.075808,0.001010
22038,1,0.075750,0.000982
22039,1,0.075693,0.000954
22040,1,0.075635,0.000925
22041,1,0.075578,0.000897
22042,1,0.075520,0.000869
22043,1,0.075463,0.000841
22044,1,0.075406,0.000813
22045,1,0.075349,0.000785
22046,1,0.075292,0.000758
22047,1,0.075235,0.000730
22048,1,0.075178,0.000703
22049,1,0.075121,0.000677
22050,1,0.075064,0.000651
22051,1,0.075008,0.000625
22052,1,0.074951,0.000600
22053,1,0.074895,0.000575
22054,1,0.074838,0.000551
22055,1,0.074782,0.000528
22056,1,0.074726,0.000505
22057,1,0.074670,0.000482
22058,1,0.074614,0.000460
22059,1,0.074558,0.000439
22060,1,0.074502,0.000417
22061,1,0.074447,0.000396
22062,1,0.074391,0.000375
22063,1,0.074336,0.000354
22064,1,0.074280,0.000334
22065,1,0.074225,0.000314
22066,1,0.074170,0.000295
22067,1,0.074115,0.000276
22068,1,0.074060,0.000258
22069,1,0.074005,0.000240
22070,1,0.073950,0.000224
22071,1,0.073895,0.000208
22072,1,0.073841,0.000193
22073,1,0.073786,0.000179
22074,1,0.073732,0.000166
22075,1,0.073677,0.000153
22076,1,0.073623,0.000141
22077,1,0.073569,0.000130
22078,1,0.073515,0.000120
22079,1,0.073461,0.000111
22080,1,0.073407,0.000102
22081,1,0.073353,0.000094
22082,1,0.073299,0.000087
22083,1,0.073245,0.000080
22084,1,0.073192,0.000074
22085,1,0.073138,0.000068
22086,1,0.073085,0.000063
22087,1,0.073032,0.000058
22088,1,0.072978,0.000053
22089,1,0.072925,0.000049
22090,1,0.072872,0.000046
22091,1,0.072819,0.000043
22092,1,0.072766,0.000040
22093,1,0.072714,0.000037
22094,1,0.072661,0.000034
22095,1,0.072608,0.000032
22096,1,0.072556,0.000030
22097,1,0.072503,0.000028
22098,1,0.072451,0.000027
22099,1,0.072399,0.000025
22100,1,0.072346,0.000024
22101,1,0.072294,0.000023
22102,1,0.072242,0.000022
22103,1,0.072190,0.000021
22104,1,0.072139,0.000020
22105,1,0.072087,0.000019
22106,1,0.072035,0.000018
22107,1,0.071983,0.000017
22108,1,0.071932,0.000017
22109,1,0.071881,0.000016
22110,1,0.071829,0.000016
22111,1,0.071778,0.000015
22112,1,0.071727,0.000015
22113,1,0.071676,0.000014
22114,1,0.071625,0.000014
22115,1,0.071574,0.000013
22116,1,0.071523,0.000013
22117,1,0.071472,0.000013
22118,1,0.071421,0.000012
22119,1,0.071371,0.000012
22120,1,0.071320,0.000011
22121,1,0.071270,0.000011
22122,1,0.071219,0.000011
22123,1,0.071169,0.000010
22124,1,0.071119,0.000010
22125,1,0.071069,0.000010
22126,1,0.071019,0.000010
22127,1,0.070969,0.000009
22128,1,0.070919,0.000009
22129,1,0.070869,0.000009
22130,1,0.070819,0.000008
22131,1,0.070770,0.000008
22132,1,0.070720,0.000008
22133,1,0.070671,0.000008
22134,1,0.070621,0.000007
22135,1,0.070572,0.000007
22136,1,0.070522,0.000007
22137,1,0.070473,0.000006
22138,1,0.070424,0.000006
22139,1,0.070375,0.000006
22140,1,0.070326,0.000006
22141,1,0.070277,0.000006
22142,1,0.070228,0.000005
22143,1,0.070180,0.000005
22144,1,0.070131,0.000005
22145,1,0.070082,0.000005
22146,1,0.070034,0.000004
22147,1,0.069985,0.000004
22148,1,0.069937,0.000004
22149,1,0.069889,0.000004
22150,1,0.069841,0.000004
22151,1,0.069792,0.000003
22152,1,0.069744,0.000003
22153,1,0.069696,0.000003
22154,1,0.069648,0.000003
22155,1,0.069601,0.000003
22156,1,0.069553,0.000002
22157,1,0.069505,0.000002
22158,1,0.069457,0.000002
22159,1,0.069410,0.000002
22160,1,0.069362,0.000002
22161,1,0.069315,0.000002
22162,1,0.069268,0.000002
22163,1,0.069220,0.000001
22164,1,0.069173,0.000001
22165,1,0.069126,0.000001
22166,1,0.069079,0.000001
22167,1,0.069032,0.000001
22168,1,0.068985,0.000001
22169,1,0.068938,0.000001
22170,1,0.068892,0.000001
22171,1,0.068845,0.000001
22172,1,0.068798,0.000001
22173,1,0.068752,0.000001
22174,1,0.068705,0.000001
22175,1,0.068659,0.000001
22176,1,0.068612,0.000001
22177,1,0.068566,0.000000
22178,1,0.068520,0.000000
22179,1,0.068474,0.000000
22180,1,0.068428,0.000000
22181,1,0.068382,0.000000
22182,1,0.068336,0.000000
22183,1,0.068290,0.000000
22184,1,0.068244,0.000000
22185,1,0.068198,0.000000
22186,1,0.068153,0.000000
22187,1,0.068107,0.000000
22188,1,0.068061,0.000000
22189,1,0.068016,0.000000
22190,1,0.067971,0.000000
22191,1,0.067925,0.000000
22192,1,0.067880,0.000000
22193,1,0.067835,0.000000
22194,1,0.067790,0.000000
22195,1,0.067745,0.000000
22196,1,0.067700,0.000000
22197,1,0.067655,0.000000
22198,1,0.067610,0.000000
22199,1,0.067565,0.000000
22200,1,0.067520,0.000000
22201,1,0.067476,0.000000
22202,1,0.067431,0.000000
22203,1,0.067386,0.000000
22204,1,0.067342,0.000000
22205,1,0.067298,0.000000
22206,1,0.067253,0.000000
22207,1,0.067209,0.000000
22208,1,0.067165,0.000000
22209,1,0.067120,0.000000
22210,1,0.067076,0.000000
22211,1,0.067032,0.000000
22212,1,0.066988,0.000000
22213,1,0.066945,0.000000
22214,1,0.066901,0.000000
22215,1,0.066857,0.000000
22216,1,0.066813,0.000000
22217,1,0.066770,0.000000
22218,1,0.066726,0.000000
22219,1,0.066682,0.000000
22220,1,0.066639,0.000000
22221,1,0.066596,0.000000
22222,1,0.066552,0.000000
22223,1,0.066509,0.000000
22224,1,0.066466,0.000000
22225,1,0.066422,0.000000
22226,1,0.066379,0.000000
22227,1,0.066336,0.000000
22228,1,0.066293,0.000000
22229,1,0.066250,0.000000
22230,1,0.066208,0.000000
22231,1,0.066165,0.000000
22232,1,0.066122,0.000000
22233,1,0.066079,0.000000
22234,1,0.066037,0.000000
22235,1,0.065994,0.000000
22236,1,0.065952,0.000000
22237,1,0.065909,0.000000
22238,1,0.065867,0.000000
22239,1,0.065825,0.000000
22240,1,0.065782,0.000000
22241,1,0.065740,0.000000
22242,1,0.065698,0.000000
22243,1,0.065656,0.000000
22244,1,0.065614,0.000000
22245,1,0.065572,0.000000
22246,1,0.065530,0.000000
22247,1,0.065488,0.000000
22248,1,0.065446,0.000000
22249,1,0.065405,0.000000
22250,1,0.065363,0.000000
22251,1,0.065321,0.000000
22252,1,0.065280,0.000000
22253,1,0.065238,0.000000
22254,1,0.065197,0.000000
22255,1,0.065156,0.000000
22256,1,0.065114,0.000000
22257,1,0.065073,0.000000
22258,1,0.065032,0.000000
22259,1,0.064991,0.000000
22260,1,0.064949,0.000000
22261,1,0.064908,0.000000
22262,1,0.064867,0.000000
22263,1,0.064826,0.000000
22264,1,0.064786,0.000000
22265,1,0.064745,0.000000
22266,1,0.064704,0.000000
22267,1,0.064663,0.000000
22268,1,0.064623,0.000000
22269,1,0.064582,0.000000
22270,1,0.064541,0.000000
22271,1,0.064501,0.000000
22272,1,0.064461,0.000000
22273,1,0.064420,0.000000
22274,1,0.064380,0.000000
22275,1,0.064340,0.000000
22276,1,0.064299,0.000000
22277,1,0.064259,0.000000
22278,1,0.064219,0.000000
22279,1,0.064179,0.000000
22280,1,0.064139,0.000000
22281,1,0.064099,0.000000
22282,1,0.064059,0.000000
22283,1,0.064019,0.000000
22284,1,0.063980,0.000000
22285,1,0.063940,0.000000
22286,1,0.063900,0.000000
22287,1,0.063860,0.000000
22288,1,0.063821,0.000000
22289,1,0.063781,0.000000
22290,1,0.063742,0.000000
22291,1,0.063703,0.000000
22292,1,0.063663,0.000000
22293,1,0.063624,0.000000
22294,1,0.063585,0.000000
22295,1,0.063545,0.000000
22296,1,0.063506,0.000000
22297,1,0.063467,0.000000
22298,1,0.063428,0.000000
22299,1,0.063389,0.000000
22300,1,0.063350,0.000000
22301,1,0.063311,0.000000
22302,1,0.063272,0.000000
22303,1,0.063233,0.000000
22304,1,0.063195,0.000000
22305,1,0.063156,0.000000
22306,1,0.063117,0.000000
22307,1,0.063079,0.000000
22308,1,0.063040,0.000000
22309,1,0.063002,0.000000
22310,1,0.062963,0.000000
22311,1,0.062925,0.000000
22312,1,0.062887,0.000000
22313,1,0.062848,0.000000
22314,1,0.062810,0.000000
22315,1,0.062772,0.000000
22316,1,0.062734,0.000000
22317,1,0.062696,0.000000
22318,1,0.062658,0.000000
22319,1,0.062620,0.000000
22320,1,0.062582,0.000000
22321,1,0.062544,0.000000
22322,1,0.062506,0.000000
22323,1,0.062468,0.000000
22324,1,0.062430,0.000000
22325,1,0.062393,0.000000
22326,1,0.062355,0.000000
22327,1,0.062317,0.000000
22328,1,0.062280,0.000000
22329,1,0.062242,0.000000
22330,1,0.062205,0.000000
22331,1,0.062167,0.000000
22332,1,0.062130,0.000000
22333,1,0.062093,0.000000
22334,1,0.062055,0.000000
22335,1,0.062018,0.000000
22336,1,0.061981,0.000000
22337,1,0.061944,0.000000
22338,1,0.061907,0.000000
22339,1,0.061870,0.000000
22340,1,0.061833,0.000000
22341,1,0.061796,0.000000
22342,1,0.061759,0.000000
22343,1,0.061722,0.000000
22344,1,0.061685,0.000000
22345,1,0.061648,0.000000
22346,1,0.061612,0.000000
22347,1,0.061575,0.000000
22348,1,0.061539,0.000000
22349,1,0.061502,0.000000
22350,1,0.061465,0.000000
22351,1,0.061429,0.000000
22352,1,0.061392,0.000000
22353,1,0.061356,0.000000
22354,1,0.061320,0.000000
22355,1,0.061283,0.000000
22356,1,0.061247,0.000000
22357,1,0.061211,0.000000
22358,1,0.061175,0.000000
22359,1,0.061139,0.000000
22360,1,0.061103,0.000000
22361,1,0.061067,0.000000
22362,1,0.061031,0.000000
22363,1,0.060995,0.000000
22364,1,0.060959,0.000000
22365,1,0.060923,0.000000
22366,1,0.060887,0.000000
22367,1,0.060851,0.000000
22368,1,0.060816,0.000000
22369,1,0.060780,0.000000
22370,1,0.060744,0.000000
22371,1,0.060709,0.000000
22372,1,0.060673,0.000000
22373,1,0.060638,0.000000
22374,1,0.060602,0.000000
22375,1,0.060567,0.000000
22376,1,0.060532,0.000000
22377,1,0.060496,0.000000
22378,1,0.060461,0.000000
22379,1,0.060426,0.000000
22380,1,0.060391,0.000000
22381,1,0.060355,0.000000
22382,1,0.060320,0.000000
22383,1,0.060285,0.000000
22384,1,0.060250,0.000000
22385,1,0.060215,0.000000
22386,1,0.060180,0.000000
22387,1,0.060145,0.000000
22388,1,0.060111,0.000000
22389,1,0.060076,0.000000
22390,1,0.060041,0.000000
22391,1,0.060006,0.000000
22392,1,0.059972,0.000000
22393,1,0.059937,0.000000
22394,1,0.059902,0.000000
22395,1,0.059868,0.000000
22396,1,0.059833,0.000000
22397,1,0.059799,0.000000
22398,1,0.059764,0.000000
22399,1,0.059730,0.000000
22400,1,0.059696,0.000000
22401,1,0.059661,0.000000
22402,1,0.059627,0.000000
22403,1,0.059593,0.000000
22404,1,0.059559,0.000000
22405,1,0.059524,0.000000
22406,1,0.059490,0.000000
22407,1,0.059456,0.000000
22408,1,0.059422,0.000000
22409,1,0.059388,0.000000
22410,1,0.059354,0.000000
22411,1,0.059320,0.000000
22412,1,0.059287,0.000000
22413,1,0.059253,0.000000
22414,1,0.059219,0.000000
22415,1,0.059185,0.000000
22416,1,0.059152,0.000000
22417,1,0.059118,0.000000
22418,1,0.059084,0.000000
22419,1,0.059051,0.000000
22420,1,0.059017,0.000000
22421,1,0.058984,0.000000
22422,1,0.058950,0.000000
22423,1,0.058917,0.000000
22424,1,0.058883,0.000000
22425,1,0.058850,0.000000
22426,1,0.058817,0.000000
22427,1,0.058783,0.000000
22428,1,0.058750,0.000000
22429,1,0.058717,0.000000
22430,1,0.058684,0.000000
22431,1,0.058651,0.000000
22432,1,0.058618,0.000000
22433,1,0.058585,0.000000
22434,1,0.058552,0.000000
22435,1,0.058519,0.000000
22436,1,0.058486,0.000000
22437,1,0.058453,0.000000
22438,1,0.058420,0.000000
22439,1,0.058387,0.000000
22440,1,0.058355,0.000000
22441,1,0.058322,0.000000
22442,1,0.058289,0.000000
22443,1,0.058256,0.000000
22444,1,0.058224,0.000000
22445,1,0.058191,0.000000
22446,1,0.058159,0.000000
22447,1,0.058126,0.000000
22448,1,0.058094,0.000000
22449,1,0.058061,0.000000
22450,1,0.058029,0.000000
22451,1,0.057997,0.000000
22452,1,0.057964,0.000000
22453,1,0.057932,0.000000
22454,1,0.057900,0.000000
22455,1,0.057868,0.000000
22456,1,0.057835,0.000000
22457,1,0.057803,0.000000
22458,1,0.057771,0.000000
22459,1,0.057739,0.000000
22460,1,0.057707,0.000000
22461,1,0.057675,0.000000
22462,1,0.057643,0.000000
22463,1,0.057611,0.000000
22464,1,0.057579,0.000000
22465,1,0.057548,0.000000
22466,1,0.057516,0.000000
22467,1,0.057484,0.000000
22468,1,0.057452,0.000000
22469,1,0.057421,0.000000
22470,1,0.057389,0.000000
22471,1,0.057357,0.000000
22472,1,0.057326,0.000000
22473,1,0.057294,0.000000
22474,1,0.057263,0.000000
22475,1,0.057231,0.000000
22476,1,0.057200,0.000000
22477,1,0.057168,0.000000
22478,1,0.057137,0.000000
22479,1,0.057106,0.000000
22480,1,0.057074,0.000000
22481,1,0.057043,0.000000
22482,1,0.057012,0.000000
22483,1,0.056981,0.000000
22484,1,0.056950,0.000000
22485,1,0.056918,0.000000
22486,1,0.056887,0.000000
22487,1,0.056856,0.000000
22488,1,0.056825,0.000000
22489,1,0.056794,0.000000
22490,1,0.056763,0.000000
22491,1,0.056732,0.000000
22492,1,0.056701,0.000000
22493,1,0.056671,0.000000
22494,1,0.056640,0.000000
22495,1,0.056609,0.000000
22496,1,0.056578,0.000000
22497,1,0.056548,0.000000
22498,1,0.056517,0.000000
22499,1,0.056486,0.000000
22500,1,0.056456,0.000000
22501,1,0.056425,0.000000
22502,1,0.056395,0.000000
22503,1,0.056364,0.000000
22504,1,0.056334,0.000000
22505,0,0.056303,0.000000
22506,1,0.056486,0.000000
22507,1,0.056647,0.000000
22508,1,0.056791,0.000000
22509,1,0.056917,0.000000
22510,1,0.057027,0.000000
22511,1,0.057124,0.000000
22512,1,0.057208,0.000000
22513,1,0.057281,0.000000
22514,1,0.057344,0.000000
22515,1,0.057398,0.000000
22516,1,0.057443,0.000000
22517,1,0.057481,0.000000
22518,1,0.057512,0.000017
22519,1,0.057536,0.000090
22520,1,0.057556,0.000194
22521,1,0.057570,0.000313
22522,1,0.057580,0.000436
22523,1,0.057586,0.000557
22524,1,0.057589,0.000671
22525,1,0.057588,0.000776
22526,1,0.057584,0.000872
22527,1,0.057578,0.000959
22528,1,0.057569,0.001036
22529,1,0.057558,0.001106
22530,1,0.057545,0.001169
22531,1,0.057530,0.001227
22532,1,0.057513,0.001280
22533,1,0.057495,0.001328
22534,1,0.057476,0.001374
22535,1,0.057456,0.001417
22536,1,0.057434,0.001458
22537,1,0.057412,0.001497
22538,1,0.057388,0.001535
22539,1,0.057364,0.001571
22540,1,0.057339,0.001605
22541,1,0.057314,0.001638
22542,1,0.057288,0.001670
22543,1,0.057261,0.001699
22544,1,0.057234,0.001727
22545,1,0.057206,0.001753
22546,1,0.057178,0.001776
22547,1,0.057150,0.001798
22548,1,0.057121,0.001816
22549,1,0.057092,0.001832
22550,1,0.057063,0.001845
22551,1,0.057033,0.001854
22552,1,0.057004,0.001861
22553,1,0.056974,0.001865
22554,1,0.056944,0.001865
22555,1,0.056914,0.001863
22556,1,0.056883,0.001857
22557,1,0.056853,0.001848
22558,1,0.056822,0.001836
22559,1,0.056791,0.001821
22560,1,0.056761,0.001804
22561,1,0.056730,0.001783
22562,1,0.056699,0.001760
22563,1,0.056668,0.001734
22564,1,0.056637,0.001706
22565,1,0.056606,0.001676
22566,1,0.056575,0.001643
22567,1,0.056544,0.001609
22568,1,0.056513,0.001573
22569,1,0.056482,0.001536
22570,1,0.056451,0.001497
22571,1,0.056420,0.001457
22572,1,0.056389,0.001416
22573,1,0.056358,0.001374
22574,1,0.056327,0.001331
22575,1,0.056295,0.001286
22576,1,0.056264,0.001239
22577,1,0.056233,0.001190
22578,1,0.056202,0.001139
22579,1,0.056171,0.001087
22580,1,0.056140,0.001033
22581,1,0.056109,0.000979
22582,1,0.056079,0.000925
22583,1,0.056048,0.000872
22584,1,0.056017,0.000819
22585,1,0.055986,0.000767
22586,1,0.055955,0.000718
22587,1,0.055924,0.000669
22588,1,0.055893,0.000623
22589,1,0.055863,0.000579
22590,1,0.055832,0.000538
22591,1,0.055801,0.000498
22592,1,0.055771,0.000461
22593,1,0.055740,0.000427
22594,1,0.055709,0.000395
22595,1,0.055679,0.000365
22596,1,0.055648,0.000337
22597,1,0.055618,0.000311
22598,1,0.055587,0.000288
22599,1,0.055557,0.000266
22600,1,0.055527,0.000246
22601,1,0.055496,0.000228
22602,1,0.055466,0.000212
22603,1,0.055436,0.000197
22604,1,0.055405,0.000183
22605,1,0.055375,0.000171
22606,1,0.055345,0.000160
22607,1,0.055315,0.000150
22608,1,0.055285,0.000140
22609,1,0.055254,0.000132
22610,1,0.055224,0.000125
22611,1,0.055194,0.000118
22612,1,0.055164,0.000112
22613,1,0.055134,0.000107
22614,1,0.055104,0.000102
22615,1,0.055074,0.000098
22616,1,0.055045,0.000094
22617,1,0.055015,0.000090
22618,1,0.054985,0.000087
22619,1,0.054955,0.000084
22620,1,0.054925,0.000081
22621,1,0.054896,0.000078
22622,1,0.054866,0.000076
22623,1,0.054836,0.000073
22624,1,0.054807,0.000071
22625,1,0.054777,0.000069
22626,1,0.054748,0.000067
22627,1,0.054718,0.000065
22628,1,0.054689,0.000064
22629,1,0.054659,0.000062
22630,1,0.054630,0.000060
22631,1,0.054600,0.000058
22632,1,0.054571,0.000057
22633,1,0.054542,0.000055
22634,1,0.054512,0.000053
22635,1,0.054483,0.000052
22636,1,0.054454,0.000050
22637,1,0.054425,0.000048
22638,1,0.054396,0.000047
22639,1,0.054366,0.000045
22640,1,0.054337,0.000044
22641,1,0.054308,0.000042
22642,1,0.054279,0.000040
22643,1,0.054250,0.000039
22644,1,0.054221,0.000037
22645,1,0.054192,0.000035
22646,1,0.054163,0.000033
22647,1,0.054134,0.000032
22648,1,0.054106,0.000030
22649,1,0.054077,0.000028
22650,1,0.054048,0.000026
22651,1,0.054019,0.000025
22652,1,0.053990,0.000023
22653,1,0.053962,0.000022
22654,1,0.053933,0.000020
22655,1,0.053904,0.000019
22656,1,0.053876,0.000017
22657,1,0.053847,0.000016
22658,1,0.053819,0.000015
22659,1,0.053790,0.000014
22660,1,0.053762,0.000013
22661,1,0.053733,0.000012
22662,1,0.053705,0.000011
22663,1,0.053676,0.000010
22664,1,0.053648,0.000009
22665,1,0.053620,0.000008
22666,1,0.053591,0.000008
22667,1,0.053563,0.000007
22668,1,0.053535,0.000007
22669,1,0.053507,0.000006
22670,1,0.053479,0.000006
22671,1,0.053450,0.000005
22672,1,0.053422,0.000005
22673,1,0.053394,0.000005
22674,1,0.053366,0.000004
22675,1,0.053338,0.000004
22676,1,0.053310,0.000004
22677,1,0.053282,0.000004
22678,1,0.053254,0.000004
22679,1,0.053226,0.000003
22680,1,0.053198,0.000003
22681,1,0.053171,0.000003
22682,1,0.053143,0.000003
22683,1,0.053115,0.000003
22684,1,0.053087,0.000003
22685,1,0.053059,0.000003
22686,1,0.053032,0.000003
22687,1,0.053004,0.000002
22688,1,0.052976,0.000002
22689,1,0.052949,0.000002
22690,1,0.052921,0.000002
22691,1,0.052894,0.000002
22692,1,0.052866,0.000002
22693,1,0.052839,0.000002
22694,1,0.052811,0.000002
22695,1,0.052784,0.000002
22696,1,0.052756,0.000002
22697,1,0.052729,0.000002
22698,1,0.052701,0.000002
22699,1,0.052674,0.000002
22700,1,0.052647,0.000002
22701,1,0.052619,0.000002
22702,1,0.052592,0.000002
22703,1,0.052565,0.000002
22704,1,0.052538,0.000001
22705,1,0.052511,0.000001
22706,1,0.052484,0.000001
22707,1,0.052456,0.000001
22708,1,0.052429,0.000001
22709,1,0.052402,0.000001
22710,1,0.052375,0.000001
22711,1,0.052348,0.000001
22712,1,0.052321,0.000001
22713,1,0.052294,0.000001
22714,1,0.052267,0.000001
22715,1,0.052241,0.000001
22716,1,0.052214,0.000001
22717,1,0.052187,0.000001
22718,1,0.052160,0.000001
22719,1,0.052133,0.000001
22720,1,0.052106,0.000001
22721,1,0.052080,0.000001
22722,1,0.052053,0.000001
22723,1,0.052026,0.000000
22724,1,0.052000,0.000000
22725,1,0.051973,0.000000
22726,1,0.051947,0.000000
22727,1,0.051920,0.000000
22728,1,0.051893,0.000000
22729,1,0.051867,0.000000
22730,1,0.051840,0.000000
22731,1,0.051814,0.000000
22732,1,0.051788,0.000000
22733,1,0.051761,0.000000
22734,1,0.051735,0.000000
22735,1,0.051708,0.000000
22736,1,0.051682,0.000000
22737,1,0.051656,0.000000
22738,1,0.051630,0.000000
22739,1,0.051603,0.000000
22740,1,0.051577,0.000000
22741,1,0.051551,0.000000
22742,1,0.051525,0.000000
22743,1,0.051499,0.000000
22744,1,0.051472,0.000000
22745,1,0.051446,0.000000
22746,1,0.051420,0.000000
22747,1,0.051394,0.000000
22748,1,0.051368,0.000000
22749,1,0.051342,0.000000
22750,1,0.051316,0.000000
22751,1,0.051290,0.000000
22752,1,0.051265,0.000000
22753,1,0.051239,0.000000
22754,1,0.051213,0.000000
22755,1,0.051187,0.000000
22756,1,0.051161,0.000000
22757,1,0.051135,0.000000
22758,1,0.051110,0.000000
22759,1,0.051084,0.000000
22760,1,0.051058,0.000000
22761,1,0.051033,0.000000
22762,1,0.051007,0.000000
22763,1,0.050981,0.000000
22764,1,0.050956,0.000000
22765,1,0.050930,0.000000
22766,1,0.050905,0.000000
22767,1,0.050879,0.000000
22768,1,0.050854,0.000000
22769,1,0.050828,0.000000
22770,1,0.050803,0.000000
22771,1,0.050777,0.000000
22772,1,0.050752,0.000000
22773,1,0.050727,0.000000
22774,1,0.050701,0.000000
22775,1,0.050676,0.000000
22776,1,0.050651,0.000000
22777,1,0.050625,0.000000
22778,1,0.050600,0.000000
22779,1,0.050575,0.000000
22780,1,0.050550,0.000000
22781,1,0.050524,0.000000
22782,1,0.050499,0.000000
22783,0,0.050474,0.000000
22784,1,0.050645,0.000000
22785,1,0.050797,0.000000
22786,1,0.050932,0.000000
22787,1,0.051051,0.000000
22788,1,0.051156,0.000000
22789,1,0.051248,0.000000
22790,1,0.051329,0.000000
22791,1,0.051399,0.000000
22792,1,0.051460,0.000000
22793,1,0.051512,0.000000
22794,1,0.051557,0.000000
22795,1,0.051595,0.000000
22796,1,0.051627,0.000000
22797,1,0.051653,0.000036
22798,1,0.051674,0.000111
22799,1,0.051690,0.000209
22800,1,0.051703,0.000317
22801,1,0.051712,0.000428
22802,1,0.051717,0.000537
22803,1,0.051719,0.000642
22804,1,0.051719,0.000740
22805,1,0.051716,0.000833
22806,1,0.051711,0.000919
22807,1,0.051704,0.001000
22808,1,0.051695,0.001076
22809,1,0.051685,0.001148
22810,1,0.051673,0.001216
22811,1,0.051659,0.001281
22812,1,0.051645,0.001344
22813,1,0.051629,0.001404
22814,1,0.051612,0.001462
22815,1,0.051595,0.001519
22816,1,0.051576,0.001574
22817,1,0.051557,0.001626
22818,1,0.051537,0.001677
22819,1,0.051517,0.001725
22820,1,0.051495,0.001771
22821,1,0.051474,0.001814
22822,1,0.051452,0.001854
22823,1,0.051429,0.001891
22824,1,0.051406,0.001924
22825,1,0.051383,0.001954
22826,1,0.051359,0.001980
22827,1,0.051336,0.002002
22828,1,0.051312,0.002020
22829,1,0.051287,0.002034
22830,1,0.051263,0.002044
22831,1,0.051238,0.002050
22832,1,0.051213,0.002051
22833,1,0.051188,0.002048
22834,1,0.051163,0.002041
22835,1,0.051138,0.002030
22836,1,0.051112,0.002015
22837,1,0.051087,0.001996
22838,1,0.051061,0.001974
22839,1,0.051036,0.001948
22840,1,0.051010,0.001919
22841,1,0.050984,0.001887
22842,1,0.050958,0.001852
22843,1,0.050933,0.001814
22844,1,0.050907,0.001774
22845,1,0.050881,0.001732
22846,1,0.050855,0.001687
22847,1,0.050829,0.001639
22848,1,0.050803,0.001586
22849,1,0.050777,0.001529
22850,1,0.050751,0.001469
22851,1,0.050725,0.001405
22852,1,0.050699,0.001339
22853,1,0.050674,0.001272
22854,1,0.050648,0.001204
22855,1,0.050622,0.001136
22856,1,0.050596,0.001069
22857,1,0.050570,0.001003
22858,1,0.050544,0.000938
22859,1,0.050518,0.000876
22860,1,0.050492,0.000817
22861,1,0.050467,0.000759
22862,1,0.050441,0.000705
22863,1,0.050415,0.000654
22864,1,0.050389,0.000606
22865,1,0.050363,0.000561
22866,1,0.050338,0.000519
22867,1,0.050312,0.000480
22868,1,0.050286,0.000444
22869,1,0.050261,0.000411
22870,1,0.050235,0.000381
22871,1,0.050209,0.000353
22872,1,0.050184,0.000327
22873,1,0.050158,0.000304
22874,1,0.050133,0.000283
22875,1,0.050107,0.000264
22876,1,0.050082,0.000246
22877,1,0.050056,0.000231
22878,1,0.050031,0.000217
22879,1,0.050005,0.000204
22880,1,0.049980,0.000193
22881,1,0.049955,0.000183
22882,1,0.049929,0.000173
22883,1,0.049904,0.000165
22884,1,0.049879,0.000158
22885,1,0.049853,0.000151
22886,1,0.049828,0.000145
22887,1,0.049803,0.000139
22888,1,0.049778,0.000134
22889,1,0.049752,0.000129
22890,1,0.049727,0.000125
22891,1,0.049702,0.000121
22892,1,0.049677,0.000118
22893,1,0.049652,0.000114
22894,1,0.049627,0.000111
22895,1,0.049602,0.000108
22896,1,0.049577,0.000105
22897,1,0.049552,0.000102
22898,1,0.049527,0.000099
22899,1,0.049502,0.000096
22900,1,0.049477,0.000094
22901,1,0.049452,0.000091
22902,1,0.049427,0.000088
22903,1,0.049402,0.000086
22904,1,0.049378,0.000083
22905,1,0.049353,0.000081
22906,1,0.049328,0.000078
22907,1,0.049303,0.000075
22908,1,0.049279,0.000073
22909,1,0.049254,0.000070
22910,1,0.049229,0.000067
22911,1,0.049205,0.000064
22912,1,0.049180,0.000061
22913,1,0.049155,0.000058
22914,1,0.049131,0.000055
22915,1,0.049106,0.000052
22916,1,0.049082,0.000048
22917,1,0.049057,0.000045
22918,1,0.049033,0.000043
22919,1,0.049008,0.000040
22920,1,0.048984,0.000037
22921,1,0.048959,0.000034
22922,1,0.048935,0.000032
22923,1,0.048911,0.000030
22924,1,0.048886,0.000027
22925,1,0.048862,0.000025
22926,1,0.048838,0.000023
22927,1,0.048814,0.000022
22928,1,0.048789,0.000020
22929,1,0.048765,0.000019
22930,1,0.048741,0.000017
22931,1,0.048717,0.000016
22932,1,0.048693,0.000015
22933,1,0.048668,0.000014
22934,1,0.048644,0.000013
22935,1,0.048620,0.000012
22936,1,0.048596,0.000011
22937,1,0.048572,0.000010
22938,1,0.048548,0.000010
22939,1,0.048524,0.000009
22940,1,0.048500,0.000009
22941,1,0.048476,0.000008
22942,1,0.048452,0.000008
22943,1,0.048428,0.000007
22944,1,0.048405,0.000007
22945,1,0.048381,0.000007
22946,1,0.048357,0.000006
22947,1,0.048333,0.000006
22948,1,0.048309,0.000006
22949,1,0.048286,0.000006
22950,1,0.048262,0.000005
22951,1,0.048238,0.000005
22952,1,0.048215,0.000005
22953,1,0.048191,0.000005
22954,1,0.048167,0.000005
22955,1,0.048144,0.000005
22956,1,0.048120,0.000005
22957,1,0.048096,0.000004
22958,1,0.048073,0.000004
22959,1,0.048049,0.000004
22960,1,0.048026,0.000004
22961,1,0.048002,0.000004
22962,1,0.047979,0.000004
22963,1,0.047956,0.000004
22964,1,0.047932,0.000004
22965,1,0.047909,0.000003
22966,1,0.047885,0.000003
22967,1,0.047862,0.000003
22968,1,0.047839,0.000003
22969,1,0.047815,0.000003
22970,1,0.047792,0.000003
22971,1,0.047769,0.000003
22972,1,0.047746,0.000003
22973,1,0.047722,0.000002
22974,1,0.047699,0.000002
22975,1,0.047676,0.000002
22976,1,0.047653,0.000002
22977,1,0.047630,0.000002
22978,1,0.047607,0.000002
22979,1,0.047584,0.000002
22980,1,0.047561,0.000002
22981,1,0.047537,0.000001
22982,1,0.047514,0.000001
22983,1,0.047491,0.000001
22984,1,0.047468,0.000001
22985,1,0.047445,0.000001
22986,1,0.047423,0.000001
22987,1,0.047400,0.000001
22988,1,0.047377,0.000001
22989,1,0.047354,0.000001
22990,1,0.047331,0.000001
22991,1,0.047308,0.000001
22992,1,0.047285,0.000001
22993,1,0.047263,0.000001
22994,1,0.047240,0.000001
22995,1,0.047217,0.000000
22996,1,0.047194,0.000000
22997,1,0.047172,0.000000
22998,1,0.047149,0.000000
22999,1,0.047126,0.000000
23000,1,0.047104,0.000000
23001,1,0.047081,0.000000
23002,1,0.047059,0.000000
23003,1,0.047036,0.000000
23004,1,0.047013,0.000000
23005,1,0.046991,0.000000
23006,1,0.046968,0.000000
23007,1,0.046946,0.000000
23008,1,0.046923,0.000000
23009,1,0.046901,0.000000
23010,1,0.046878,0.000000
23011,1,0.046856,0.000000
23012,1,0.046834,0.000000
23013,1,0.046811,0.000000
23014,1,0.046789,0.000000
23015,1,0.046767,0.000000
23016,1,0.046744,0.000000
23017,1,0.046722,0.000000
23018,1,0.046700,0.000000
23019,1,0.046678,0.000000
23020,1,0.046655,0.000000
23021,1,0.046633,0.000000
23022,1,0.046611,0.000000
23023,1,0.046589,0.000000
23024,1,0.046567,0.000000
23025,1,0.046544,0.000000
23026,1,0.046522,0.000000
23027,1,0.046500,0.000000
23028,1,0.046478,0.000000
23029,1,0.046456,0.000000
23030,1,0.046434,0.000000
23031,1,0.046412,0.000000
23032,1,0.046390,0.000000
23033,1,0.046368,0.000000
23034,1,0.046346,0.000000
23035,1,0.046324,0.000000
23036,1,0.046302,0.000000
23037,1,0.046281,0.000000
23038,1,0.046259,0.000000
23039,1,0.046237,0.000000
23040,1,0.046215,0.000000
23041,1,0.046193,0.000000
23042,1,0.046171,0.000000
23043,1,0.046150,0.000000
23044,1,0.046128,0.000000
23045,1,0.046106,0.000000
23046,1,0.046084,0.000000
23047,1,0.046063,0.000000
23048,1,0.046041,0.000000
23049,1,0.046019,0.000000
23050,1,0.045998,0.000000
23051,1,0.045976,0.000000
23052,1,0.045955,0.000000
23053,1,0.045933,0.000000
23054,1,0.045912,0.000000
23055,1,0.045890,0.000000
23056,1,0.045868,0.000000
23057,1,0.045847,0.000000
23058,1,0.045826,0.000000
23059,1,0.045804,0.000000
23060,1,0.045783,0.000000
23061,1,0.045761,0.000000
23062,1,0.045740,0.000000
23063,1,0.045718,0.000000
23064,1,0.045697,0.000000
23065,1,0.045676,0.000000
23066,1,0.045654,0.000000
23067,1,0.045633,0.000000
23068,1,0.045612,0.000000
23069,1,0.045591,0.000000
23070,1,0.045569,0.000000
23071,1,0.045548,0.000000
23072,1,0.045527,0.000000
23073,1,0.045506,0.000000
23074,1,0.045484,0.000000
23075,1,0.045463,0.000000
23076,1,0.045442,0.000000
23077,1,0.045421,0.000000
23078,1,0.045400,0.000000
23079,1,0.045379,0.000000
23080,1,0.045358,0.000000
23081,1,0.045337,0.000000
23082,1,0.045316,0.000000
23083,1,0.045295,0.000000
23084,1,0.045274,0.000000
23085,1,0.045253,0.000000
23086,1,0.045232,0.000000
23087,1,0.045211,0.000000
23088,1,0.045190,0.000000
23089,1,0.045169,0.000000
23090,1,0.045148,0.000000
23091,1,0.045127,0.000000
23092,1,0.045107,0.000000
23093,1,0.045086,0.000000
23094,1,0.045065,0.000000
23095,1,0.045044,0.000000
23096,1,0.045023,0.000000
23097,1,0.045003,0.000000
23098,1,0.044982,0.000000
23099,1,0.044961,0.000000
23100,1,0.044940,0.000000
23101,1,0.044920,0.000000
23102,1,0.044899,0.000000
23103,1,0.044878,0.000000
23104,1,0.044858,0.000000
23105,1,0.044837,0.000000
23106,1,0.044817,0.000000
23107,1,0.044796,0.000000
23108,1,0.044775,0.000000
23109,1,0.044755,0.000000
23110,1,0.044734,0.000000
23111,1,0.044714,0.000000
23112,1,0.044693,0.000000
23113,1,0.044673,0.000000
23114,1,0.044653,0.000000
23115,1,0.044632,0.000000
23116,1,0.044612,0.000000
23117,1,0.044591,0.000000
23118,1,0.044571,0.000000
23119,1,0.044551,0.000000
23120,1,0.044530,0.000000
23121,1,0.044510,0.000000
23122,1,0.044490,0.000000
23123,1,0.044469,0.000000
23124,1,0.044449,0.000000
23125,1,0.044429,0.000000
23126,1,0.044409,0.000000
23127,1,0.044388,0.000000
23128,1,0.044368,0.000000
23129,1,0.044348,0.000000
23130,1,0.044328,0.000000
23131,1,0.044308,0.000000
23132,1,0.044287,0.000000
23133,1,0.044267,0.000000
23134,1,0.044247,0.000000
23135,1,0.044227,0.000000
23136,1,0.044207,0.000000
23137,1,0.044187,0.000000
23138,1,0.044167,0.000000
23139,1,0.044147,0.000000
23140,1,0.044127,0.000000
23141,1,0.044107,0.000000
23142,1,0.044087,0.000000
23143,1,0.044067,0.000000
23144,1,0.044047,0.000000
23145,1,0.044027,0.000000
23146,1,0.044007,0.000000
23147,1,0.043987,0.000000
23148,1,0.043968,0.000000
23149,1,0.043948,0.000000
23150,1,0.043928,0.000000
23151,1,0.043908,0.000000
23152,1,0.043888,0.000000
23153,1,0.043868,0.000000
23154,1,0.043849,0.000000
23155,1,0.043829,0.000000
23156,1,0.043809,0.000000
23157,1,0.043790,0.000000
23158,1,0.043770,0.000000
23159,1,0.043750,0.000000
23160,1,0.043730,0.000000
23161,1,0.043711,0.000000
23162,1,0.043691,0.000000
23163,1,0.043672,0.000000
23164,1,0.043652,0.000000
23165,1,0.043632,0.000000
23166,1,0.043613,0.000000
23167,1,0.043593,0.000000
23168,1,0.043574,0.000000
23169,1,0.043554,0.000000
23170,1,0.043535,0.000000
23171,1,0.043515,0.000000
23172,1,0.043496,0.000000
23173,1,0.043476,0.000000
23174,1,0.043457,0.000000
23175,1,0.043437,0.000000
23176,1,0.043418,0.000000
23177,1,0.043399,0.000000
23178,1,0.043379,0.000000
23179,1,0.043360,0.000000
23180,1,0.043341,0.000000
23181,1,0.043321,0.000000
23182,1,0.043302,0.000000
23183,1,0.043283,0.000000
23184,1,0.043263,0.000000
23185,1,0.043244,0.000000
23186,1,0.043225,0.000000
23187,1,0.043206,0.000000
23188,1,0.043186,0.000000
23189,1,0.043167,0.000000
23190,1,0.043148,0.000000
23191,1,0.043129,0.000000
23192,1,0.043110,0.000000
23193,1,0.043091,0.000000
23194,1,0.043071,0.000000
23195,1,0.043052,0.000000
23196,1,0.043033,0.000000
23197,1,0.043014,0.000000
23198,1,0.042995,0.000000
23199,1,0.042976,0.000000
23200,1,0.042957,0.000000
23201,1,0.042938,0.000000
23202,1,0.042919,0.000000
23203,1,0.042900,0.000000
23204,1,0.042881,0.000000
23205,1,0.042862,0.000000
23206,1,0.042843,0.000000
23207,1,0.042824,0.000000
23208,1,0.042805,0.000000
23209,1,0.042786,0.000000
23210,1,0.042768,0.000000
23211,1,0.042749,0.000000
23212,1,0.042730,0.000000
23213,1,0.042711,0.000000
23214,1,0.042692,0.000000
23215,1,0.042673,0.000000
23216,1,0.042655,0.000000
23217,1,0.042636,0.000000
23218,1,0.042617,0.000000
23219,1,0.042598,0.000000
23220,1,0.042580,0.000000
23221,1,0.042561,0.000000
23222,1,0.042542,0.000000
23223,1,0.042524,0.000000
23224,1,0.042505,0.000000
23225,1,0.042486,0.000000
23226,1,0.042468,0.000000
23227,1,0.042449,0.000000
23228,1,0.042430,0.000000
23229,1,0.042412,0.000000
23230,1,0.042393,0.000000
23231,1,0.042375,0.000000
23232,1,0.042356,0.000000
23233,1,0.042338,0.000000
23234,1,0.042319,0.000000
23235,1,0.042301,0.000000
23236,1,0.042282,0.000000
23237,1,0.042264,0.000000
23238,1,0.042245,0.000000
23239,1,0.042227,0.000000
23240,1,0.042208,0.000000
23241,1,0.042190,0.000000
23242,1,0.042172,0.000000
23243,1,0.042153,0.000000
23244,1,0.042135,0.000000
23245,1,0.042116,0.000000
23246,1,0.042098,0.000000
23247,1,0.042080,0.000000
23248,1,0.042062,0.000000
23249,1,0.042043,0.000000
23250,1,0.042025,0.000000
23251,1,0.042007,0.000000
23252,1,0.041988,0.000000
23253,1,0.041970,0.000000
23254,1,0.041952,0.000000
23255,1,0.041934,0.000000
23256,1,0.041916,0.000000
23257,1,0.041897,0.000000
23258,1,0.041879,0.000000
23259,1,0.041861,0.000000
23260,1,0.041843,0.000000
23261,1,0.041825,0.000000
23262,1,0.041807,0.000000
23263,1,0.041789,0.000000
23264,1,0.041771,0.000000
23265,1,0.041752,0.000000
23266,1,0.041734,0.000000
23267,1,0.041716,0.000000
23268,1,0.041698,0.000000
23269,1,0.041680,0.000000
23270,1,0.041662,0.000000
23271,1,0.041644,0.000000
23272,1,0.041626,0.000000
23273,1,0.041608,0.000000
23274,1,0.041591,0.000000
23275,1,0.041573,0.000000
23276,1,0.041555,0.000000
23277,1,0.041537,0.000000
23278,1,0.041519,0.000000
23279,1,0.041501,0.000000
23280,1,0.041483,0.000000
23281,1,0.041465,0.000000
23282,1,0.041448,0.000000
23283,1,0.041430,0.000000
23284,1,0.041412,0.000000
23285,1,0.041394,0.000000
23286,1,0.041376,0.000000
23287,1,0.041359,0.000000
23288,1,0.041341,0.000000
23289,1,0.041323,0.000000
23290,1,0.041305,0.000000
23291,1,0.041288,0.000000
23292,1,0.041270,0.000000
23293,1,0.041252,0.000000
23294,0,0.041235,0.000000
23295,1,0.041386,0.000000
23296,1,0.041521,0.000000
23297,1,0.041641,0.000000
23298,1,0.041748,0.000000
23299,1,0.041842,0.000000
23300,1,0.041926,0.000000
23301,1,0.041999,0.000000
23302,1,0.042064,0.000000
23303,1,0.042121,0.000000
23304,1,0.042170,0.000000
23305,1,0.042213,0.000000
23306,1,0.042250,0.000000
23307,1,0.042282,0.000000
23308,1,0.042309,0.000000
23309,1,0.042332,0.000000
23310,1,0.042350,0.000036
23311,1,0.042366,0.000100
23312,1,0.042378,0.000182
23313,1,0.042387,0.000275
23314,1,0.042394,0.000375
23315,1,0.042398,0.000479
23316,1,0.042400,0.000585
23317,1,0.042400,0.000692
23318,1,0.042399,0.000800
23319,1,0.042395,0.000907
23320,1,0.042391,0.001014
23321,1,0.042385,0.001120
23322,1,0.042378,0.001225
23323,1,0.042370,0.001329
23324,1,0.042360,0.001431
23325,1,0.042350,0.001531
23326,1,0.042339,0.001628
23327,1,0.042327,0.001723
23328,1,0.042315,0.001814
23329,1,0.042302,0.001901
23330,1,0.042288,0.001983
23331,1,0.042274,0.002061
23332,1,0.042260,0.002133
23333,1,0.042245,0.002199
23334,1,0.042229,0.002259
23335,1,0.042214,0.002313
23336,1,0.042198,0.002360
23337,1,0.042181,0.002399
23338,1,0.042165,0.002432
23339,1,0.042148,0.002458
23340,1,0.042131,0.002476
23341,1,0.042114,0.002488
23342,1,0.042096,0.002492
23343,1,0.042079,0.002490
23344,1,0.042061,0.002480
23345,1,0.042043,0.002465
23346,1,0.042025,0.002443
23347,1,0.042007,0.002415
23348,1,0.041989,0.002377
23349,1,0.041971,0.002329
23350,1,0.041953,0.002270
23351,1,0.041935,0.002202
23352,1,0.041916,0.002125
23353,1,0.041898,0.002041
23354,1,0.041879,0.001951
23355,1,0.041861,0.001857
23356,1,0.041842,0.001761
23357,1,0.041824,0.001664
23358,1,0.041805,0.001567
23359,1,0.041787,0.001471
23360,1,0.041768,0.001377
23361,1,0.041750,0.001286
23362,1,0.041731,0.001199
23363,1,0.041713,0.001116
23364,1,0.041694,0.001037
23365,1,0.041676,0.000963
23366,1,0.041657,0.000894
23367,1,0.041638,0.000829
23368,1,0.041620,0.000769
23369,1,0.041601,0.000713
23370,1,0.041583,0.000662
23371,1,0.041564,0.000616
23372,1,0.041546,0.000573
23373,1,0.041527,0.000535
23374,1,0.041509,0.000500
23375,1,0.041490,0.000468
23376,1,0.041472,0.000440
23377,1,0.041453,0.000414
23378,1,0.041435,0.000391
23379,1,0.041416,0.000371
23380,1,0.041398,0.000353
23381,1,0.041379,0.000336
23382,1,0.041361,0.000321
23383,1,0.041342,0.000308
23384,1,0.041324,0.000296
23385,1,0.041306,0.000286
23386,1,0.041287,0.000276
23387,1,0.041269,0.000267
23388,1,0.041250,0.000259
23389,1,0.041232,0.000252
23390,1,0.041214,0.000245
23391,1,0.041195,0.000238
23392,1,0.041177,0.000232
23393,1,0.041159,0.000226
23394,1,0.041141,0.000220
23395,1,0.041122,0.000214
23396,1,0.041104,0.000209
23397,1,0.041086,0.000203
23398,1,0.041068,0.000198
23399,1,0.041049,0.000192
23400,1,0.041031,0.000186
23401,1,0.041013,0.000180
23402,1,0.040995,0.000173
23403,1,0.040977,0.000166
23404,1,0.040959,0.000159
23405,1,0.040940,0.000151
23406,1,0.040922,0.000143
23407,1,0.040904,0.000136
23408,1,0.040886,0.000128
23409,1,0.040868,0.000120
23410,1,0.040850,0.000112
23411,1,0.040832,0.000105
23412,1,0.040814,0.000098
23413,1,0.040796,0.000091
23414,1,0.040778,0.000085
23415,1,0.040760,0.000079
23416,1,0.040742,0.000073
23417,1,0.040724,0.000068
23418,1,0.040706,0.000063
23419,1,0.040688,0.000058
23420,1,0.040670,0.000054
23421,1,0.040652,0.000050
23422,1,0.040635,0.000046
23423,1,0.040617,0.000043
23424,1,0.040599,0.000040
23425,1,0.040581,0.000037
23426,1,0.040563,0.000035
23427,1,0.040545,0.000032
23428,1,0.040528,0.000030
23429,1,0.040510,0.000029
23430,1,0.040492,0.000027
23431,1,0.040474,0.000026
23432,1,0.040457,0.000024
23433,1,0.040439,0.000023
23434,1,0.040421,0.000022
23435,1,0.040404,0.000021
23436,1,0.040386,0.000020
23437,1,0.040368,0.000020
23438,1,0.040351,0.000019
23439,1,0.040333,0.000018
23440,1,0.040315,0.000018
23441,1,0.040298,0.000017
23442,1,0.040280,0.000017
23443,1,0.040263,0.000016
23444,1,0.040245,0.000016
23445,1,0.040227,0.000015
23446,1,0.040210,0.000015
23447,1,0.040192,0.000015
23448,1,0.040175,0.000014
23449,1,0.040157,0.000014
23450,1,0.040140,0.000013
23451,1,0.040122,0.000013
23452,1,0.040105,0.000012
23453,1,0.040088,0.000012
23454,1,0.040070,0.000011
23455,1,0.040053,0.000011
23456,1,0.040035,0.000010
23457,1,0.040018,0.000010
23458,1,0.040001,0.000009
23459,1,0.039983,0.000009
23460,1,0.039966,0.000008
23461,1,0.039949,0.000008
23462,1,0.039931,0.000007
23463,1,0.039914,0.000007
23464,1,0.039897,0.000006
23465,1,0.039879,0.000006
23466,1,0.039862,0.000005
23467,1,0.039845,0.000005
23468,1,0.039828,0.000005
23469,1,0.039810,0.000004
23470,1,0.039793,0.000004
23471,1,0.039776,0.000004
23472,1,0.039759,0.000003
23473,1,0.039742,0.000003
23474,1,0.039725,0.000003
23475,1,0.039707,0.000003
23476,1,0.039690,0.000003
23477,1,0.039673,0.000002
23478,1,0.039656,0.000002
23479,1,0.039639,0.000002
23480,1,0.039622,0.000002
23481,1,0.039605,0.000002
23482,1,0.039588,0.000002
23483,1,0.039571,0.000002
23484,1,0.039554,0.000002
23485,1,0.039537,0.000002
23486,1,0.039520,0.000001
23487,1,0.039503,0.000001
23488,1,0.039486,0.000001
23489,1,0.039469,0.000001
23490,1,0.039452,0.000001
23491,1,0.039435,0.000001
23492,1,0.039418,0.000001
23493,1,0.039401,0.000001
23494,1,0.039384,0.000001
23495,1,0.039367,0.000001
23496,1,0.039351,0.000001
23497,1,0.039334,0.000001
23498,1,0.039317,0.000001
23499,1,0.039300,0.000001
23500,1,0.039283,0.000001
23501,1,0.039266,0.000001
23502,1,0.039250,0.000001
23503,1,0.039233,0.000001
23504,1,0.039216,0.000001
23505,1,0.039199,0.000001
23506,1,0.039183,0.000001
23507,1,0.039166,0.000001
23508,1,0.039149,0.000001
23509,1,0.039133,0.000001
23510,1,0.039116,0.000001
23511,1,0.039099,0.000001
23512,1,0.039083,0.000001
23513,1,0.039066,0.000000
23514,1,0.039049,0.000000
23515,1,0.039033,0.000000
23516,1,0.039016,0.000000
23517,1,0.039000,0.000000
23518,1,0.038983,0.000000
23519,1,0.038966,0.000000
23520,1,0.038950,0.000000
23521,1,0.038933,0.000000
23522,1,0.038917,0.000000
23523,1,0.038900,0.000000
23524,1,0.038884,0.000000
23525,1,0.038867,0.000000
23526,1,0.038851,0.000000
23527,1,0.038834,0.000000
23528,1,0.038818,0.000000
23529,1,0.038801,0.000000
23530,1,0.038785,0.000000
23531,1,0.038769,0.000000
23532,1,0.038752,0.000000
23533,1,0.038736,0.000000
23534,1,0.038719,0.000000
23535,1,0.038703,0.000000
23536,1,0.038687,0.000000
23537,1,0.038670,0.000000
23538,1,0.038654,0.000000
23539,1,0.038638,0.000000
23540,1,0.038621,0.000000
23541,1,0.038605,0.000000
23542,1,0.038589,0.000000
23543,1,0.038573,0.000000
23544,1,0.038556,0.000000
23545,1,0.038540,0.000000
23546,1,0.038524,0.000000
23547,1,0.038508,0.000000
23548,1,0.038491,0.000000
23549,1,0.038475,0.000000
23550,1,0.038459,0.000000
23551,1,0.038443,0.000000
23552,1,0.038427,0.000000
23553,1,0.038411,0.000000
23554,1,0.038395,0.000000
23555,1,0.038378,0.000000
23556,1,0.038362,0.000000
23557,1,0.038346,0.000000
23558,1,0.038330,0.000000
23559,1,0.038314,0.000000
23560,1,0.038298,0.000000
23561,1,0.038282,0.000000
23562,1,0.038266,0.000000
23563,1,0.038250,0.000000
23564,1,0.038234,0.000000
23565,1,0.038218,0.000000
23566,1,0.038202,0.000000
23567,1,0.038186,0.000000
23568,1,0.038170,0.000000
23569,1,0.038154,0.000000
23570,1,0.038138,0.000000
23571,1,0.038122,0.000000
23572,1,0.038106,0.000000
23573,1,0.038090,0.000000
23574,1,0.038074,0.000000
23575,1,0.038059,0.000000
23576,1,0.038043,0.000000
23577,1,0.038027,0.000000
23578,1,0.038011,0.000000
23579,1,0.037995,0.000000
23580,1,0.037979,0.000000
23581,1,0.037964,0.000000
23582,1,0.037948,0.000000
23583,1,0.037932,0.000000
23584,1,0.037916,0.000000
23585,1,0.037900,0.000000
23586,1,0.037885,0.000000
23587,1,0.037869,0.000000
23588,1,0.037853,0.000000
23589,1,0.037837,0.000000
23590,1,0.037822,0.000000
23591,1,0.037806,0.000000
23592,1,0.037790,0.000000
23593,1,0.037775,0.000000
23594,1,0.037759,0.000000
23595,1,0.037743,0.000000
23596,1,0.037728,0.000000
23597,1,0.037712,0.000000
23598,1,0.037697,0.000000
23599,1,0.037681,0.000000
23600,1,0.037665,0.000000
23601,1,0.037650,0.000000
23602,1,0.037634,0.000000
23603,1,0.037619,0.000000
23604,1,0.037603,0.000000
23605,1,0.037588,0.000000
23606,1,0.037572,0.000000
23607,1,0.037557,0.000000
23608,1,0.037541,0.000000
23609,1,0.037526,0.000000
23610,1,0.037510,0.000000
23611,1,0.037495,0.000000
23612,1,0.037479,0.000000
23613,1,0.037464,0.000000
23614,1,0.037448,0.000000
23615,1,0.037433,0.000000
23616,1,0.037417,0.000000
23617,1,0.037402,0.000000
23618,1,0.037387,0.000000
23619,1,0.037371,0.000000
23620,1,0.037356,0.000000
23621,1,0.037341,0.000000
23622,1,0.037325,0.000000
23623,1,0.037310,0.000000
23624,1,0.037295,0.000000
23625,1,0.037279,0.000000
23626,1,0.037264,0.000000
23627,1,0.037249,0.000000
23628,1,0.037233,0.000000
23629,1,0.037218,0.000000
23630,1,0.037203,0.000000
23631,1,0.037188,0.000000
23632,1,0.037172,0.000000
23633,1,0.037157,0.000000
23634,1,0.037142,0.000000
23635,1,0.037127,0.000000
23636,1,0.037112,0.000000
23637,1,0.037096,0.000000
23638,1,0.037081,0.000000
23639,1,0.037066,0.000000
23640,1,0.037051,0.000000
23641,1,0.037036,0.000000
23642,1,0.037021,0.000000
23643,1,0.037006,0.000000
23644,1,0.036990,0.000000
23645,1,0.036975,0.000000
23646,1,0.036960,0.000000
23647,1,0.036945,0.000000
23648,1,0.036930,0.000000
23649,1,0.036915,0.000000
23650,1,0.036900,0.000000
23651,1,0.036885,0.000000
23652,1,0.036870,0.000000
23653,1,0.036855,0.000000
23654,1,0.036840,0.000000
23655,1,0.036825,0.000000
23656,1,0.036810,0.000000
23657,1,0.036795,0.000000
23658,1,0.036780,0.000000
23659,1,0.036765,0.000000
23660,1,0.036750,0.000000
23661,1,0.036735,0.000000
23662,1,0.036720,0.000000
23663,1,0.036706,0.000000
23664,1,0.036691,0.000000
23665,1,0.036676,0.000000
23666,1,0.036661,0.000000
23667,1,0.036646,0.000000
23668,1,0.036631,0.000000
23669,1,0.036616,0.000000
23670,1,0.036602,0.000000
23671,1,0.036587,0.000000
23672,1,0.036572,0.000000
23673,1,0.036557,0.000000
23674,1,0.036542,0.000000
23675,1,0.036528,0.000000
23676,1,0.036513,0.000000
23677,1,0.036498,0.000000
23678,1,0.036483,0.000000
23679,1,0.036469,0.000000
23680,1,0.036454,0.000000
23681,1,0.036439,0.000000
23682,1,0.036424,0.000000
23683,1,0.036410,0.000000
23684,1,0.036395,0.000000
23685,1,0.036380,0.000000
23686,1,0.036366,0.000000
23687,1,0.036351,0.000000
23688,1,0.036336,0.000000
23689,1,0.036322,0.000000
23690,1,0.036307,0.000000
23691,1,0.036293,0.000000
23692,1,0.036278,0.000000
23693,1,0.036263,0.000000
23694,1,0.036249,0.000000
23695,1,0.036234,0.000000
23696,1,0.036220,0.000000
23697,1,0.036205,0.000000
23698,1,0.036191,0.000000
23699,1,0.036176,0.000000
23700,1,0.036162,0.000000
23701,1,0.036147,0.000000
23702,1,0.036133,0.000000
23703,1,0.036118,0.000000
23704,1,0.036104,0.000000
23705,1,0.036089,0.000000
23706,1,0.036075,0.000000
23707,1,0.036060,0.000000
23708,1,0.036046,0.000000
23709,1,0.036031,0.000000
23710,1,0.036017,0.000000
23711,1,0.036003,0.000000
23712,0,0.035988,0.000000
23713,1,0.036131,0.000000
23714,1,0.036259,0.000000
23715,1,0.036374,0.000000
23716,1,0.036476,0.000000
23717,1,0.036566,0.000000
23718,1,0.036646,0.000000
23719,1,0.036717,0.000000
23720,1,0.036780,0.000000
23721,1,0.036835,0.000000
23722,1,0.036884,0.000000
23723,1,0.036927,0.000000
23724,1,0.036964,0.000000
23725,1,0.036996,0.000000
23726,1,0.037023,0.000000
23727,1,0.037047,0.000000
23728,1,0.037067,0.000000
23729,1,0.037084,0.000019
23730,1,0.037098,0.000071
23731,1,0.037109,0.000146
23732,1,0.037117,0.000238
23733,1,0.037124,0.000342
23734,1,0.037128,0.000456
23735,1,0.037131,0.000577
23736,1,0.037132,0.000702
23737,1,0.037131,0.000832
23738,1,0.037129,0.000964
23739,1,0.037126,0.001097
23740,1,0.037122,0.001231
23741,1,0.037117,0.001364
23742,1,0.037110,0.001496
23743,1,0.037103,0.001626
23744,1,0.037095,0.001752
23745,1,0.037086,0.001875
23746,1,0.037077,0.001992
23747,1,0.037067,0.002104
23748,1,0.037057,0.002209
23749,1,0.037046,0.002307
23750,1,0.037034,0.002397
23751,1,0.037022,0.002479
23752,1,0.037010,0.002553
23753,1,0.036997,0.002617
23754,1,0.036984,0.002672
23755,1,0.036971,0.002718
23756,1,0.036958,0.002754
23757,1,0.036944,0.002780
23758,1,0.036930,0.002798
23759,1,0.036916,0.002805
23760,1,0.036902,0.002804
23761,1,0.036888,0.002790
23762,1,0.036873,0.002760
23763,1,0.036859,0.002714
23764,1,0.036844,0.002652
23765,1,0.036829,0.002576
23766,1,0.036814,0.002489
23767,1,0.036800,0.002391
23768,1,0.036785,0.002286
23769,1,0.036770,0.002176
23770,1,0.036755,0.002063
23771,1,0.036739,0.001948
23772,1,0.036724,0.001833
23773,1,0.036709,0.001720
23774,1,0.036694,0.001610
23775,1,0.036679,0.001503
23776,1,0.036663,0.001401
23777,1,0.036648,0.001304
23778,1,0.036633,0.001213
23779,1,0.036617,0.001127
23780,1,0.036602,0.001048
23781,1,0.036587,0.000974
23782,1,0.036572,0.000905
23783,1,0.036556,0.000843
23784,1,0.036541,0.000786
23785,1,0.036526,0.000734
23786,1,0.036510,0.000688
23787,1,0.036495,0.000645
23788,1,0.036480,0.000607
23789,1,0.036464,0.000573
23790,1,0.036449,0.000543
23791,1,0.036434,0.000516
23792,1,0.036418,0.000492
23793,1,0.036403,0.000470
23794,1,0.036388,0.000451
23795,1,0.036372,0.000434
23796,1,0.036357,0.000419
23797,1,0.036342,0.000405
23798,1,0.036327,0.000392
23799,1,0.036311,0.000381
23800,1,0.036296,0.000371
23801,1,0.036281,0.000361
23802,1,0.036266,0.000352
23803,1,0.036250,0.000343
23804,1,0.036235,0.000335
23805,1,0.036220,0.000326
23806,1,0.036205,0.000319
23807,1,0.036189,0.000311
23808,1,0.036174,0.000302
23809,1,0.036159,0.000294
23810,1,0.036144,0.000284
23811,1,0.036129,0.000274
23812,1,0.036114,0.000263
23813,1,0.036099,0.000252
23814,1,0.036083,0.000240
23815,1,0.036068,0.000227
23816,1,0.036053,0.000215
23817,1,0.036038,0.000203
23818,1,0.036023,0.000190
23819,1,0.036008,0.000178
23820,1,0.035993,0.000167
23821,1,0.035978,0.000155
23822,1,0.035963,0.000145
23823,1,0.035948,0.000134
23824,1,0.035933,0.000125
23825,1,0.035918,0.000116
23826,1,0.035903,0.000107
23827,1,0.035888,0.000099
23828,1,0.035873,0.000092
23829,1,0.035858,0.000085
23830,1,0.035843,0.000079
23831,1,0.035828,0.000074
23832,1,0.035813,0.000069
23833,1,0.035798,0.000064
23834,1,0.035783,0.000060
23835,1,0.035768,0.000056
23836,1,0.035754,0.000053
23837,1,0.035739,0.000050
23838,1,0.035724,0.000047
23839,1,0.035709,0.000045
23840,1,0.035694,0.000043
23841,1,0.035679,0.000041
23842,1,0.035665,0.000039
23843,1,0.035650,0.000038
23844,1,0.035635,0.000036
23845,1,0.035620,0.000035
23846,1,0.035605,0.000034
23847,1,0.035591,0.000033
23848,1,0.035576,0.000032
23849,1,0.035561,0.000031
23850,1,0.035546,0.000030
23851,1,0.035532,0.000030
23852,1,0.035517,0.000029
23853,1,0.035502,0.000028
23854,1,0.035488,0.000027
23855,1,0.035473,0.000026
23856,1,0.035458,0.000026
23857,1,0.035444,0.000025
23858,1,0.035429,0.000024
23859,1,0.035414,0.000023
23860,1,0.035400,0.000022
23861,1,0.035385,0.000020
23862,1,0.035370,0.000019
23863,1,0.035356,0.000018
23864,1,0.035341,0.000017
23865,1,0.035327,0.000016
23866,1,0.035312,0.000015
23867,1,0.035298,0.000014
23868,1,0.035283,0.000013
23869,1,0.035269,0.000012
23870,1,0.035254,0.000011
23871,1,0.035240,0.000010
23872,1,0.035225,0.000010
23873,1,0.035211,0.000009
23874,1,0.035196,0.000008
23875,1,0.035182,0.000008
23876,1,0.035167,0.000007
23877,1,0.035153,0.000007
23878,1,0.035138,0.000006
23879,1,0.035124,0.000006
23880,1,0.035110,0.000005
23881,1,0.035095,0.000005
23882,1,0.035081,0.000005
23883,1,0.035066,0.000005
23884,1,0.035052,0.000004
23885,1,0.035038,0.000004
23886,1,0.035023,0.000004
23887,1,0.035009,0.000004
23888,1,0.034995,0.000004
23889,1,0.034980,0.000003
23890,1,0.034966,0.000003
23891,1,0.034952,0.000003
23892,1,0.034937,0.000003
23893,1,0.034923,0.000003
23894,1,0.034909,0.000003
23895,1,0.034895,0.000003
23896,1,0.034880,0.000003
23897,1,0.034866,0.000003
23898,1,0.034852,0.000003
23899,1,0.034838,0.000003
23900,1,0.034823,0.000002
23901,1,0.034809,0.000002
23902,1,0.034795,0.000002
23903,1,0.034781,0.000002
23904,1,0.034767,0.000002
23905,1,0.034753,0.000002
23906,1,0.034738,0.000002
23907,1,0.034724,0.000002
23908,1,0.034710,0.000002
23909,1,0.034696,0.000002
23910,1,0.034682,0.000002
23911,1,0.034668,0.000001
23912,1,0.034654,0.000001
23913,1,0.034640,0.000001
23914,1,0.034626,0.000001
23915,1,0.034612,0.000001
23916,1,0.034598,0.000001
23917,1,0.034584,0.000001
23918,1,0.034570,0.000001
23919,1,0.034556,0.000001
23920,1,0.034542,0.000001
23921,1,0.034528,0.000001
23922,1,0.034514,0.000001
23923,1,0.034500,0.000001
23924,1,0.034486,0.000001
23925,1,0.034472,0.000001
23926,1,0.034458,0.000000
23927,1,0.034444,0.000000
23928,1,0.034430,0.000000
23929,1,0.034416,0.000000
23930,1,0.034402,0.000000
23931,1,0.034388,0.000000
23932,1,0.034374,0.000000
23933,1,0.034360,0.000000
23934,1,0.034347,0.000000
23935,1,0.034333,0.000000
23936,1,0.034319,0.000000
23937,1,0.034305,0.000000
23938,1,0.034291,0.000000
23939,1,0.034277,0.000000
23940,1,0.034264,0.000000
23941,1,0.034250,0.000000
23942,1,0.034236,0.000000
23943,1,0.034222,0.000000
23944,1,0.034208,0.000000
23945,1,0.034195,0.000000
23946,1,0.034181,0.000000
23947,1,0.034167,0.000000
23948,1,0.034153,0.000000
23949,1,0.034140,0.000000
23950,1,0.034126,0.000000
23951,1,0.034112,0.000000
23952,1,0.034099,0.000000
23953,1,0.034085,0.000000
23954,1,0.034071,0.000000
23955,1,0.034058,0.000000
23956,1,0.034044,0.000000
23957,1,0.034030,0.000000
23958,1,0.034017,0.000000
23959,1,0.034003,0.000000
23960,1,0.033989,0.000000
23961,1,0.033976,0.000000
23962,1,0.033962,0.000000
23963,1,0.033949,0.000000
23964,1,0.033935,0.000000
23965,1,0.033921,0.000000
23966,1,0.033908,0.000000
23967,1,0.033894,0.000000
23968,1,0.033881,0.000000
23969,1,0.033867,0.000000
23970,1,0.033854,0.000000
23971,1,0.033840,0.000000
23972,1,0.033827,0.000000
23973,1,0.033813,0.000000
23974,1,0.033800,0.000000
23975,1,0.033786,0.000000
23976,1,0.033773,0.000000
23977,1,0.033759,0.000000
23978,1,0.033746,0.000000
23979,1,0.033732,0.000000
23980,1,0.033719,0.000000
23981,1,0.033706,0.000000
23982,1,0.033692,0.000000
23983,1,0.033679,0.000000
23984,1,0.033665,0.000000
23985,1,0.033652,0.000000
23986,1,0.033639,0.000000
23987,1,0.033625,0.000000
23988,1,0.033612,0.000000
23989,1,0.033599,0.000000
23990,1,0.033585,0.000000
23991,1,0.033572,0.000000
23992,1,0.033559,0.000000
23993,1,0.033545,0.000000
23994,1,0.033532,0.000000
23995,1,0.033519,0.000000
23996,1,0.033505,0.000000
23997,1,0.033492,0.000000
23998,1,0.033479,0.000000
23999,1,0.033466,0.000000
24000,1,0.033452,0.000000
24001,1,0.033439,0.000000
24002,1,0.033426,0.000000
24003,1,0.033413,0.000000
24004,1,0.033399,0.000000
24005,1,0.033386,0.000000
24006,1,0.033373,0.000000
24007,1,0.033360,0.000000
24008,1,0.033347,0.000000
24009,1,0.033333,0.000000
24010,1,0.033320,0.000000
24011,1,0.033307,0.000000
24012,1,0.033294,0.000000
24013,1,0.033281,0.000000
24014,1,0.033268,0.000000
24015,1,0.033255,0.000000
24016,1,0.033242,0.000000
24017,1,0.033228,0.000000
24018,1,0.033215,0.000000
24019,1,0.033202,0.000000
24020,0,0.033189,0.000000
24021,1,0.033331,0.000000
24022,1,0.033458,0.000000
24023,1,0.033572,0.000000
24024,1,0.033673,0.000000
24025,1,0.033763,0.000000
24026,1,0.033843,0.000000
24027,1,0.033914,0.000000
24028,1,0.033978,0.000000
24029,1,0.034033,0.000000
24030,1,0.034082,0.000000
24031,1,0.034125,0.000000
24032,1,0.034163,0.000000
24033,1,0.034196,0.000000
24034,1,0.034224,0.000000
24035,1,0.034249,0.000000
24036,1,0.034270,0.000000
24037,1,0.034288,0.000000
24038,1,0.034303,0.000036
24039,1,0.034315,0.000102
24040,1,0.034325,0.000190
24041,1,0.034332,0.000294
24042,1,0.034338,0.000410
24043,1,0.034342,0.000537
24044,1,0.034344,0.000670
24045,1,0.034345,0.000810
24046,1,0.034344,0.000953
24047,1,0.034342,0.001098
24048,1,0.034339,0.001245
24049,1,0.034335,0.001391
24050,1,0.034330,0.001536
24051,1,0.034324,0.001679
24052,1,0.034317,0.001818
24053,1,0.034310,0.001952
24054,1,0.034302,0.002081
24055,1,0.034293,0.002203
24056,1,0.034284,0.002317
24057,1,0.034274,0.002424
24058,1,0.034264,0.002521
24059,1,0.034253,0.002610
24060,1,0.034242,0.002688
24061,1,0.034231,0.002756
24062,1,0.034219,0.002814
24063,1,0.034207,0.002861
24064,1,0.034195,0.002897
24065,1,0.034183,0.002923
24066,1,0.034170,0.002938
24067,1,0.034158,0.002940
24068,1,0.034145,0.002924
24069,1,0.034132,0.002889
24070,1,0.034119,0.002837
24071,1,0.034105,0.002767
24072,1,0.034092,0.002682
24073,1,0.034079,0.002586
24074,1,0.034065,0.002479
24075,1,0.034051,0.002366
24076,1,0.034038,0.002247
24077,1,0.034024,0.002126
24078,1,0.034010,0.002004
24079,1,0.033997,0.001883
24080,1,0.033983,0.001765
24081,1,0.033969,0.001650
24082,1,0.033955,0.001539
24083,1,0.033941,0.001434
24084,1,0.033927,0.001335
24085,1,0.033913,0.001242
24086,1,0.033899,0.001155
24087,1,0.033885,0.001074
24088,1,0.033871,0.001000
24089,1,0.033857,0.000932
24090,1,0.033843,0.000870
24091,1,0.033829,0.000814
24092,1,0.033815,0.000763
24093,1,0.033801,0.000717
24094,1,0.033787,0.000676
24095,1,0.033773,0.000639
24096,1,0.033759,0.000606
24097,1,0.033745,0.000577
24098,1,0.033731,0.000551
24099,1,0.033717,0.000528
24100,1,0.033703,0.000508
24101,1,0.033689,0.000489
24102,1,0.033675,0.000473
24103,1,0.033661,0.000458
24104,1,0.033647,0.000445
24105,1,0.033633,0.000433
24106,1,0.033619,0.000422
24107,1,0.033605,0.000411
24108,1,0.033591,0.000401
24109,1,0.033577,0.000391
24110,1,0.033563,0.000382
24111,1,0.033549,0.000373
24112,1,0.033535,0.000364
24113,1,0.033521,0.000355
24114,1,0.033507,0.000344
24115,1,0.033493,0.000333
24116,1,0.033479,0.000321
24117,1,0.033465,0.000308
24118,1,0.033451,0.000294
24119,1,0.033438,0.000280
24120,1,0.033424,0.000265
24121,1,0.033410,0.000251
24122,1,0.033396,0.000236
24123,1,0.033382,0.000222
24124,1,0.033368,0.000207
24125,1,0.033354,0.000194
24126,1,0.033341,0.000180
24127,1,0.033327,0.000168
24128,1,0.033313,0.000156
24129,1,0.033299,0.000145
24130,1,0.033286,0.000134
24131,1,0.033272,0.000124
24132,1,0.033258,0.000115
24133,1,0.033244,0.000107
24134,1,0.033231,0.000099
24135,1,0.033217,0.000092
24136,1,0.033203,0.000086
24137,1,0.033189,0.000080
24138,1,0.033176,0.000075
24139,1,0.033162,0.000071
24140,1,0.033148,0.000066
24141,1,0.033135,0.000063
24142,1,0.033121,0.000059
24143,1,0.033107,0.000056
24144,1,0.033094,0.000054
24145,1,0.033080,0.000051
24146,1,0.033066,0.000049
24147,1,0.033053,0.000047
24148,1,0.033039,0.000046
24149,1,0.033026,0.000044
24150,1,0.033012,0.000043
24151,1,0.032999,0.000042
24152,1,0.032985,0.000040
24153,1,0.032971,0.000039
24154,1,0.032958,0.000038
24155,1,0.032944,0.000037
24156,1,0.032931,0.000036
24157,1,0.032917,0.000035
24158,1,0.032904,0.000034
24159,1,0.032890,0.000033
24160,1,0.032877,0.000032
24161,1,0.032863,0.000031
24162,1,0.032850,0.000029
24163,1,0.032836,0.000028
24164,1,0.032823,0.000027
24165,1,0.032810,0.000025
24166,1,0.032796,0.000024
24167,1,0.032783,0.000022
24168,1,0.032769,0.000021
24169,1,0.032756,0.000020
24170,1,0.032743,0.000018
24171,1,0.032729,0.000017
24172,1,0.032716,0.000016
24173,1,0.032702,0.000015
24174,1,0.032689,0.000014
24175,1,0.032676,0.000013
24176,1,0.032662,0.000012
24177,1,0.032649,0.000011
24178,1,0.032636,0.000010
24179,1,0.032623,0.000009
24180,1,0.032609,0.000009
24181,1,0.032596,0.000008
24182,1,0.032583,0.000008
24183,1,0.032569,0.000007
24184,1,0.032556,0.000007
24185,1,0.032543,0.000006
24186,1,0.032530,0.000006
24187,1,0.032517,0.000006
24188,1,0.032503,0.000005
24189,1,0.032490,0.000005
24190,1,0.032477,0.000005
24191,1,0.032464,0.000005
24192,1,0.032451,0.000005
24193,1,0.032437,0.000004
24194,1,0.032424,0.000004
24195,1,0.032411,0.000004
24196,1,0.032398,0.000004
24197,1,0.032385,0.000004
24198,1,0.032372,0.000004
24199,1,0.032359,0.000004
24200,1,0.032345,0.000004
24201,1,0.032332,0.000003
24202,1,0.032319,0.000003
24203,1,0.032306,0.000003
24204,1,0.032293,0.000003
24205,1,0.032280,0.000003
24206,1,0.032267,0.000003
24207,1,0.032254,0.000003
24208,1,0.032241,0.000003
24209,1,0.032228,0.000002
24210,1,0.032215,0.000002
24211,1,0.032202,0.000002
24212,1,0.032189,0.000002
24213,1,0.032176,0.000002
24214,1,0.032163,0.000002
24215,1,0.032150,0.000002
24216,1,0.032137,0.000002
24217,1,0.032124,0.000001
24218,1,0.032111,0.000001
24219,1,0.032098,0.000001
24220,1,0.032085,0.000001
24221,1,0.032072,0.000001
24222,1,0.032060,0.000001
24223,1,0.032047,0.000001
24224,1,0.032034,0.000001
24225,1,0.032021,0.000001
24226,1,0.032008,0.000001
24227,1,0.031995,0.000001
24228,1,0.031982,0.000001
24229,1,0.031970,0.000001
24230,1,0.031957,0.000001
24231,1,0.031944,0.000001
24232,1,0.031931,0.000001
24233,1,0.031918,0.000001
24234,1,0.031905,0.000000
24235,1,0.031893,0.000000
24236,1,0.031880,0.000000
24237,1,0.031867,0.000000
24238,1,0.031854,0.000000
24239,1,0.031842,0.000000
24240,1,0.031829,0.000000
24241,1,0.031816,0.000000
24242,1,0.031803,0.000000
24243,1,0.031791,0.000000
24244,1,0.031778,0.000000
24245,1,0.031765,0.000000
24246,1,0.031753,0.000000
24247,1,0.031740,0.000000
24248,1,0.031727,0.000000
24249,1,0.031715,0.000000
24250,1,0.031702,0.000000
24251,1,0.031689,0.000000
24252,1,0.031677,0.000000
24253,1,0.031664,0.000000
24254,1,0.031652,0.000000
24255,1,0.031639,0.000000
24256,1,0.031626,0.000000
24257,1,0.031614,0.000000
24258,1,0.031601,0.000000
24259,1,0.031589,0.000000
24260,1,0.031576,0.000000
24261,1,0.031563,0.000000
24262,1,0.031551,0.000000
24263,1,0.031538,0.000000
24264,1,0.031526,0.000000
24265,1,0.031513,0.000000
24266,1,0.031501,0.000000
24267,1,0.031488,0.000000
24268,1,0.031476,0.000000
24269,1,0.031463,0.000000
24270,1,0.031451,0.000000
24271,1,0.031438,0.000000
24272,1,0.031426,0.000000
24273,1,0.031413,0.000000
24274,1,0.031401,0.000000
24275,1,0.031389,0.000000
24276,1,0.031376,0.000000
24277,1,0.031364,0.000000
24278,1,0.031351,0.000000
24279,1,0.031339,0.000000
24280,1,0.031327,0.000000
24281,1,0.031314,0.000000
24282,1,0.031302,0.000000
24283,1,0.031289,0.000000
24284,1,0.031277,0.000000
24285,1,0.031265,0.000000
24286,1,0.031252,0.000000
24287,1,0.031240,0.000000
24288,1,0.031228,0.000000
24289,1,0.031215,0.000000
24290,1,0.031203,0.000000
24291,1,0.031191,0.000000
24292,1,0.031178,0.000000
24293,1,0.031166,0.000000
24294,1,0.031154,0.000000
24295,1,0.031142,0.000000
24296,1,0.031129,0.000000
24297,1,0.031117,0.000000
24298,1,0.031105,0.000000
24299,1,0.031093,0.000000
24300,1,0.031080,0.000000
24301,1,0.031068,0.000000
24302,1,0.031056,0.000000
24303,1,0.031044,0.000000
24304,1,0.031032,0.000000
24305,1,0.031019,0.000000
24306,1,0.031007,0.000000
24307,1,0.030995,0.000000
24308,1,0.030983,0.000000
24309,1,0.030971,0.000000
24310,1,0.030959,0.000000
24311,1,0.030946,0.000000
24312,1,0.030934,0.000000
24313,1,0.030922,0.000000
24314,1,0.030910,0.000000
24315,1,0.030898,0.000000
24316,1,0.030886,0.000000
24317,1,0.030874,0.000000
24318,1,0.030862,0.000000
24319,1,0.030850,0.000000
24320,1,0.030838,0.000000
24321,1,0.030826,0.000000
24322,1,0.030813,0.000000
24323,1,0.030801,0.000000
24324,1,0.030789,0.000000
24325,1,0.030777,0.000000
24326,1,0.030765,0.000000
24327,1,0.030753,0.000000
24328,1,0.030741,0.000000
24329,1,0.030729,0.000000
24330,1,0.030717,0.000000
24331,0,0.030705,0.000000
24332,1,0.030847,0.000000
24333,1,0.030973,0.000000
24334,1,0.031087,0.000000
24335,1,0.031188,0.000000
24336,1,0.031278,0.000000
24337,1,0.031359,0.000000
24338,1,0.031430,0.000000
24339,1,0.031494,0.000000
24340,1,0.031550,0.000000
24341,1,0.031599,0.000000
24342,1,0.031643,0.000000
24343,1,0.031682,0.000000
24344,1,0.031715,0.000000
24345,1,0.031745,0.000000
24346,1,0.031770,0.000000
24347,1,0.031792,0.000000
24348,1,0.031811,0.000000
24349,1,0.031827,0.000021
24350,1,0.031840,0.000076
24351,1,0.031851,0.000158
24352,1,0.031859,0.000261
24353,1,0.031866,0.000379
24354,1,0.031871,0.000510
24355,1,0.031874,0.000650
24356,1,0.031876,0.000797
24357,1,0.031876,0.000950
24358,1,0.031876,0.001105
24359,1,0.031874,0.001263
24360,1,0.031871,0.001420
24361,1,0.031867,0.001576
24362,1,0.031862,0.001730
24363,1,0.031856,0.001879
24364,1,0.031850,0.002023
24365,1,0.031843,0.002161
24366,1,0.031835,0.002292
24367,1,0.031827,0.002414
24368,1,0.031818,0.002527
24369,1,0.031809,0.002631
24370,1,0.031800,0.002724
24371,1,0.031790,0.002806
24372,1,0.031780,0.002876
24373,1,0.031769,0.002936
24374,1,0.031758,0.002983
24375,0,0.031747,0.002387
24376,1,0.031901,0.001909
24377,1,0.032038,0.001528
24378,1,0.032161,0.001222
24379,1,0.032271,0.000978
24380,1,0.032369,0.000782
24381,1,0.032457,0.000626
24382,1,0.032534,0.000501
24383,1,0.032603,0.000400
24384,1,0.032663,0.000320
24385,1,0.032717,0.000305
24386,1,0.032764,0.000384
24387,1,0.032805,0.000515
24388,1,0.032841,0.000674
24389,1,0.032872,0.000841
24390,1,0.032899,0.001005
24391,1,0.032922,0.001160
24392,1,0.032941,0.001304
24393,1,0.032958,0.001434
24394,1,0.032971,0.001551
24395,1,0.032982,0.001657
24396,1,0.032990,0.001754
24397,1,0.032997,0.001842
24398,1,0.033001,0.001923
24399,1,0.033004,0.002000
24400,1,0.033005,0.002073
24401,1,0.033004,0.002143
24402,1,0.033002,0.002211
24403,1,0.032999,0.002277
24404,1,0.032995,0.002342
24405,1,0.032990,0.002405
24406,1,0.032984,0.002466
24407,1,0.032977,0.002526
24408,1,0.032970,0.002583
24409,1,0.032961,0.002637
24410,1,0.032952,0.002688
24411,1,0.032943,0.002734
24412,1,0.032933,0.002777
24413,1,0.032922,0.002814
24414,1,0.032911,0.002846
24415,1,0.032900,0.002873
24416,1,0.032889,0.002893
24417,1,0.032877,0.002907
24418,1,0.032864,0.002914
24419,1,0.032852,0.002915
24420,1,0.032839,0.002909
24421,1,0.032826,0.002896
24422,1,0.032813,0.002876
24423,1,0.032800,0.002849
24424,1,0.032786,0.002810
24425,1,0.032773,0.002758
24426,1,0.032759,0.002692
24427,1,0.032745,0.002614
24428,1,0.032731,0.002525
24429,1,0.032717,0.002427
24430,1,0.032703,0.002322
24431,1,0.032689,0.002211
24432,1,0.032675,0.002097
24433,1,0.032661,0.001981
24434,1,0.032647,0.001866
24435,1,0.032632,0.001752
24436,1,0.032618,0.001640
24437,1,0.032604,0.001532
24438,1,0.032589,0.001429
24439,1,0.032575,0.001330
24440,1,0.032561,0.001236
24441,1,0.032546,0.001149
24442,1,0.032532,0.001067
24443,1,0.032517,0.000991
24444,1,0.032503,0.000920
24445,1,0.032489,0.000856
24446,1,0.032474,0.000796
24447,1,0.032460,0.000742
24448,1,0.032445,0.000693
24449,1,0.032431,0.000649
24450,1,0.032416,0.000609
24451,1,0.032402,0.000573
24452,1,0.032387,0.000541
24453,1,0.032373,0.000513
24454,1,0.032359,0.000487
24455,0,0.032344,0.000390
24456,1,0.032506,0.000312
24457,1,0.032651,0.000249
24458,1,0.032780,0.000199
24459,1,0.032896,0.000160
24460,1,0.032999,0.000128
24461,1,0.033090,0.000102
24462,1,0.033172,0.000082
24463,1,0.033244,0.000065
24464,1,0.033307,0.000052
24465,1,0.033364,0.000042
24466,1,0.033413,0.000033
24467,1,0.033456,0.000027
24468,1,0.033494,0.000021
24469,1,0.033526,0.000017
24470,1,0.033554,0.000026
24471,1,0.033578,0.000071
24472,1,0.033599,0.000142
24473,1,0.033616,0.000228
24474,1,0.033629,0.000324
24475,1,0.033641,0.000427
24476,1,0.033649,0.000534
24477,1,0.033656,0.000644
24478,1,0.033660,0.000755
24479,1,0.033663,0.000868
24480,1,0.033664,0.000981
24481,1,0.033663,0.001095
24482,1,0.033661,0.001209
24483,1,0.033658,0.001323
24484,1,0.033653,0.001436
24485,1,0.033648,0.001548
24486,1,0.033641,0.001658
24487,1,0.033634,0.001766
24488,1,0.033625,0.001870
24489,1,0.033616,0.001971
24490,1,0.033607,0.002067
24491,1,0.033596,0.002158
24492,1,0.033586,0.002243
24493,1,0.033574,0.002322
24494,1,0.033562,0.002395
24495,1,0.033550,0.002460
24496,1,0.033538,0.002517
24497,1,0.033525,0.002567
24498,1,0.033511,0.002609
24499,1,0.033498,0.002642
24500,1,0.033484,0.002668
24501,1,0.033470,0.002684
24502,1,0.033456,0.002693
24503,1,0.033442,0.002694
24504,1,0.033427,0.002687
24505,1,0.033412,0.002672
24506,1,0.033398,0.002646
24507,1,0.033383,0.002607
24508,1,0.033368,0.002554
24509,1,0.033352,0.002488
24510,1,0.033337,0.002410
24511,1,0.033322,0.002322
24512,1,0.033307,0.002227
24513,1,0.033291,0.002125
24514,1,0.033276,0.002020
24515,1,0.033260,0.001912
24516,1,0.033245,0.001804
24517,1,0.033229,0.001696
24518,1,0.033214,0.001590
24519,1,0.033198,0.001487
24520,1,0.033182,0.001387
24521,1,0.033167,0.001292
24522,1,0.033151,0.001202
24523,1,0.033135,0.001117
24524,1,0.033120,0.001038
24525,1,0.033104,0.000963
24526,1,0.033088,0.000894
24527,1,0.033073,0.000831
24528,1,0.033057,0.000773
24529,1,0.033041,0.000720
24530,1,0.033026,0.000671
24531,1,0.033010,0.000627
24532,1,0.032994,0.000588
24533,1,0.032979,0.000552
24534,1,0.032963,0.000520
24535,1,0.032948,0.000491
24536,1,0.032932,0.000466
24537,1,0.032916,0.000443
24538,1,0.032901,0.000422
24539,1,0.032885,0.000404
24540,1,0.032869,0.000388
24541,1,0.032854,0.000373
24542,1,0.032838,0.000360
24543,1,0.032823,0.000348
24544,1,0.032807,0.000337
24545,1,0.032792,0.000327
24546,1,0.032776,0.000318
24547,1,0.032761,0.000310
24548,1,0.032745,0.000301
24549,1,0.032730,0.000294
24550,1,0.032714,0.000286
24551,1,0.032699,0.000279
24552,1,0.032683,0.000272
24553,1,0.032668,0.000265
24554,1,0.032652,0.000259
24555,1,0.032637,0.000251
24556,1,0.032622,0.000243
24557,1,0.032606,0.000235
24558,1,0.032591,0.000226
24559,1,0.032575,0.000217
24560,1,0.032560,0.000207
24561,1,0.032545,0.000196
24562,1,0.032529,0.000186
24563,1,0.032514,0.000176
24564,1,0.032499,0.000165
24565,1,0.032484,0.000155
24566,1,0.032468,0.000145
24567,1,0.032453,0.000135
24568,1,0.032438,0.000126
24569,1,0.032423,0.000117
24570,1,0.032407,0.000109
24571,1,0.032392,0.000101
24572,1,0.032377,0.000094
24573,1,0.032362,0.000087
24574,1,0.032347,0.000080
24575,1,0.032331,0.000075
24576,1,0.032316,0.000069
24577,1,0.032301,0.000064
24578,1,0.032286,0.000060
24579,1,0.032271,0.000056
24580,1,0.032256,0.000052
24581,1,0.032241,0.000048
24582,1,0.032226,0.000045
24583,1,0.032211,0.000043
24584,1,0.032196,0.000040
24585,1,0.032181,0.000038
24586,1,0.032166,0.000036
24587,1,0.032151,0.000034
24588,1,0.032136,0.000033
24589,1,0.032121,0.000031
24590,1,0.032106,0.000030
24591,1,0.032091,0.000029
24592,1,0.032076,0.000028
24593,1,0.032061,0.000027
24594,1,0.032046,0.000026
24595,1,0.032031,0.000026
24596,1,0.032016,0.000025
24597,1,0.032002,0.000024
24598,1,0.031987,0.000023
24599,1,0.031972,0.000023
24600,1,0.031957,0.000022
24601,1,0.031942,0.000022
24602,1,0.031927,0.000021
24603,1,0.031913,0.000020
24604,1,0.031898,0.000020
24605,1,0.031883,0.000019
24606,1,0.031868,0.000018
24607,1,0.031854,0.000018
24608,1,0.031839,0.000017
24609,1,0.031824,0.000016
24610,1,0.031810,0.000015
24611,1,0.031795,0.000014
24612,1,0.031780,0.000013
24613,1,0.031766,0.000012
24614,1,0.031751,0.000012
24615,1,0.031736,0.000011
24616,1,0.031722,0.000010
24617,1,0.031707,0.000009
24618,1,0.031693,0.000009
24619,1,0.031678,0.000008
24620,1,0.031663,0.000008
24621,1,0.031649,0.000007
24622,1,0.031634,0.000006
24623,1,0.031620,0.000006
24624,1,0.031605,0.000006
24625,1,0.031591,0.000005
24626,1,0.031576,0.000005
24627,1,0.031562,0.000004
24628,1,0.031547,0.000004
24629,1,0.031533,0.000004
24630,1,0.031519,0.000004
24631,1,0.031504,0.000003
24632,1,0.031490,0.000003
24633,1,0.031475,0.000003
24634,1,0.031461,0.000003
24635,1,0.031447,0.000003
24636,1,0.031432,0.000003
24637,1,0.031418,0.000003
24638,1,0.031404,0.000002
24639,1,0.031389,0.000002
24640,1,0.031375,0.000002
24641,1,0.031361,0.000002
24642,1,0.031346,0.000002
24643,1,0.031332,0.000002
24644,1,0.031318,0.000002
24645,1,0.031304,0.000002
24646,1,0.031289,0.000002
24647,1,0.031275,0.000002
24648,1,0.031261,0.000002
24649,1,0.031247,0.000002
24650,1,0.031233,0.000002
24651,1,0.031218,0.000002
24652,1,0.031204,0.000002
24653,1,0.031190,0.000002
24654,1,0.031176,0.000001
24655,1,0.031162,0.000001
24656,1,0.031148,0.000001
24657,1,0.031134,0.000001
24658,1,0.031120,0.000001
24659,1,0.031105,0.000001
24660,1,0.031091,0.000001
24661,1,0.031077,0.000001
24662,1,0.031063,0.000001
24663,1,0.031049,0.000001
24664,1,0.031035,0.000001
24665,1,0.031021,0.000001
24666,1,0.031007,0.000001
24667,1,0.030993,0.000001
24668,1,0.030979,0.000001
24669,1,0.030965,0.000001
24670,1,0.030951,0.000001
24671,1,0.030937,0.000000
24672,1,0.030924,0.000000
24673,1,0.030910,0.000000
24674,1,0.030896,0.000000
24675,1,0.030882,0.000000
24676,1,0.030868,0.000000
24677,1,0.030854,0.000000
24678,1,0.030840,0.000000
24679,1,0.030826,0.000000
24680,1,0.030813,0.000000
24681,1,0.030799,0.000000
24682,1,0.030785,0.000000
24683,1,0.030771,0.000000
24684,1,0.030757,0.000000
24685,1,0.030744,0.000000
24686,1,0.030730,0.000000
24687,1,0.030716,0.000000
24688,1,0.030702,0.000000
24689,1,0.030689,0.000000
24690,1,0.030675,0.000000
24691,1,0.030661,0.000000
24692,1,0.030648,0.000000
24693,1,0.030634,0.000000
24694,1,0.030620,0.000000
24695,1,0.030606,0.000000
24696,1,0.030593,0.000000
24697,1,0.030579,0.000000
24698,1,0.030566,0.000000
24699,1,0.030552,0.000000
24700,1,0.030538,0.000000
24701,1,0.030525,0.000000
24702,1,0.030511,0.000000
24703,1,0.030498,0.000000
24704,1,0.030484,0.000000
24705,1,0.030471,0.000000
24706,1,0.030457,0.000000
24707,1,0.030443,0.000000
24708,1,0.030430,0.000000
24709,1,0.030416,0.000000
24710,1,0.030403,0.000000
24711,1,0.030390,0.000000
24712,1,0.030376,0.000000
24713,1,0.030363,0.000000
24714,1,0.030349,0.000000
24715,1,0.030336,0.000000
24716,1,0.030322,0.000000
24717,1,0.030309,0.000000
24718,1,0.030295,0.000000
24719,1,0.030282,0.000000
24720,1,0.030269,0.000000
24721,1,0.030255,0.000000
24722,1,0.030242,0.000000
24723,1,0.030229,0.000000
24724,1,0.030215,0.000000
24725,1,0.030202,0.000000
24726,1,0.030189,0.000000
24727,1,0.030175,0.000000
24728,1,0.030162,0.000000
24729,1,0.030149,0.000000
24730,1,0.030136,0.000000
24731,1,0.030122,0.000000
24732,1,0.030109,0.000000
24733,1,0.030096,0.000000
24734,1,0.030083,0.000000
24735,1,0.030069,0.000000
24736,1,0.030056,0.000000
24737,1,0.030043,0.000000
24738,1,0.030030,0.000000
24739,1,0.030017,0.000000
24740,1,0.030003,0.000000
24741,1,0.029990,0.000000
24742,1,0.029977,0.000000
24743,1,0.029964,0.000000
24744,1,0.029951,0.000000
24745,1,0.029938,0.000000
24746,1,0.029925,0.000000
24747,1,0.029912,0.000000
24748,1,0.029899,0.000000
24749,1,0.029885,0.000000
24750,1,0.029872,0.000000
24751,1,0.029859,0.000000
24752,1,0.029846,0.000000
24753,1,0.029833,0.000000
24754,1,0.029820,0.000000
24755,1,0.029807,0.000000
24756,1,0.029794,0.000000
24757,1,0.029781,0.000000
24758,1,0.029768,0.000000
24759,1,0.029755,0.000000
24760,1,0.029742,0.000000
24761,1,0.029729,0.000000
24762,1,0.029717,0.000000
24763,1,0.029704,0.000000
24764,1,0.029691,0.000000
24765,1,0.029678,0.000000
24766,1,0.029665,0.000000
24767,1,0.029652,0.000000
24768,1,0.029639,0.000000
24769,1,0.029626,0.000000
24770,1,0.029613,0.000000
24771,1,0.029601,0.000000
24772,1,0.029588,0.000000
24773,1,0.029575,0.000000
24774,1,0.029562,0.000000
24775,1,0.029549,0.000000
24776,1,0.029537,0.000000
24777,1,0.029524,0.000000
24778,1,0.029511,0.000000
24779,1,0.029498,0.000000
24780,1,0.029486,0.000000
24781,1,0.029473,0.000000
24782,1,0.029460,0.000000
24783,1,0.029447,0.000000
24784,1,0.029435,0.000000
24785,1,0.029422,0.000000
24786,1,0.029409,0.000000
24787,1,0.029397,0.000000
24788,1,0.029384,0.000000
24789,1,0.029371,0.000000
24790,1,0.029359,0.000000
24791,1,0.029346,0.000000
24792,1,0.029333,0.000000
24793,1,0.029321,0.000000
24794,1,0.029308,0.000000
24795,1,0.029296,0.000000
24796,1,0.029283,0.000000
24797,1,0.029270,0.000000
24798,1,0.029258,0.000000
24799,1,0.029245,0.000000
24800,1,0.029233,0.000000
24801,1,0.029220,0.000000
24802,1,0.029208,0.000000
24803,1,0.029195,0.000000
24804,1,0.029183,0.000000
24805,1,0.029170,0.000000
24806,1,0.029158,0.000000
24807,1,0.029145,0.000000
24808,1,0.029133,0.000000
24809,1,0.029120,0.000000
24810,1,0.029108,0.000000
24811,1,0.029095,0.000000
24812,1,0.029083,0.000000
24813,1,0.029070,0.000000
24814,1,0.029058,0.000000
24815,1,0.029046,0.000000
24816,1,0.029033,0.000000
24817,1,0.029021,0.000000
24818,1,0.029008,0.000000
24819,1,0.028996,0.000000
24820,1,0.028984,0.000000
24821,1,0.028971,0.000000
24822,1,0.028959,0.000000
24823,1,0.028947,0.000000
24824,1,0.028934,0.000000
24825,1,0.028922,0.000000
24826,1,0.028910,0.000000
24827,1,0.028898,0.000000
24828,1,0.028885,0.000000
24829,1,0.028873,0.000000
24830,1,0.028861,0.000000
24831,1,0.028848,0.000000
24832,1,0.028836,0.000000
24833,1,0.028824,0.000000
24834,1,0.028812,0.000000
24835,1,0.028800,0.000000
24836,1,0.028787,0.000000
24837,1,0.028775,0.000000
24838,1,0.028763,0.000000
24839,1,0.028751,0.000000
24840,1,0.028739,0.000000
24841,1,0.028726,0.000000
24842,1,0.028714,0.000000
24843,1,0.028702,0.000000
24844,1,0.028690,0.000000
24845,1,0.028678,0.000000
24846,1,0.028666,0.000000
24847,1,0.028654,0.000000
24848,1,0.028642,0.000000
24849,1,0.028630,0.000000
24850,1,0.028617,0.000000
24851,1,0.028605,0.000000
24852,1,0.028593,0.000000
24853,1,0.028581,0.000000
24854,1,0.028569,0.000000
24855,1,0.028557,0.000000
24856,1,0.028545,0.000000
24857,1,0.028533,0.000000
24858,1,0.028521,0.000000
24859,1,0.028509,0.000000
24860,1,0.028497,0.000000
24861,1,0.028485,0.000000
24862,1,0.028473,0.000000
24863,1,0.028461,0.000000
24864,1,0.028449,0.000000
24865,1,0.028437,0.000000
24866,1,0.028426,0.000000
24867,1,0.028414,0.000000
24868,1,0.028402,0.000000
24869,1,0.028390,0.000000
24870,1,0.028378,0.000000
24871,1,0.028366,0.000000
24872,1,0.028354,0.000000
24873,1,0.028342,0.000000
24874,1,0.028330,0.000000
24875,1,0.028319,0.000000
24876,1,0.028307,0.000000
24877,1,0.028295,0.000000
24878,1,0.028283,0.000000
24879,1,0.028271,0.000000
24880,1,0.028259,0.000000
24881,1,0.028248,0.000000
24882,1,0.028236,0.000000
24883,1,0.028224,0.000000
24884,1,0.028212,0.000000
24885,1,0.028201,0.000000
24886,1,0.028189,0.000000
24887,1,0.028177,0.000000
24888,1,0.028165,0.000000
24889,1,0.028154,0.000000
24890,1,0.028142,0.000000
24891,1,0.028130,0.000000
24892,1,0.028118,0.000000
24893,1,0.028107,0.000000
24894,1,0.028095,0.000000
24895,1,0.028083,0.000000
24896,1,0.028072,0.000000
24897,1,0.028060,0.000000
24898,1,0.028048,0.000000
24899,1,0.028037,0.000000
24900,1,0.028025,0.000000
24901,1,0.028014,0.000000
24902,1,0.028002,0.000000
24903,1,0.027990,0.000000
24904,1,0.027979,0.000000
24905,1,0.027967,0.000000
24906,1,0.027956,0.000000
24907,1,0.027944,0.000000
24908,1,0.027932,0.000000
24909,1,0.027921,0.000000
24910,1,0.027909,0.000000
24911,1,0.027898,0.000000
24912,1,0.027886,0.000000
24913,1,0.027875,0.000000
24914,1,0.027863,0.000000
24915,1,0.027852,0.000000
24916,1,0.027840,0.000000
24917,1,0.027829,0.000000
24918,1,0.027817,0.000000
24919,1,0.027806,0.000000
24920,1,0.027794,0.000000
24921,1,0.027783,0.000000
24922,1,0.027772,0.000000
24923,1,0.027760,0.000000
24924,1,0.027749,0.000000
24925,1,0.027737,0.000000
24926,1,0.027726,0.000000
24927,1,0.027714,0.000000
24928,1,0.027703,0.000000
24929,1,0.027692,0.000000
24930,1,0.027680,0.000000
24931,1,0.027669,0.000000
24932,1,0.027658,0.000000
24933,1,0.027646,0.000000
24934,1,0.027635,0.000000
24935,1,0.027623,0.000000
24936,1,0.027612,0.000000
24937,1,0.027601,0.000000
24938,1,0.027590,0.000000
24939,1,0.027578,0.000000
24940,1,0.027567,0.000000
24941,1,0.027556,0.000000
24942,1,0.027544,0.000000
24943,1,0.027533,0.000000
24944,1,0.027522,0.000000
24945,1,0.027511,0.000000
24946,1,0.027499,0.000000
24947,1,0.027488,0.000000
24948,1,0.027477,0.000000
24949,1,0.027466,0.000000
24950,1,0.027454,0.000000
24951,1,0.027443,0.000000
24952,1,0.027432,0.000000
24953,1,0.027421,0.000000
24954,1,0.027410,0.000000
24955,1,0.027398,0.000000
24956,1,0.027387,0.000000
24957,1,0.027376,0.000000
24958,1,0.027365,0.000000
24959,1,0.027354,0.000000
24960,1,0.027343,0.000000
24961,1,0.027332,0.000000
24962,1,0.027320,0.000000
24963,1,0.027309,0.000000
24964,1,0.027298,0.000000
24965,1,0.027287,0.000000
24966,1,0.027276,0.000000
24967,1,0.027265,0.000000
24968,1,0.027254,0.000000
24969,1,0.027243,0.000000
24970,1,0.027232,0.000000
24971,1,0.027221,0.000000
24972,1,0.027210,0.000000
24973,1,0.027199,0.000000
24974,1,0.027188,0.000000
24975,1,0.027177,0.000000
24976,1,0.027166,0.000000
24977,1,0.027155,0.000000
24978,1,0.027144,0.000000
24979,1,0.027133,0.000000
24980,1,0.027122,0.000000
24981,1,0.027111,0.000000
24982,1,0.027100,0.000000
24983,1,0.027089,0.000000
24984,1,0.027078,0.000000
24985,1,0.027067,0.000000
24986,1,0.027056,0.000000
24987,1,0.027045,0.000000
24988,1,0.027034,0.000000
24989,1,0.027023,0.000000
24990,1,0.027012,0.000000
24991,1,0.027002,0.000000
24992,1,0.026991,0.000000
24993,1,0.026980,0.000000
24994,1,0.026969,0.000000
24995,1,0.026958,0.000000
24996,1,0.026947,0.000000
24997,1,0.026936,0.000000
24998,1,0.026925,0.000000
24999,1,0.026915,0.000000
25000,1,0.026904,0.000000
25001,1,0.026893,0.000000
25002,1,0.026882,0.000000
25003,1,0.026871,0.000000
25004,1,0.026861,0.000000
25005,1,0.026850,0.000000
25006,1,0.026839,0.000000
25007,1,0.026828,0.000000
25008,1,0.026818,0.000000
25009,1,0.026807,0.000000
25010,1,0.026796,0.000000
25011,1,0.026785,0.000000
25012,1,0.026775,0.000000
25013,1,0.026764,0.000000
25014,1,0.026753,0.000000
25015,1,0.026742,0.000000
25016,1,0.026732,0.000000
25017,1,0.026721,0.000000
25018,1,0.026710,0.000000
25019,1,0.026700,0.000000
25020,1,0.026689,0.000000
25021,1,0.026678,0.000000
25022,1,0.026668,0.000000
25023,1,0.026657,0.000000
25024,1,0.026646,0.000000
25025,1,0.026636,0.000000
25026,1,0.026625,0.000000
25027,1,0.026614,0.000000
25028,1,0.026604,0.000000
25029,1,0.026593,0.000000
25030,1,0.026583,0.000000
25031,1,0.026572,0.000000
25032,1,0.026561,0.000000
25033,1,0.026551,0.000000
25034,1,0.026540,0.000000
25035,1,0.026530,0.000000
25036,1,0.026519,0.000000
25037,0,0.026509,0.000000
25038,1,0.026654,0.000000
25039,1,0.026784,0.000000
25040,1,0.026901,0.000000
25041,1,0.027006,0.000000
25042,1,0.027099,0.000000
25043,1,0.027183,0.000000
25044,1,0.027258,0.000000
25045,1,0.027324,0.000000
25046,1,0.027383,0.000000
25047,1,0.027435,0.000000
25048,1,0.027482,0.000000
25049,1,0.027523,0.000000
25050,1,0.027559,0.000000
25051,1,0.027591,0.000000
25052,1,0.027619,0.000000
25053,1,0.027643,0.000000
25054,1,0.027664,0.000000
25055,1,0.027682,0.000006
25056,1,0.027697,0.000052
25057,1,0.027710,0.000129
25058,1,0.027721,0.000230
25059,1,0.027730,0.000350
25060,1,0.027736,0.000486
25061,1,0.027742,0.000633
25062,1,0.027745,0.000788
25063,1,0.027747,0.000950
25064,1,0.027748,0.001117
25065,1,0.027748,0.001285
25066,1,0.027747,0.001454
25067,1,0.027744,0.001621
25068,1,0.027741,0.001786
25069,1,0.027737,0.001946
25070,1,0.027732,0.002100
25071,1,0.027727,0.002247
25072,1,0.027721,0.002386
25073,1,0.027714,0.002516
25074,1,0.027707,0.002636
25075,1,0.027699,0.002744
25076,1,0.027691,0.002842
25077,1,0.027683,0.002927
25078,1,0.027674,0.003000
25079,1,0.027665,0.003060
25080,1,0.027655,0.003108
25081,1,0.027646,0.003142
25082,1,0.027636,0.003156
25083,1,0.027626,0.003146
25084,1,0.027615,0.003114
25085,1,0.027605,0.003059
25086,1,0.027594,0.002984
25087,1,0.027584,0.002892
25088,1,0.027573,0.002787
25089,1,0.027562,0.002670
25090,1,0.027551,0.002545
25091,1,0.027540,0.002416
25092,1,0.027529,0.002283
25093,1,0.027517,0.002151
25094,1,0.027506,0.002019
25095,1,0.027495,0.001891
25096,1,0.027483,0.001768
25097,1,0.027472,0.001649
25098,1,0.027460,0.001537
25099,1,0.027449,0.001432
25100,1,0.027437,0.001333
25101,1,0.027426,0.001242
25102,1,0.027414,0.001158
25103,1,0.027403,0.001081
25104,1,0.027391,0.001011
25105,1,0.027380,0.000947
25106,1,0.027368,0.000890
25107,1,0.027356,0.000839
25108,1,0.027345,0.000793
25109,1,0.027333,0.000752
25110,1,0.027321,0.000716
25111,1,0.027310,0.000684
25112,1,0.027298,0.000655
25113,1,0.027287,0.000630
25114,1,0.027275,0.000608
25115,1,0.027263,0.000588
25116,1,0.027252,0.000570
25117,1,0.027240,0.000554
25118,1,0.027228,0.000539
25119,1,0.027217,0.000526
25120,1,0.027205,0.000513
25121,1,0.027193,0.000502
25122,1,0.027182,0.000490
25123,1,0.027170,0.000479
25124,1,0.027159,0.000468
25125,1,0.027147,0.000457
25126,1,0.027135,0.000444
25127,1,0.027124,0.000430
25128,1,0.027112,0.000415
25129,1,0.027101,0.000398
25130,1,0.027089,0.000381
25131,1,0.027078,0.000363
25132,1,0.027066,0.000344
25133,1,0.027054,0.000325
25134,1,0.027043,0.000306
25135,1,0.027031,0.000287
25136,1,0.027020,0.000269
25137,1,0.027008,0.000251
25138,1,0.026997,0.000234
25139,1,0.026985,0.000218
25140,1,0.026974,0.000202
25141,1,0.026962,0.000188
25142,1,0.026951,0.000174
25143,1,0.026939,0.000162
25144,1,0.026928,0.000150
25145,1,0.026917,0.000139
25146,1,0.026905,0.000130
25147,1,0.026894,0.000121
25148,1,0.026882,0.000113
25149,1,0.026871,0.000106
25150,1,0.026859,0.000099
25151,1,0.026848,0.000093
25152,1,0.026837,0.000088
25153,1,0.026825,0.000083
25154,1,0.026814,0.000079
25155,1,0.026803,0.000076
25156,1,0.026791,0.000072
25157,1,0.026780,0.000070
25158,1,0.026769,0.000067
25159,1,0.026757,0.000065
25160,1,0.026746,0.000062
25161,1,0.026735,0.000061
25162,1,0.026723,0.000059
25163,1,0.026712,0.000057
25164,1,0.026701,0.000056
25165,1,0.026689,0.000054
25166,1,0.026678,0.000053
25167,1,0.026667,0.000051
25168,1,0.026656,0.000050
25169,1,0.026644,0.000048
25170,1,0.026633,0.000047
25171,1,0.026622,0.000045
25172,1,0.026611,0.000043
25173,1,0.026600,0.000041
25174,1,0.026588,0.000039
25175,1,0.026577,0.000037
25176,1,0.026566,0.000034
25177,1,0.026555,0.000032
25178,1,0.026544,0.000030
25179,1,0.026532,0.000028
25180,1,0.026521,0.000026
25181,1,0.026510,0.000025
25182,1,0.026499,0.000023
25183,1,0.026488,0.000021
25184,1,0.026477,0.000020
25185,1,0.026466,0.000018
25186,1,0.026455,0.000017
25187,1,0.026443,0.000016
25188,1,0.026432,0.000015
25189,1,0.026421,0.000014
25190,1,0.026410,0.000013
25191,1,0.026399,0.000012
25192,1,0.026388,0.000011
25193,1,0.026377,0.000010
25194,1,0.026366,0.000010
25195,1,0.026355,0.000009
25196,1,0.026344,0.000009
25197,1,0.026333,0.000008
25198,1,0.026322,0.000008
25199,1,0.026311,0.000008
25200,1,0.026300,0.000007
25201,1,0.026289,0.000007
25202,1,0.026278,0.000007
25203,1,0.026267,0.000007
25204,1,0.026256,0.000007
25205,1,0.026245,0.000006
25206,1,0.026234,0.000006
25207,1,0.026223,0.000006
25208,1,0.026212,0.000006
25209,1,0.026202,0.000006
25210,1,0.026191,0.000006
25211,1,0.026180,0.000005
25212,1,0.026169,0.000005
25213,1,0.026158,0.000005
25214,1,0.026147,0.000005
25215,1,0.026136,0.000004
25216,1,0.026125,0.000004
25217,1,0.026115,0.000004
25218,1,0.026104,0.000004
25219,1,0.026093,0.000004
25220,1,0.026082,0.000003
25221,1,0.026071,0.000003
25222,1,0.026060,0.000003
25223,1,0.026050,0.000003
25224,1,0.026039,0.000002
25225,1,0.026028,0.000002
25226,1,0.026017,0.000002
25227,1,0.026007,0.000002
25228,1,0.025996,0.000002
25229,1,0.025985,0.000002
25230,1,0.025974,0.000002
25231,1,0.025964,0.000001
25232,1,0.025953,0.000001
25233,1,0.025942,0.000001
25234,1,0.025931,0.000001
25235,1,0.025921,0.000001
25236,1,0.025910,0.000001
25237,1,0.025899,0.000001
25238,1,0.025889,0.000001
25239,1,0.025878,0.000001
25240,1,0.025867,0.000001
25241,1,0.025857,0.000001
25242,1,0.025846,0.000001
25243,1,0.025835,0.000001
25244,1,0.025825,0.000001
25245,1,0.025814,0.000001
25246,1,0.025804,0.000001
25247,1,0.025793,0.000001
25248,1,0.025782,0.000001
25249,1,0.025772,0.000001
25250,1,0.025761,0.000001
25251,1,0.025751,0.000001
25252,1,0.025740,0.000001
25253,1,0.025729,0.000001
25254,1,0.025719,0.000001
25255,1,0.025708,0.000001
25256,1,0.025698,0.000001
25257,1,0.025687,0.000000
25258,1,0.025677,0.000000
25259,1,0.025666,0.000000
25260,1,0.025656,0.000000
25261,1,0.025645,0.000000
25262,1,0.025635,0.000000
25263,1,0.025624,0.000000
25264,1,0.025614,0.000000
25265,1,0.025603,0.000000
25266,1,0.025593,0.000000
25267,1,0.025582,0.000000
25268,1,0.025572,0.000000
25269,1,0.025562,0.000000
25270,1,0.025551,0.000000
25271,1,0.025541,0.000000
25272,1,0.025530,0.000000
25273,1,0.025520,0.000000
25274,1,0.025509,0.000000
25275,1,0.025499,0.000000
25276,1,0.025489,0.000000
25277,1,0.025478,0.000000
25278,1,0.025468,0.000000
25279,1,0.025458,0.000000
25280,1,0.025447,0.000000
25281,1,0.025437,0.000000
25282,1,0.025426,0.000000
25283,1,0.025416,0.000000
25284,1,0.025406,0.000000
25285,1,0.025395,0.000000
25286,1,0.025385,0.000000
25287,1,0.025375,0.000000
25288,1,0.025365,0.000000
25289,1,0.025354,0.000000
25290,1,0.025344,0.000000
25291,1,0.025334,0.000000
25292,1,0.025323,0.000000
25293,1,0.025313,0.000000
25294,1,0.025303,0.000000
25295,1,0.025293,0.000000
25296,1,0.025282,0.000000
25297,1,0.025272,0.000000
25298,1,0.025262,0.000000
25299,1,0.025252,0.000000
25300,1,0.025242,0.000000
25301,1,0.025231,0.000000
25302,1,0.025221,0.000000
25303,1,0.025211,0.000000
25304,1,0.025201,0.000000
25305,1,0.025191,0.000000
25306,1,0.025180,0.000000
25307,1,0.025170,0.000000
25308,1,0.025160,0.000000
25309,1,0.025150,0.000000
25310,1,0.025140,0.000000
25311,1,0.025130,0.000000
25312,1,0.025120,0.000000
25313,1,0.025109,0.000000
25314,1,0.025099,0.000000
25315,1,0.025089,0.000000
25316,1,0.025079,0.000000
25317,1,0.025069,0.000000
25318,1,0.025059,0.000000
25319,1,0.025049,0.000000
25320,1,0.025039,0.000000
25321,1,0.025029,0.000000
25322,1,0.025019,0.000000
25323,1,0.025009,0.000000
25324,1,0.024999,0.000000
25325,1,0.024989,0.000000
25326,1,0.024979,0.000000
25327,1,0.024969,0.000000
25328,1,0.024959,0.000000
25329,1,0.024949,0.000000
25330,1,0.024939,0.000000
25331,1,0.024929,0.000000
25332,1,0.024919,0.000000
25333,1,0.024909,0.000000
25334,1,0.024899,0.000000
25335,1,0.024889,0.000000
25336,1,0.024879,0.000000
25337,1,0.024869,0.000000
25338,1,0.024859,0.000000
25339,1,0.024849,0.000000
25340,1,0.024839,0.000000
25341,1,0.024829,0.000000
25342,1,0.024819,0.000000
25343,1,0.024809,0.000000
25344,1,0.024799,0.000000
25345,1,0.024789,0.000000
25346,1,0.024780,0.000000
25347,1,0.024770,0.000000
25348,1,0.024760,0.000000
25349,1,0.024750,0.000000
25350,1,0.024740,0.000000
25351,1,0.024730,0.000000
25352,1,0.024720,0.000000
25353,1,0.024710,0.000000
25354,1,0.024701,0.000000
25355,1,0.024691,0.000000
25356,1,0.024681,0.000000
25357,1,0.024671,0.000000
25358,1,0.024661,0.000000
25359,1,0.024652,0.000000
25360,1,0.024642,0.000000
25361,1,0.024632,0.000000
25362,1,0.024622,0.000000
25363,1,0.024612,0.000000
25364,1,0.024603,0.000000
25365,1,0.024593,0.000000
25366,1,0.024583,0.000000
25367,1,0.024573,0.000000
25368,1,0.024564,0.000000
25369,1,0.024554,0.000000
25370,1,0.024544,0.000000
25371,1,0.024535,0.000000
25372,1,0.024525,0.000000
25373,1,0.024515,0.000000
25374,1,0.024505,0.000000
25375,1,0.024496,0.000000
25376,1,0.024486,0.000000
25377,1,0.024476,0.000000
25378,1,0.024467,0.000000
25379,1,0.024457,0.000000
25380,1,0.024447,0.000000
25381,1,0.024438,0.000000
25382,1,0.024428,0.000000
25383,1,0.024418,0.000000
25384,1,0.024409,0.000000
25385,1,0.024399,0.000000
25386,1,0.024390,0.000000
25387,1,0.024380,0.000000
25388,1,0.024370,0.000000
25389,1,0.024361,0.000000
25390,1,0.024351,0.000000
25391,1,0.024342,0.000000
25392,1,0.024332,0.000000
25393,1,0.024322,0.000000
25394,1,0.024313,0.000000
25395,1,0.024303,0.000000
25396,1,0.024294,0.000000
25397,1,0.024284,0.000000
25398,1,0.024275,0.000000
25399,1,0.024265,0.000000
25400,1,0.024256,0.000000
25401,1,0.024246,0.000000
25402,1,0.024237,0.000000
25403,1,0.024227,0.000000
25404,1,0.024218,0.000000
25405,1,0.024208,0.000000
25406,1,0.024199,0.000000
25407,1,0.024189,0.000000
25408,1,0.024180,0.000000
25409,1,0.024170,0.000000
25410,1,0.024161,0.000000
25411,1,0.024151,0.000000
25412,1,0.024142,0.000000
25413,1,0.024132,0.000000
25414,1,0.024123,0.000000
25415,1,0.024113,0.000000
25416,1,0.024104,0.000000
25417,1,0.024095,0.000000
25418,1,0.024085,0.000000
25419,1,0.024076,0.000000
25420,1,0.024066,0.000000
25421,1,0.024057,0.000000
25422,1,0.024048,0.000000
25423,1,0.024038,0.000000
25424,1,0.024029,0.000000
25425,1,0.024019,0.000000
25426,1,0.024010,0.000000
25427,1,0.024001,0.000000
25428,1,0.023991,0.000000
25429,1,0.023982,0.000000
25430,1,0.023973,0.000000
25431,1,0.023963,0.000000
25432,1,0.023954,0.000000
25433,1,0.023945,0.000000
25434,1,0.023935,0.000000
25435,1,0.023926,0.000000
25436,1,0.023917,0.000000
25437,1,0.023907,0.000000
25438,1,0.023898,0.000000
25439,1,0.023889,0.000000
25440,1,0.023880,0.000000
25441,1,0.023870,0.000000
25442,1,0.023861,0.000000
25443,1,0.023852,0.000000
25444,1,0.023843,0.000000
25445,1,0.023833,0.000000
25446,1,0.023824,0.000000
25447,1,0.023815,0.000000
25448,1,0.023806,0.000000
25449,1,0.023796,0.000000
25450,1,0.023787,0.000000
25451,1,0.023778,0.000000
25452,1,0.023769,0.000000
25453,1,0.023760,0.000000
25454,1,0.023750,0.000000
25455,1,0.023741,0.000000
25456,1,0.023732,0.000000
25457,1,0.023723,0.000000
25458,1,0.023714,0.000000
25459,1,0.023704,0.000000
25460,1,0.023695,0.000000
25461,1,0.023686,0.000000
25462,1,0.023677,0.000000
25463,1,0.023668,0.000000
25464,1,0.023659,0.000000
25465,1,0.023650,0.000000
25466,1,0.023641,0.000000
25467,1,0.023631,0.000000
25468,1,0.023622,0.000000
25469,1,0.023613,0.000000
25470,1,0.023604,0.000000
25471,1,0.023595,0.000000
25472,1,0.023586,0.000000
25473,1,0.023577,0.000000
25474,1,0.023568,0.000000
25475,1,0.023559,0.000000
25476,1,0.023550,0.000000
25477,1,0.023541,0.000000
25478,1,0.023532,0.000000
25479,1,0.023523,0.000000
25480,1,0.023513,0.000000
25481,1,0.023504,0.000000
25482,1,0.023495,0.000000
25483,1,0.023486,0.000000
25484,1,0.023477,0.000000
25485,1,0.023468,0.000000
25486,1,0.023459,0.000000
25487,1,0.023450,0.000000
25488,1,0.023441,0.000000
25489,1,0.023432,0.000000
25490,1,0.023423,0.000000
25491,1,0.023414,0.000000
25492,1,0.023405,0.000000
25493,1,0.023397,0.000000
25494,1,0.023388,0.000000
25495,1,0.023379,0.000000
25496,1,0.023370,0.000000
25497,1,0.023361,0.000000
25498,1,0.023352,0.000000
25499,1,0.023343,0.000000
25500,1,0.023334,0.000000
25501,1,0.023325,0.000000
25502,1,0.023316,0.000000
25503,1,0.023307,0.000000
25504,1,0.023298,0.000000
25505,1,0.023289,0.000000
25506,1,0.023281,0.000000
25507,1,0.023272,0.000000
25508,1,0.023263,0.000000
25509,1,0.023254,0.000000
25510,1,0.023245,0.000000
25511,1,0.023236,0.000000
25512,1,0.023227,0.000000
25513,1,0.023218,0.000000
25514,1,0.023210,0.000000
25515,1,0.023201,0.000000
25516,1,0.023192,0.000000
25517,1,0.023183,0.000000
25518,1,0.023174,0.000000
25519,1,0.023166,0.000000
25520,1,0.023157,0.000000
25521,1,0.023148,0.000000
25522,1,0.023139,0.000000
25523,1,0.023130,0.000000
25524,1,0.023122,0.000000
25525,1,0.023113,0.000000
25526,1,0.023104,0.000000
25527,1,0.023095,0.000000
25528,1,0.023086,0.000000
25529,1,0.023078,0.000000
25530,1,0.023069,0.000000
25531,1,0.023060,0.000000
25532,1,0.023051,0.000000
25533,1,0.023043,0.000000
25534,1,0.023034,0.000000
25535,1,0.023025,0.000000
25536,1,0.023017,0.000000
25537,1,0.023008,0.000000
25538,1,0.022999,0.000000
25539,1,0.022990,0.000000
25540,1,0.022982,0.000000
25541,1,0.022973,0.000000
25542,1,0.022964,0.000000
25543,1,0.022956,0.000000
25544,1,0.022947,0.000000
25545,1,0.022938,0.000000
25546,1,0.022930,0.000000
25547,1,0.022921,0.000000
25548,1,0.022912,0.000000
25549,1,0.022904,0.000000
25550,1,0.022895,0.000000
25551,1,0.022886,0.000000
25552,1,0.022878,0.000000
25553,1,0.022869,0.000000
25554,1,0.022861,0.000000
25555,1,0.022852,0.000000
25556,1,0.022843,0.000000
25557,1,0.022835,0.000000
25558,1,0.022826,0.000000
25559,1,0.022818,0.000000
25560,1,0.022809,0.000000
25561,1,0.022800,0.000000
25562,1,0.022792,0.000000
25563,1,0.022783,0.000000
25564,1,0.022775,0.000000
25565,1,0.022766,0.000000
25566,1,0.022758,0.000000
25567,1,0.022749,0.000000
25568,1,0.022740,0.000000
25569,1,0.022732,0.000000
25570,1,0.022723,0.000000
25571,1,0.022715,0.000000
25572,1,0.022706,0.000000
25573,1,0.022698,0.000000
25574,1,0.022689,0.000000
25575,1,0.022681,0.000000
25576,1,0.022672,0.000000
25577,1,0.022664,0.000000
25578,1,0.022655,0.000000
25579,1,0.022647,0.000000
25580,1,0.022638,0.000000
25581,1,0.022630,0.000000
25582,1,0.022621,0.000000
25583,1,0.022613,0.000000
25584,1,0.022604,0.000000
25585,1,0.022596,0.000000
25586,1,0.022588,0.000000
25587,1,0.022579,0.000000
25588,1,0.022571,0.000000
25589,1,0.022562,0.000000
25590,1,0.022554,0.000000
25591,1,0.022545,0.000000
25592,1,0.022537,0.000000
25593,1,0.022529,0.000000
25594,1,0.022520,0.000000
25595,1,0.022512,0.000000
25596,1,0.022503,0.000000
25597,1,0.022495,0.000000
25598,1,0.022487,0.000000
25599,1,0.022478,0.000000
25600,1,0.022470,0.000000
25601,1,0.022461,0.000000
25602,1,0.022453,0.000000
25603,1,0.022445,0.000000
25604,1,0.022436,0.000000
25605,1,0.022428,0.000000
25606,1,0.022420,0.000000
25607,1,0.022411,0.000000
25608,1,0.022403,0.000000
25609,1,0.022395,0.000000
25610,1,0.022386,0.000000
25611,1,0.022378,0.000000
25612,1,0.022370,0.000000
25613,1,0.022361,0.000000
25614,1,0.022353,0.000000
25615,1,0.022345,0.000000
25616,1,0.022336,0.000000
25617,1,0.022328,0.000000
25618,1,0.022320,0.000000
25619,1,0.022312,0.000000
25620,1,0.022303,0.000000
25621,1,0.022295,0.000000
25622,1,0.022287,0.000000
25623,1,0.022279,0.000000
25624,1,0.022270,0.000000
25625,1,0.022262,0.000000
25626,1,0.022254,0.000000
25627,1,0.022246,0.000000
25628,1,0.022237,0.000000
25629,1,0.022229,0.000000
25630,1,0.022221,0.000000
25631,1,0.022213,0.000000
25632,1,0.022204,0.000000
25633,1,0.022196,0.000000
25634,1,0.022188,0.000000
25635,1,0.022180,0.000000
25636,1,0.022172,0.000000
25637,1,0.022163,0.000000
25638,1,0.022155,0.000000
25639,1,0.022147,0.000000
25640,1,0.022139,0.000000
25641,1,0.022131,0.000000
25642,1,0.022123,0.000000
25643,1,0.022114,0.000000
25644,1,0.022106,0.000000
25645,1,0.022098,0.000000
25646,1,0.022090,0.000000
25647,1,0.022082,0.000000
25648,1,0.022074,0.000000
25649,1,0.022065,0.000000
25650,1,0.022057,0.000000
25651,1,0.022049,0.000000
25652,1,0.022041,0.000000
25653,1,0.022033,0.000000
25654,1,0.022025,0.000000
25655,1,0.022017,0.000000
25656,1,0.022009,0.000000
25657,1,0.022001,0.000000
25658,1,0.021993,0.000000
25659,1,0.021984,0.000000
25660,1,0.021976,0.000000
25661,1,0.021968,0.000000
25662,1,0.021960,0.000000
25663,1,0.021952,0.000000
25664,1,0.021944,0.000000
25665,1,0.021936,0.000000
25666,1,0.021928,0.000000
25667,1,0.021920,0.000000
25668,1,0.021912,0.000000
25669,1,0.021904,0.000000
25670,1,0.021896,0.000000
25671,1,0.021888,0.000000
25672,1,0.021880,0.000000
25673,1,0.021872,0.000000
25674,1,0.021864,0.000000
25675,1,0.021856,0.000000
25676,1,0.021848,0.000000
25677,1,0.021840,0.000000
25678,1,0.021832,0.000000
25679,1,0.021824,0.000000
25680,1,0.021816,0.000000
25681,1,0.021808,0.000000
25682,1,0.021800,0.000000
25683,1,0.021792,0.000000
25684,1,0.021784,0.000000
25685,1,0.021776,0.000000
25686,1,0.021768,0.000000
25687,1,0.021760,0.000000
25688,1,0.021752,0.000000
25689,1,0.021744,0.000000
25690,1,0.021736,0.000000
25691,1,0.021728,0.000000
25692,1,0.021720,0.000000
25693,1,0.021713,0.000000
25694,1,0.021705,0.000000
25695,1,0.021697,0.000000
25696,1,0.021689,0.000000
25697,1,0.021681,0.000000
25698,1,0.021673,0.000000
25699,1,0.021665,0.000000
25700,1,0.021657,0.000000
25701,1,0.021649,0.000000
25702,1,0.021641,0.000000
25703,1,0.021634,0.000000
25704,1,0.021626,0.000000
25705,1,0.021618,0.000000
25706,1,0.021610,0.000000
25707,1,0.021602,0.000000
25708,1,0.021594,0.000000
25709,1,0.021586,0.000000
25710,1,0.021579,0.000000
25711,1,0.021571,0.000000
25712,1,0.021563,0.000000
25713,1,0.021555,0.000000
25714,1,0.021547,0.000000
25715,1,0.021539,0.000000
25716,1,0.021532,0.000000
25717,1,0.021524,0.000000
25718,1,0.021516,0.000000
25719,1,0.021508,0.000000
25720,1,0.021500,0.000000
25721,1,0.021493,0.000000
25722,1,0.021485,0.000000
25723,1,0.021477,0.000000
25724,1,0.021469,0.000000
25725,1,0.021462,0.000000
25726,1,0.021454,0.000000
25727,1,0.021446,0.000000
25728,1,0.021438,0.000000
25729,1,0.021430,0.000000
25730,1,0.021423,0.000000
25731,1,0.021415,0.000000
25732,1,0.021407,0.000000
25733,1,0.021400,0.000000
25734,1,0.021392,0.000000
25735,1,0.021384,0.000000
25736,1,0.021376,0.000000
25737,1,0.021369,0.000000
25738,1,0.021361,0.000000
25739,1,0.021353,0.000000
25740,1,0.021345,0.000000
25741,1,0.021338,0.000000
25742,1,0.021330,0.000000
25743,1,0.021322,0.000000
25744,1,0.021315,0.000000
25745,1,0.021307,0.000000
25746,1,0.021299,0.000000
25747,1,0.021292,0.000000
25748,1,0.021284,0.000000
25749,1,0.021276,0.000000
25750,1,0.021269,0.000000
25751,1,0.021261,0.000000
25752,1,0.021253,0.000000
25753,1,0.021246,0.000000
25754,1,0.021238,0.000000
25755,1,0.021230,0.000000
25756,1,0.021223,0.000000
25757,1,0.021215,0.000000
25758,1,0.021208,0.000000
25759,1,0.021200,0.000000
25760,1,0.021192,0.000000
25761,1,0.021185,0.000000
25762,1,0.021177,0.000000
25763,1,0.021169,0.000000
25764,1,0.021162,0.000000
25765,1,0.021154,0.000000
25766,1,0.021147,0.000000
25767,1,0.021139,0.000000
25768,1,0.021132,0.000000
25769,1,0.021124,0.000000
25770,1,0.021116,0.000000
25771,1,0.021109,0.000000
25772,1,0.021101,0.000000
25773,1,0.021094,0.000000
25774,1,0.021086,0.000000
25775,1,0.021079,0.000000
25776,1,0.021071,0.000000
25777,1,0.021063,0.000000
25778,1,0.021056,0.000000
25779,1,0.021048,0.000000
25780,1,0.021041,0.000000
25781,1,0.021033,0.000000
25782,1,0.021026,0.000000
25783,1,0.021018,0.000000
25784,1,0.021011,0.000000
25785,1,0.021003,0.000000
25786,1,0.020996,0.000000
25787,1,0.020988,0.000000
25788,1,0.020981,0.000000
25789,1,0.020973,0.000000
25790,1,0.020966,0.000000
25791,1,0.020958,0.000000
25792,1,0.020951,0.000000
25793,1,0.020943,0.000000
25794,1,0.020936,0.000000
25795,1,0.020928,0.000000
25796,1,0.020921,0.000000
25797,1,0.020914,0.000000
25798,1,0.020906,0.000000
25799,1,0.020899,0.000000
25800,1,0.020891,0.000000
25801,1,0.020884,0.000000
25802,1,0.020876,0.000000
25803,1,0.020869,0.000000
25804,1,0.020861,0.000000
25805,1,0.020854,0.000000
25806,1,0.020847,0.000000
25807,1,0.020839,0.000000
25808,1,0.020832,0.000000
25809,1,0.020824,0.000000
25810,1,0.020817,0.000000
25811,1,0.020810,0.000000
25812,1,0.020802,0.000000
25813,1,0.020795,0.000000
25814,1,0.020787,0.000000
25815,1,0.020780,0.000000
25816,1,0.020773,0.000000
25817,1,0.020765,0.000000
25818,1,0.020758,0.000000
25819,1,0.020751,0.000000
25820,1,0.020743,0.000000
25821,1,0.020736,0.000000
25822,1,0.020728,0.000000
25823,1,0.020721,0.000000
25824,1,0.020714,0.000000
25825,1,0.020706,0.000000
25826,1,0.020699,0.000000
25827,1,0.020692,0.000000
25828,1,0.020684,0.000000
25829,1,0.020677,0.000000
25830,1,0.020670,0.000000
25831,1,0.020663,0.000000
25832,1,0.020655,0.000000
25833,1,0.020648,0.000000
25834,1,0.020641,0.000000
25835,1,0.020633,0.000000
25836,1,0.020626,0.000000
25837,1,0.020619,0.000000
25838,1,0.020611,0.000000
25839,1,0.020604,0.000000
25840,1,0.020597,0.000000
25841,1,0.020590,0.000000
25842,1,0.020582,0.000000
25843,1,0.020575,0.000000
25844,1,0.020568,0.000000
25845,0,0.020561,0.000000
25846,1,0.020691,0.000000
25847,1,0.020808,0.000000
25848,1,0.020914,0.000000
25849,1,0.021009,0.000000
25850,1,0.021094,0.000000
25851,1,0.021170,0.000000
25852,1,0.021239,0.000000
25853,1,0.021300,0.000000
25854,1,0.021355,0.000000
25855,1,0.021404,0.000000
25856,1,0.021448,0.000000
25857,1,0.021487,0.000000
25858,1,0.021522,0.000000
25859,1,0.021553,0.000000
25860,1,0.021581,0.000000
25861,1,0.021606,0.000000
25862,1,0.021627,0.000000
25863,1,0.021646,0.000000
25864,1,0.021663,0.000000
25865,1,0.021677,0.000043
25866,1,0.021689,0.000135
25867,1,0.021700,0.000268
25868,1,0.021709,0.000432
25869,1,0.021716,0.000621
25870,1,0.021722,0.000828
25871,1,0.021727,0.001050
25872,1,0.021730,0.001280
25873,1,0.021732,0.001515
25874,1,0.021733,0.001751
25875,1,0.021734,0.001985
25876,1,0.021733,0.002214
25877,1,0.021732,0.002434
25878,1,0.021730,0.002645
25879,1,0.021727,0.002842
25880,1,0.021724,0.003026
25881,1,0.021721,0.003194
25882,1,0.021716,0.003345
25883,1,0.021712,0.003477
25884,1,0.021707,0.003578
25885,1,0.021701,0.003643
25886,1,0.021696,0.003669
25887,1,0.021690,0.003658
25888,1,0.021684,0.003613
25889,1,0.021677,0.003538
25890,1,0.021671,0.003438
25891,1,0.021664,0.003317
25892,1,0.021657,0.003180
25893,1,0.021650,0.003033
25894,1,0.021643,0.002878
25895,1,0.021635,0.002720
25896,1,0.021628,0.002562
25897,1,0.021620,0.002407
25898,1,0.021613,0.002256
25899,1,0.021605,0.002111
25900,1,0.021597,0.001975
25901,1,0.021589,0.001846
25902,1,0.021582,0.001727
25903,1,0.021574,0.001618
25904,1,0.021566,0.001518
25905,1,0.021558,0.001428
25906,1,0.021550,0.001347
25907,1,0.021542,0.001274
25908,1,0.021534,0.001210
25909,1,0.021526,0.001153
25910,1,0.021517,0.001104
25911,1,0.021509,0.001060
25912,1,0.021501,0.001022
25913,1,0.021493,0.000989
25914,1,0.021485,0.000961
25915,1,0.021476,0.000935
25916,1,0.021468,0.000913
25917,1,0.021460,0.000893
25918,1,0.021452,0.000875
25919,1,0.021444,0.000858
25920,1,0.021435,0.000842
25921,1,0.021427,0.000826
25922,1,0.021419,0.000808
25923,1,0.021411,0.000787
25924,1,0.021402,0.000763
25925,1,0.021394,0.000736
25926,1,0.021386,0.000707
25927,1,0.021378,0.000676
25928,1,0.021369,0.000643
25929,1,0.021361,0.000610
25930,1,0.021353,0.000576
25931,1,0.021344,0.000542
25932,1,0.021336,0.000508
25933,1,0.021328,0.000475
25934,1,0.021320,0.000444
25935,1,0.021312,0.000413
25936,1,0.021303,0.000385
25937,1,0.021295,0.000358
25938,1,0.021287,0.000333
25939,1,0.021279,0.000309
25940,1,0.021270,0.000288
25941,1,0.021262,0.000269
25942,1,0.021254,0.000251
25943,1,0.021246,0.000235
25944,1,0.021237,0.000220
25945,1,0.021229,0.000208
25946,1,0.021221,0.000196
25947,1,0.021213,0.000186
25948,1,0.021205,0.000177
25949,1,0.021197,0.000169
25950,1,0.021188,0.000162
25951,1,0.021180,0.000156
25952,1,0.021172,0.000151
25953,1,0.021164,0.000146
25954,1,0.021156,0.000141
25955,1,0.021148,0.000138
25956,1,0.021139,0.000134
25957,1,0.021131,0.000131
25958,1,0.021123,0.000127
25959,1,0.021115,0.000124
25960,1,0.021107,0.000120
25961,1,0.021099,0.000116
25962,1,0.021091,0.000111
25963,1,0.021082,0.000107
25964,1,0.021074,0.000102
25965,1,0.021066,0.000097
25966,1,0.021058,0.000091
25967,1,0.021050,0.000086
25968,1,0.021042,0.000081
25969,1,0.021034,0.000076
25970,1,0.021026,0.000071
25971,1,0.021018,0.000066
25972,1,0.021010,0.000061
25973,1,0.021002,0.000057
25974,1,0.020994,0.000053
25975,1,0.020986,0.000049
25976,1,0.020978,0.000046
25977,1,0.020969,0.000043
25978,1,0.020961,0.000040
25979,1,0.020953,0.000037
25980,1,0.020945,0.000035
25981,1,0.020937,0.000033
25982,1,0.020929,0.000031
25983,1,0.020921,0.000029
25984,1,0.020913,0.000027
25985,1,0.020905,0.000026
25986,1,0.020897,0.000025
25987,1,0.020889,0.000024
25988,1,0.020881,0.000023
25989,1,0.020873,0.000022
25990,1,0.020865,0.000021
25991,1,0.020857,0.000021
25992,1,0.020849,0.000020
25993,1,0.020842,0.000020
25994,1,0.020834,0.000019
25995,1,0.020826,0.000019
25996,1,0.020818,0.000018
25997,1,0.020810,0.000017
25998,1,0.020802,0.000017
25999,1,0.020794,0.000016
26000,1,0.020786,0.000015
26001,1,0.020778,0.000015
26002,1,0.020770,0.000014
26003,1,0.020762,0.000013
26004,1,0.020754,0.000012
26005,1,0.020746,0.000012
26006,1,0.020739,0.000011
26007,1,0.020731,0.000010
26008,1,0.020723,0.000009
26009,1,0.020715,0.000009
26010,1,0.020707,0.000008
26011,1,0.020699,0.000008
26012,1,0.020691,0.000007
26013,1,0.020683,0.000007
26014,1,0.020676,0.000006
26015,1,0.020668,0.000006
26016,1,0.020660,0.000005
26017,1,0.020652,0.000005
26018,1,0.020644,0.000005
26019,1,0.020636,0.000004
26020,1,0.020629,0.000004
26021,1,0.020621,0.000004
26022,1,0.020613,0.000004
26023,1,0.020605,0.000004
26024,1,0.020597,0.000003
26025,1,0.020590,0.000003
26026,1,0.020582,0.000003
26027,1,0.020574,0.000003
26028,1,0.020566,0.000003
26029,1,0.020558,0.000003
26030,1,0.020551,0.000003
26031,1,0.020543,0.000003
26032,1,0.020535,0.000003
26033,1,0.020527,0.000003
26034,1,0.020520,0.000003
26035,1,0.020512,0.000002
26036,1,0.020504,0.000002
26037,1,0.020496,0.000002
26038,1,0.020489,0.000002
26039,1,0.020481,0.000002
26040,1,0.020473,0.000002
26041,1,0.020465,0.000002
26042,1,0.020458,0.000002
26043,1,0.020450,0.000002
26044,1,0.020442,0.000001
26045,1,0.020435,0.000001
26046,1,0.020427,0.000001
26047,1,0.020419,0.000001
26048,1,0.020412,0.000001
26049,1,0.020404,0.000001
26050,1,0.020396,0.000001
26051,1,0.020389,0.000001
26052,1,0.020381,0.000001
26053,1,0.020373,0.000001
26054,1,0.020366,0.000001
26055,1,0.020358,0.000001
26056,1,0.020350,0.000001
26057,1,0.020343,0.000001
26058,1,0.020335,0.000001
26059,1,0.020327,0.000001
26060,1,0.020320,0.000001
26061,1,0.020312,0.000001
26062,1,0.020305,0.000000
26063,1,0.020297,0.000000
26064,1,0.020289,0.000000
26065,1,0.020282,0.000000
26066,1,0.020274,0.000000
26067,1,0.020267,0.000000
26068,1,0.020259,0.000000
26069,1,0.020251,0.000000
26070,1,0.020244,0.000000
26071,1,0.020236,0.000000
26072,1,0.020229,0.000000
26073,1,0.020221,0.000000
26074,1,0.020213,0.000000
26075,1,0.020206,0.000000
26076,1,0.020198,0.000000
26077,1,0.020191,0.000000
26078,1,0.020183,0.000000
26079,1,0.020176,0.000000
26080,1,0.020168,0.000000
26081,1,0.020161,0.000000
26082,1,0.020153,0.000000
26083,1,0.020146,0.000000
26084,1,0.020138,0.000000
26085,1,0.020131,0.000000
26086,1,0.020123,0.000000
26087,1,0.020116,0.000000
26088,1,0.020108,0.000000
26089,1,0.020101,0.000000
26090,1,0.020093,0.000000
26091,1,0.020086,0.000000
26092,1,0.020078,0.000000
26093,1,0.020071,0.000000
26094,1,0.020063,0.000000
26095,1,0.020056,0.000000
26096,1,0.020048,0.000000
26097,1,0.020041,0.000000
26098,1,0.020033,0.000000
26099,1,0.020026,0.000000
26100,1,0.020019,0.000000
26101,1,0.020011,0.000000
26102,1,0.020004,0.000000
26103,1,0.019996,0.000000
26104,1,0.019989,0.000000
26105,1,0.019981,0.000000
26106,1,0.019974,0.000000
26107,1,0.019967,0.000000
26108,1,0.019959,0.000000
26109,1,0.019952,0.000000
26110,1,0.019944,0.000000
26111,1,0.019937,0.000000
26112,1,0.019930,0.000000
26113,1,0.019922,0.000000
26114,1,0.019915,0.000000
26115,1,0.019908,0.000000
26116,1,0.019900,0.000000
26117,1,0.019893,0.000000
26118,1,0.019885,0.000000
26119,1,0.019878,0.000000
26120,1,0.019871,0.000000
26121,1,0.019863,0.000000
26122,1,0.019856,0.000000
26123,1,0.019849,0.000000
26124,1,0.019841,0.000000
26125,1,0.019834,0.000000
26126,1,0.019827,0.000000
26127,1,0.019819,0.000000
26128,1,0.019812,0.000000
26129,1,0.019805,0.000000
26130,1,0.019797,0.000000
26131,1,0.019790,0.000000
26132,1,0.019783,0.000000
26133,1,0.019776,0.000000
26134,1,0.019768,0.000000
26135,1,0.019761,0.000000
26136,1,0.019754,0.000000
26137,1,0.019746,0.000000
26138,1,0.019739,0.000000
26139,1,0.019732,0.000000
26140,1,0.019725,0.000000
26141,1,0.019717,0.000000
26142,1,0.019710,0.000000
26143,1,0.019703,0.000000
26144,1,0.019696,0.000000
26145,1,0.019688,0.000000
26146,1,0.019681,0.000000
26147,1,0.019674,0.000000
26148,1,0.019667,0.000000
26149,1,0.019659,0.000000
26150,1,0.019652,0.000000
26151,1,0.019645,0.000000
26152,1,0.019638,0.000000
26153,1,0.019631,0.000000
26154,1,0.019623,0.000000
26155,1,0.019616,0.000000
26156,1,0.019609,0.000000
26157,1,0.019602,0.000000
26158,1,0.019595,0.000000
26159,1,0.019588,0.000000
26160,1,0.019580,0.000000
26161,1,0.019573,0.000000
26162,1,0.019566,0.000000
26163,1,0.019559,0.000000
26164,1,0.019552,0.000000
26165,1,0.019545,0.000000
26166,1,0.019537,0.000000
26167,1,0.019530,0.000000
26168,1,0.019523,0.000000
26169,1,0.019516,0.000000
26170,1,0.019509,0.000000
26171,1,0.019502,0.000000
26172,1,0.019495,0.000000
26173,1,0.019487,0.000000
26174,1,0.019480,0.000000
26175,1,0.019473,0.000000
26176,1,0.019466,0.000000
26177,1,0.019459,0.000000
26178,1,0.019452,0.000000
26179,1,0.019445,0.000000
26180,1,0.019438,0.000000
26181,1,0.019431,0.000000
26182,1,0.019424,0.000000
26183,1,0.019416,0.000000
26184,1,0.019409,0.000000
26185,1,0.019402,0.000000
26186,1,0.019395,0.000000
26187,1,0.019388,0.000000
26188,1,0.019381,0.000000
26189,1,0.019374,0.000000
26190,1,0.019367,0.000000
26191,1,0.019360,0.000000
26192,1,0.019353,0.000000
26193,1,0.019346,0.000000
26194,1,0.019339,0.000000
26195,1,0.019332,0.000000
26196,1,0.019325,0.000000
26197,1,0.019318,0.000000
26198,1,0.019311,0.000000
26199,1,0.019304,0.000000
26200,1,0.019297,0.000000
26201,1,0.019290,0.000000
26202,1,0.019283,0.000000
26203,1,0.019276,0.000000
26204,1,0.019269,0.000000
26205,1,0.019262,0.000000
26206,1,0.019255,0.000000
26207,1,0.019248,0.000000
26208,1,0.019241,0.000000
26209,1,0.019234,0.000000
26210,1,0.019227,0.000000
26211,1,0.019220,0.000000
26212,1,0.019213,0.000000
26213,1,0.019206,0.000000
26214,1,0.019199,0.000000
26215,1,0.019192,0.000000
26216,1,0.019185,0.000000
26217,1,0.019178,0.000000
26218,1,0.019171,0.000000
26219,1,0.019164,0.000000
26220,1,0.019158,0.000000
26221,1,0.019151,0.000000
26222,1,0.019144,0.000000
26223,1,0.019137,0.000000
26224,1,0.019130,0.000000
26225,1,0.019123,0.000000
26226,1,0.019116,0.000000
26227,1,0.019109,0.000000
26228,1,0.019102,0.000000
26229,1,0.019095,0.000000
26230,1,0.019088,0.000000
26231,1,0.019082,0.000000
26232,1,0.019075,0.000000
26233,1,0.019068,0.000000
26234,1,0.019061,0.000000
26235,1,0.019054,0.000000
26236,1,0.019047,0.000000
26237,1,0.019040,0.000000
26238,1,0.019034,0.000000
26239,1,0.019027,0.000000
26240,1,0.019020,0.000000
26241,1,0.019013,0.000000
26242,1,0.019006,0.000000
26243,1,0.018999,0.000000
26244,1,0.018993,0.000000
26245,1,0.018986,0.000000
26246,1,0.018979,0.000000
26247,1,0.018972,0.000000
26248,1,0.018965,0.000000
26249,1,0.018958,0.000000
26250,1,0.018952,0.000000
26251,1,0.018945,0.000000
26252,1,0.018938,0.000000
26253,1,0.018931,0.000000
26254,1,0.018924,0.000000
26255,1,0.018918,0.000000
26256,1,0.018911,0.000000
26257,1,0.018904,0.000000
26258,1,0.018897,0.000000
26259,1,0.018891,0.000000
26260,1,0.018884,0.000000
26261,1,0.018877,0.000000
26262,1,0.018870,0.000000
26263,1,0.018864,0.000000
26264,1,0.018857,0.000000
26265,1,0.018850,0.000000
26266,1,0.018843,0.000000
26267,1,0.018837,0.000000
26268,1,0.018830,0.000000
26269,1,0.018823,0.000000
26270,1,0.018816,0.000000
26271,1,0.018810,0.000000
26272,1,0.018803,0.000000
26273,1,0.018796,0.000000
26274,1,0.018789,0.000000
26275,1,0.018783,0.000000
26276,1,0.018776,0.000000
26277,1,0.018769,0.000000
26278,1,0.018763,0.000000
26279,1,0.018756,0.000000
26280,1,0.018749,0.000000
26281,1,0.018743,0.000000
26282,1,0.018736,0.000000
26283,1,0.018729,0.000000
26284,1,0.018723,0.000000
26285,1,0.018716,0.000000
26286,1,0.018709,0.000000
26287,1,0.018703,0.000000
26288,1,0.018696,0.000000
26289,1,0.018689,0.000000
26290,1,0.018683,0.000000
26291,1,0.018676,0.000000
26292,1,0.018669,0.000000
26293,1,0.018663,0.000000
26294,1,0.018656,0.000000
26295,1,0.018649,0.000000
26296,1,0.018643,0.000000
26297,1,0.018636,0.000000
26298,1,0.018629,0.000000
26299,1,0.018623,0.000000
26300,1,0.018616,0.000000
26301,1,0.018610,0.000000
26302,1,0.018603,0.000000
26303,1,0.018596,0.000000
26304,1,0.018590,0.000000
26305,1,0.018583,0.000000
26306,1,0.018577,0.000000
26307,1,0.018570,0.000000
26308,1,0.018563,0.000000
26309,1,0.018557,0.000000
26310,1,0.018550,0.000000
26311,1,0.018544,0.000000
26312,1,0.018537,0.000000
26313,1,0.018531,0.000000
26314,1,0.018524,0.000000
26315,1,0.018517,0.000000
26316,1,0.018511,0.000000
26317,1,0.018504,0.000000
26318,1,0.018498,0.000000
26319,1,0.018491,0.000000
26320,1,0.018485,0.000000
26321,1,0.018478,0.000000
26322,1,0.018472,0.000000
26323,1,0.018465,0.000000
26324,1,0.018459,0.000000
26325,1,0.018452,0.000000
26326,1,0.018446,0.000000
26327,1,0.018439,0.000000
26328,1,0.018433,0.000000
26329,1,0.018426,0.000000
26330,1,0.018420,0.000000
26331,1,0.018413,0.000000
26332,1,0.018407,0.000000
26333,1,0.018400,0.000000
26334,1,0.018394,0.000000
26335,1,0.018387,0.000000
26336,1,0.018381,0.000000
26337,1,0.018374,0.000000
26338,1,0.018368,0.000000
26339,1,0.018361,0.000000
26340,1,0.018355,0.000000
26341,1,0.018348,0.000000
26342,1,0.018342,0.000000
26343,1,0.018335,0.000000
26344,1,0.018329,0.000000
26345,1,0.018322,0.000000
26346,1,0.018316,0.000000
26347,1,0.018310,0.000000
26348,1,0.018303,0.000000
26349,1,0.018297,0.000000
26350,1,0.018290,0.000000
26351,1,0.018284,0.000000
26352,1,0.018277,0.000000
26353,1,0.018271,0.000000
26354,1,0.018265,0.000000
26355,1,0.018258,0.000000
26356,1,0.018252,0.000000
26357,1,0.018245,0.000000
26358,1,0.018239,0.000000
26359,1,0.018233,0.000000
26360,1,0.018226,0.000000
26361,1,0.018220,0.000000
26362,1,0.018213,0.000000
26363,1,0.018207,0.000000
26364,1,0.018201,0.000000
26365,1,0.018194,0.000000
26366,1,0.018188,0.000000
26367,1,0.018181,0.000000
26368,1,0.018175,0.000000
26369,1,0.018169,0.000000
26370,1,0.018162,0.000000
26371,1,0.018156,0.000000
26372,1,0.018150,0.000000
26373,1,0.018143,0.000000
26374,1,0.018137,0.000000
26375,1,0.018131,0.000000
26376,1,0.018124,0.000000
26377,1,0.018118,0.000000
26378,1,0.018112,0.000000
26379,1,0.018105,0.000000
26380,1,0.018099,0.000000
26381,1,0.018093,0.000000
26382,1,0.018086,0.000000
26383,1,0.018080,0.000000
26384,1,0.018074,0.000000
26385,1,0.018067,0.000000
26386,1,0.018061,0.000000
26387,1,0.018055,0.000000
26388,1,0.018048,0.000000
26389,1,0.018042,0.000000
26390,1,0.018036,0.000000
26391,1,0.018030,0.000000
26392,1,0.018023,0.000000
26393,1,0.018017,0.000000
26394,1,0.018011,0.000000
26395,1,0.018004,0.000000
26396,1,0.017998,0.000000
26397,1,0.017992,0.000000
26398,1,0.017986,0.000000
26399,1,0.017979,0.000000
26400,1,0.017973,0.000000
26401,1,0.017967,0.000000
26402,1,0.017961,0.000000
26403,1,0.017954,0.000000
26404,1,0.017948,0.000000
26405,1,0.017942,0.000000
26406,1,0.017936,0.000000
26407,1,0.017929,0.000000
26408,1,0.017923,0.000000
26409,1,0.017917,0.000000
26410,1,0.017911,0.000000
26411,1,0.017904,0.000000
26412,1,0.017898,0.000000
26413,1,0.017892,0.000000
26414,1,0.017886,0.000000
26415,1,0.017880,0.000000
26416,1,0.017873,0.000000
26417,1,0.017867,0.000000
26418,1,0.017861,0.000000
26419,1,0.017855,0.000000
26420,1,0.017849,0.000000
26421,1,0.017842,0.000000
26422,1,0.017836,0.000000
26423,1,0.017830,0.000000
26424,1,0.017824,0.000000
26425,1,0.017818,0.000000
26426,1,0.017812,0.000000
26427,1,0.017805,0.000000
26428,1,0.017799,0.000000
26429,1,0.017793,0.000000
26430,1,0.017787,0.000000
26431,1,0.017781,0.000000
26432,1,0.017775,0.000000
26433,1,0.017768,0.000000
26434,1,0.017762,0.000000
26435,1,0.017756,0.000000
26436,1,0.017750,0.000000
26437,1,0.017744,0.000000
26438,1,0.017738,0.000000
26439,1,0.017732,0.000000
26440,1,0.017726,0.000000
26441,1,0.017719,0.000000
26442,1,0.017713,0.000000
26443,1,0.017707,0.000000
26444,1,0.017701,0.000000
26445,1,0.017695,0.000000
26446,1,0.017689,0.000000
26447,1,0.017683,0.000000
26448,1,0.017677,0.000000
26449,1,0.017671,0.000000
26450,1,0.017664,0.000000
26451,1,0.017658,0.000000
26452,1,0.017652,0.000000
26453,1,0.017646,0.000000
26454,1,0.017640,0.000000
26455,1,0.017634,0.000000
26456,1,0.017628,0.000000
26457,1,0.017622,0.000000
26458,1,0.017616,0.000000
26459,1,0.017610,0.000000
26460,1,0.017604,0.000000
26461,1,0.017598,0.000000
26462,1,0.017592,0.000000
26463,1,0.017586,0.000000
26464,1,0.017580,0.000000
26465,1,0.017573,0.000000
26466,1,0.017567,0.000000
26467,1,0.017561,0.000000
26468,1,0.017555,0.000000
26469,1,0.017549,0.000000
26470,1,0.017543,0.000000
26471,1,0.017537,0.000000
26472,1,0.017531,0.000000
26473,1,0.017525,0.000000
26474,1,0.017519,0.000000
26475,1,0.017513,0.000000
26476,1,0.017507,0.000000
26477,1,0.017501,0.000000
26478,1,0.017495,0.000000
26479,1,0.017489,0.000000
26480,1,0.017483,0.000000
26481,1,0.017477,0.000000
26482,1,0.017471,0.000000
26483,1,0.017465,0.000000
26484,1,0.017459,0.000000
26485,1,0.017453,0.000000
26486,1,0.017447,0.000000
26487,1,0.017441,0.000000
26488,1,0.017435,0.000000
26489,1,0.017429,0.000000
26490,1,0.017423,0.000000
26491,1,0.017417,0.000000
26492,1,0.017412,0.000000
26493,1,0.017406,0.000000
26494,1,0.017400,0.000000
26495,1,0.017394,0.000000
26496,1,0.017388,0.000000
26497,1,0.017382,0.000000
26498,1,0.017376,0.000000
26499,1,0.017370,0.000000
26500,1,0.017364,0.000000
26501,1,0.017358,0.000000
26502,1,0.017352,0.000000
26503,1,0.017346,0.000000
26504,1,0.017340,0.000000
26505,1,0.017334,0.000000
26506,1,0.017328,0.000000
26507,1,0.017323,0.000000
26508,1,0.017317,0.000000
26509,1,0.017311,0.000000
26510,1,0.017305,0.000000
26511,1,0.017299,0.000000
26512,1,0.017293,0.000000
26513,1,0.017287,0.000000
26514,1,0.017281,0.000000
26515,1,0.017275,0.000000
26516,1,0.017269,0.000000
26517,1,0.017264,0.000000
26518,1,0.017258,0.000000
26519,1,0.017252,0.000000
26520,1,0.017246,0.000000
26521,1,0.017240,0.000000
26522,1,0.017234,0.000000
26523,1,0.017228,0.000000
26524,1,0.017223,0.000000
26525,1,0.017217,0.000000
26526,1,0.017211,0.000000
26527,1,0.017205,0.000000
26528,1,0.017199,0.000000
26529,1,0.017193,0.000000
26530,1,0.017187,0.000000
26531,1,0.017182,0.000000
26532,1,0.017176,0.000000
26533,1,0.017170,0.000000
26534,1,0.017164,0.000000
26535,1,0.017158,0.000000
26536,1,0.017152,0.000000
26537,1,0.017147,0.000000
26538,1,0.017141,0.000000
26539,1,0.017135,0.000000
26540,1,0.017129,0.000000
26541,1,0.017123,0.000000
26542,1,0.017118,0.000000
26543,1,0.017112,0.000000
26544,1,0.017106,0.000000
26545,1,0.017100,0.000000
26546,1,0.017094,0.000000
26547,1,0.017089,0.000000
26548,1,0.017083,0.000000
26549,1,0.017077,0.000000
26550,1,0.017071,0.000000
26551,1,0.017065,0.000000
26552,1,0.017060,0.000000
26553,1,0.017054,0.000000
26554,1,0.017048,0.000000
26555,1,0.017042,0.000000
26556,1,0.017037,0.000000
26557,1,0.017031,0.000000
26558,1,0.017025,0.000000
26559,1,0.017019,0.000000
26560,1,0.017014,0.000000
26561,1,0.017008,0.000000
26562,1,0.017002,0.000000
26563,1,0.016996,0.000000
26564,1,0.016991,0.000000
26565,1,0.016985,0.000000
26566,1,0.016979,0.000000
26567,1,0.016973,0.000000
26568,1,0.016968,0.000000
26569,1,0.016962,0.000000
26570,1,0.016956,0.000000
26571,1,0.016951,0.000000
26572,1,0.016945,0.000000
26573,1,0.016939,0.000000
26574,1,0.016933,0.000000
26575,1,0.016928,0.000000
26576,1,0.016922,0.000000
26577,1,0.016916,0.000000
26578,1,0.016911,0.000000
26579,1,0.016905,0.000000
26580,1,0.016899,0.000000
26581,1,0.016894,0.000000
26582,1,0.016888,0.000000
26583,1,0.016882,0.000000
26584,1,0.016876,0.000000
26585,1,0.016871,0.000000
26586,1,0.016865,0.000000
26587,1,0.016859,0.000000
26588,1,0.016854,0.000000
26589,1,0.016848,0.000000
26590,1,0.016842,0.000000
26591,1,0.016837,0.000000
26592,1,0.016831,0.000000
26593,1,0.016825,0.000000
26594,1,0.016820,0.000000
26595,1,0.016814,0.000000
26596,1,0.016809,0.000000
26597,1,0.016803,0.000000
26598,1,0.016797,0.000000
26599,1,0.016792,0.000000
26600,1,0.016786,0.000000
26601,1,0.016780,0.000000
26602,1,0.016775,0.000000
26603,1,0.016769,0.000000
26604,1,0.016763,0.000000
26605,1,0.016758,0.000000
26606,1,0.016752,0.000000
26607,1,0.016747,0.000000
26608,1,0.016741,0.000000
26609,1,0.016735,0.000000
26610,1,0.016730,0.000000
26611,1,0.016724,0.000000
26612,1,0.016719,0.000000
26613,1,0.016713,0.000000
26614,1,0.016707,0.000000
26615,1,0.016702,0.000000
26616,1,0.016696,0.000000
26617,1,0.016691,0.000000
26618,1,0.016685,0.000000
26619,1,0.016679,0.000000
26620,1,0.016674,0.000000
26621,1,0.016668,0.000000
26622,1,0.016663,0.000000
26623,1,0.016657,0.000000
26624,1,0.016652,0.000000
26625,1,0.016646,0.000000
26626,1,0.016640,0.000000
26627,1,0.016635,0.000000
26628,1,0.016629,0.000000
26629,1,0.016624,0.000000
26630,1,0.016618,0.000000
26631,1,0.016613,0.000000
26632,1,0.016607,0.000000
26633,1,0.016602,0.000000
26634,1,0.016596,0.000000
26635,1,0.016591,0.000000
26636,1,0.016585,0.000000
26637,1,0.016580,0.000000
26638,1,0.016574,0.000000
26639,1,0.016568,0.000000
26640,1,0.016563,0.000000
26641,1,0.016557,0.000000
26642,1,0.016552,0.000000
26643,1,0.016546,0.000000
26644,1,0.016541,0.000000
26645,1,0.016535,0.000000
26646,1,0.016530,0.000000
26647,1,0.016524,0.000000
26648,1,0.016519,0.000000
26649,1,0.016513,0.000000
26650,1,0.016508,0.000000
26651,1,0.016502,0.000000
26652,1,0.016497,0.000000
26653,1,0.016491,0.000000
26654,1,0.016486,0.000000
26655,1,0.016480,0.000000
26656,1,0.016475,0.000000
26657,1,0.016469,0.000000
26658,1,0.016464,0.000000
26659,1,0.016459,0.000000
26660,1,0.016453,0.000000
26661,1,0.016448,0.000000
26662,1,0.016442,0.000000
26663,1,0.016437,0.000000
26664,1,0.016431,0.000000
26665,1,0.016426,0.000000
26666,1,0.016420,0.000000
26667,1,0.016415,0.000000
26668,1,0.016409,0.000000
26669,1,0.016404,0.000000
26670,1,0.016399,0.000000
26671,1,0.016393,0.000000
26672,1,0.016388,0.000000
26673,1,0.016382,0.000000
26674,1,0.016377,0.000000
26675,1,0.016371,0.000000
26676,1,0.016366,0.000000
26677,1,0.016361,0.000000
26678,1,0.016355,0.000000
26679,1,0.016350,0.000000
26680,1,0.016344,0.000000
26681,1,0.016339,0.000000
26682,1,0.016333,0.000000
26683,1,0.016328,0.000000
26684,1,0.016323,0.000000
26685,1,0.016317,0.000000
26686,1,0.016312,0.000000
26687,1,0.016306,0.000000
26688,1,0.016301,0.000000
26689,1,0.016296,0.000000
26690,1,0.016290,0.000000
26691,1,0.016285,0.000000
26692,1,0.016280,0.000000
26693,1,0.016274,0.000000
26694,1,0.016269,0.000000
26695,1,0.016263,0.000000
26696,1,0.016258,0.000000
26697,1,0.016253,0.000000
26698,1,0.016247,0.000000
26699,1,0.016242,0.000000
26700,1,0.016237,0.000000
26701,1,0.016231,0.000000
26702,1,0.016226,0.000000
26703,1,0.016221,0.000000
26704,1,0.016215,0.000000
26705,1,0.016210,0.000000
26706,1,0.016204,0.000000
26707,1,0.016199,0.000000
26708,1,0.016194,0.000000
26709,1,0.016188,0.000000
26710,1,0.016183,0.000000
26711,1,0.016178,0.000000
26712,1,0.016172,0.000000
26713,1,0.016167,0.000000
26714,1,0.016162,0.000000
26715,1,0.016156,0.000000
26716,1,0.016151,0.000000
26717,1,0.016146,0.000000
26718,1,0.016141,0.000000
26719,1,0.016135,0.000000
26720,1,0.016130,0.000000
26721,1,0.016125,0.000000
26722,1,0.016119,0.000000
26723,1,0.016114,0.000000
26724,1,0.016109,0.000000
26725,1,0.016103,0.000000
26726,1,0.016098,0.000000
26727,1,0.016093,0.000000
26728,1,0.016088,0.000000
26729,1,0.016082,0.000000
26730,1,0.016077,0.000000
26731,1,0.016072,0.000000
26732,1,0.016066,0.000000
26733,1,0.016061,0.000000
26734,1,0.016056,0.000000
26735,1,0.016051,0.000000
26736,1,0.016045,0.000000
26737,1,0.016040,0.000000
26738,1,0.016035,0.000000
26739,1,0.016030,0.000000
26740,1,0.016024,0.000000
26741,1,0.016019,0.000000
26742,1,0.016014,0.000000
26743,1,0.016009,0.000000
26744,1,0.016003,0.000000
26745,1,0.015998,0.000000
26746,1,0.015993,0.000000
26747,1,0.015988,0.000000
26748,1,0.015982,0.000000
26749,1,0.015977,0.000000
26750,1,0.015972,0.000000
26751,1,0.015967,0.000000
26752,1,0.015961,0.000000
26753,1,0.015956,0.000000
26754,1,0.015951,0.000000
26755,1,0.015946,0.000000
26756,1,0.015940,0.000000
26757,1,0.015935,0.000000
26758,1,0.015930,0.000000
26759,1,0.015925,0.000000
26760,1,0.015920,0.000000
26761,1,0.015914,0.000000
26762,1,0.015909,0.000000
26763,1,0.015904,0.000000
26764,1,0.015899,0.000000
26765,1,0.015894,0.000000
26766,1,0.015888,0.000000
26767,1,0.015883,0.000000
26768,1,0.015878,0.000000
26769,1,0.015873,0.000000
26770,1,0.015868,0.000000
26771,1,0.015863,0.000000
26772,1,0.015857,0.000000
26773,1,0.015852,0.000000
26774,1,0.015847,0.000000
26775,1,0.015842,0.000000
26776,1,0.015837,0.000000
26777,1,0.015832,0.000000
26778,1,0.015826,0.000000
26779,1,0.015821,0.000000
26780,1,0.015816,0.000000
26781,1,0.015811,0.000000
26782,1,0.015806,0.000000
26783,1,0.015801,0.000000
26784,1,0.015795,0.000000
26785,1,0.015790,0.000000
26786,1,0.015785,0.000000
26787,1,0.015780,0.000000
26788,1,0.015775,0.000000
26789,1,0.015770,0.000000
26790,1,0.015765,0.000000
26791,1,0.015759,0.000000
26792,1,0.015754,0.000000
26793,1,0.015749,0.000000
26794,1,0.015744,0.000000
26795,1,0.015739,0.000000
26796,1,0.015734,0.000000
26797,1,0.015729,0.000000
26798,1,0.015724,0.000000
26799,1,0.015719,0.000000
26800,1,0.015713,0.000000
26801,1,0.015708,0.000000
26802,1,0.015703,0.000000
26803,1,0.015698,0.000000
26804,1,0.015693,0.000000
26805,1,0.015688,0.000000
26806,1,0.015683,0.000000
26807,1,0.015678,0.000000
26808,1,0.015673,0.000000
26809,1,0.015668,0.000000
26810,1,0.015662,0.000000
26811,1,0.015657,0.000000
26812,1,0.015652,0.000000
26813,1,0.015647,0.000000
26814,1,0.015642,0.000000
26815,1,0.015637,0.000000
26816,1,0.015632,0.000000
26817,1,0.015627,0.000000
26818,1,0.015622,0.000000
26819,1,0.015617,0.000000
26820,1,0.015612,0.000000
26821,1,0.015607,0.000000
26822,1,0.015602,0.000000
26823,1,0.015597,0.000000
26824,1,0.015592,0.000000
26825,1,0.015587,0.000000
26826,1,0.015581,0.000000
26827,1,0.015576,0.000000
26828,1,0.015571,0.000000
26829,1,0.015566,0.000000
26830,1,0.015561,0.000000
26831,1,0.015556,0.000000
26832,1,0.015551,0.000000
26833,1,0.015546,0.000000
26834,1,0.015541,0.000000
26835,1,0.015536,0.000000
26836,1,0.015531,0.000000
26837,1,0.015526,0.000000
26838,1,0.015521,0.000000
26839,1,0.015516,0.000000
26840,1,0.015511,0.000000
26841,1,0.015506,0.000000
26842,1,0.015501,0.000000
26843,1,0.015496,0.000000
26844,1,0.015491,0.000000
26845,1,0.015486,0.000000
26846,1,0.015481,0.000000
26847,1,0.015476,0.000000
26848,1,0.015471,0.000000
26849,1,0.015466,0.000000
26850,1,0.015461,0.000000
26851,1,0.015456,0.000000
26852,1,0.015451,0.000000
26853,1,0.015446,0.000000
26854,1,0.015441,0.000000
26855,1,0.015436,0.000000
26856,1,0.015431,0.000000
26857,1,0.015426,0.000000
26858,1,0.015421,0.000000
26859,1,0.015416,0.000000
26860,1,0.015411,0.000000
26861,1,0.015406,0.000000
26862,1,0.015401,0.000000
26863,1,0.015396,0.000000
26864,1,0.015391,0.000000
26865,1,0.015387,0.000000
26866,1,0.015382,0.000000
26867,1,0.015377,0.000000
26868,1,0.015372,0.000000
26869,1,0.015367,0.000000
26870,1,0.015362,0.000000
26871,1,0.015357,0.000000
26872,1,0.015352,0.000000
26873,1,0.015347,0.000000
26874,1,0.015342,0.000000
26875,1,0.015337,0.000000
26876,1,0.015332,0.000000
26877,1,0.015327,0.000000
26878,1,0.015322,0.000000
26879,1,0.015317,0.000000
26880,1,0.015312,0.000000
26881,1,0.015308,0.000000
26882,1,0.015303,0.000000
26883,1,0.015298,0.000000
26884,1,0.015293,0.000000
26885,1,0.015288,0.000000
26886,1,0.015283,0.000000
26887,1,0.015278,0.000000
26888,1,0.015273,0.000000
26889,1,0.015268,0.000000
26890,1,0.015263,0.000000
26891,1,0.015259,0.000000
26892,1,0.015254,0.000000
26893,1,0.015249,0.000000
26894,1,0.015244,0.000000
26895,1,0.015239,0.000000
26896,1,0.015234,0.000000
26897,1,0.015229,0.000000
26898,1,0.015224,0.000000
26899,1,0.015219,0.000000
26900,1,0.015215,0.000000
26901,1,0.015210,0.000000
26902,1,0.015205,0.000000
26903,1,0.015200,0.000000
26904,1,0.015195,0.000000
26905,1,0.015190,0.000000
26906,1,0.015185,0.000000
26907,1,0.015181,0.000000
26908,1,0.015176,0.000000
26909,1,0.015171,0.000000
26910,1,0.015166,0.000000
26911,1,0.015161,0.000000
26912,1,0.015156,0.000000
26913,1,0.015151,0.000000
26914,1,0.015147,0.000000
26915,1,0.015142,0.000000
26916,1,0.015137,0.000000
26917,1,0.015132,0.000000
26918,1,0.015127,0.000000
26919,1,0.015122,0.000000
26920,1,0.015118,0.000000
26921,1,0.015113,0.000000
26922,1,0.015108,0.000000
26923,1,0.015103,0.000000
26924,1,0.015098,0.000000
26925,1,0.015093,0.000000
26926,1,0.015089,0.000000
26927,1,0.015084,0.000000
26928,1,0.015079,0.000000
26929,1,0.015074,0.000000
26930,1,0.015069,0.000000
26931,1,0.015065,0.000000
26932,1,0.015060,0.000000
26933,1,0.015055,0.000000
26934,1,0.015050,0.000000
26935,1,0.015045,0.000000
26936,1,0.015041,0.000000
26937,1,0.015036,0.000000
26938,1,0.015031,0.000000
26939,1,0.015026,0.000000
26940,1,0.015021,0.000000
26941,1,0.015017,0.000000
26942,1,0.015012,0.000000
26943,1,0.015007,0.000000
26944,1,0.015002,0.000000
26945,1,0.014998,0.000000
26946,1,0.014993,0.000000
26947,1,0.014988,0.000000
26948,1,0.014983,0.000000
26949,1,0.014978,0.000000
26950,1,0.014974,0.000000
26951,1,0.014969,0.000000
26952,1,0.014964,0.000000
26953,1,0.014959,0.000000
26954,1,0.014955,0.000000
26955,1,0.014950,0.000000
26956,1,0.014945,0.000000
26957,1,0.014940,0.000000
26958,1,0.014936,0.000000
26959,1,0.014931,0.000000
26960,1,0.014926,0.000000
26961,1,0.014921,0.000000
26962,1,0.014917,0.000000
26963,1,0.014912,0.000000
26964,1,0.014907,0.000000
26965,1,0.014903,0.000000
26966,1,0.014898,0.000000
26967,1,0.014893,0.000000
26968,1,0.014888,0.000000
26969,1,0.014884,0.000000
26970,1,0.014879,0.000000
26971,1,0.014874,0.000000
26972,1,0.014869,0.000000
26973,1,0.014865,0.000000
26974,1,0.014860,0.000000
26975,1,0.014855,0.000000
26976,1,0.014851,0.000000
26977,1,0.014846,0.000000
26978,1,0.014841,0.000000
26979,1,0.014836,0.000000
26980,1,0.014832,0.000000
26981,1,0.014827,0.000000
26982,1,0.014822,0.000000
26983,1,0.014818,0.000000
26984,1,0.014813,0.000000
26985,1,0.014808,0.000000
26986,1,0.014804,0.000000
26987,1,0.014799,0.000000
26988,1,0.014794,0.000000
26989,1,0.014790,0.000000
26990,1,0.014785,0.000000
26991,1,0.014780,0.000000
26992,1,0.014776,0.000000
26993,1,0.014771,0.000000
26994,1,0.014766,0.000000
26995,1,0.014762,0.000000
26996,1,0.014757,0.000000
26997,1,0.014752,0.000000
26998,1,0.014748,0.000000
26999,1,0.014743,0.000000
27000,1,0.014738,0.000000
27001,1,0.014734,0.000000
27002,1,0.014729,0.000000
27003,1,0.014724,0.000000
27004,1,0.014720,0.000000
27005,1,0.014715,0.000000
27006,1,0.014710,0.000000
27007,1,0.014706,0.000000
27008,1,0.014701,0.000000
27009,1,0.014696,0.000000
27010,1,0.014692,0.000000
27011,1,0.014687,0.000000
27012,1,0.014683,0.000000
27013,1,0.014678,0.000000
27014,1,0.014673,0.000000
27015,1,0.014669,0.000000
27016,1,0.014664,0.000000
27017,1,0.014659,0.000000
27018,1,0.014655,0.000000
27019,1,0.014650,0.000000
27020,1,0.014646,0.000000
27021,1,0.014641,0.000000
27022,1,0.014636,0.000000
27023,1,0.014632,0.000000
27024,1,0.014627,0.000000
27025,1,0.014622,0.000000
27026,1,0.014618,0.000000
27027,1,0.014613,0.000000
27028,1,0.014609,0.000000
27029,1,0.014604,0.000000
27030,1,0.014599,0.000000
27031,1,0.014595,0.000000
27032,1,0.014590,0.000000
27033,1,0.014586,0.000000
27034,1,0.014581,0.000000
27035,1,0.014577,0.000000
27036,1,0.014572,0.000000
27037,1,0.014567,0.000000
27038,1,0.014563,0.000000
27039,1,0.014558,0.000000
27040,1,0.014554,0.000000
27041,1,0.014549,0.000000
27042,1,0.014544,0.000000
27043,1,0.014540,0.000000
27044,1,0.014535,0.000000
27045,1,0.014531,0.000000
27046,1,0.014526,0.000000
27047,1,0.014522,0.000000
27048,1,0.014517,0.000000
27049,1,0.014513,0.000000
27050,1,0.014508,0.000000
27051,1,0.014503,0.000000
27052,1,0.014499,0.000000
27053,1,0.014494,0.000000
27054,1,0.014490,0.000000
27055,1,0.014485,0.000000
27056,1,0.014481,0.000000
27057,1,0.014476,0.000000
27058,1,0.014472,0.000000
27059,1,0.014467,0.000000
27060,1,0.014463,0.000000
27061,1,0.014458,0.000000
27062,1,0.014454,0.000000
27063,1,0.014449,0.000000
27064,1,0.014444,0.000000
27065,1,0.014440,0.000000
27066,1,0.014435,0.000000
27067,1,0.014431,0.000000
27068,1,0.014426,0.000000
27069,1,0.014422,0.000000
27070,1,0.014417,0.000000
27071,1,0.014413,0.000000
27072,1,0.014408,0.000000
27073,1,0.014404,0.000000
27074,1,0.014399,0.000000
27075,1,0.014395,0.000000
27076,1,0.014390,0.000000
27077,1,0.014386,0.000000
27078,1,0.014381,0.000000
27079,1,0.014377,0.000000
27080,1,0.014372,0.000000
27081,1,0.014368,0.000000
27082,1,0.014363,0.000000
27083,1,0.014359,0.000000
27084,1,0.014354,0.000000
27085,1,0.014350,0.000000
27086,1,0.014345,0.000000
27087,1,0.014341,0.000000
27088,1,0.014336,0.000000
27089,1,0.014332,0.000000
27090,1,0.014327,0.000000
27091,1,0.014323,0.000000
27092,1,0.014319,0.000000
27093,1,0.014314,0.000000
27094,1,0.014310,0.000000
27095,1,0.014305,0.000000
27096,1,0.014301,0.000000
27097,1,0.014296,0.000000
27098,1,0.014292,0.000000
27099,1,0.014287,0.000000
27100,1,0.014283,0.000000
27101,1,0.014278,0.000000
27102,1,0.014274,0.000000
27103,1,0.014269,0.000000
27104,1,0.014265,0.000000
27105,1,0.014261,0.000000
27106,1,0.014256,0.000000
27107,1,0.014252,0.000000
27108,1,0.014247,0.000000
27109,1,0.014243,0.000000
27110,1,0.014238,0.000000
27111,1,0.014234,0.000000
27112,1,0.014229,0.000000
27113,1,0.014225,0.000000
27114,1,0.014221,0.000000
27115,1,0.014216,0.000000
27116,1,0.014212,0.000000
27117,1,0.014207,0.000000
27118,1,0.014203,0.000000
27119,1,0.014199,0.000000
27120,1,0.014194,0.000000
27121,1,0.014190,0.000000
27122,1,0.014185,0.000000
27123,1,0.014181,0.000000
27124,1,0.014176,0.000000
27125,1,0.014172,0.000000
27126,1,0.014168,0.000000
27127,1,0.014163,0.000000
27128,1,0.014159,0.000000
27129,1,0.014154,0.000000
27130,1,0.014150,0.000000
27131,1,0.014146,0.000000
27132,1,0.014141,0.000000
27133,1,0.014137,0.000000
27134,1,0.014132,0.000000
27135,1,0.014128,0.000000
27136,1,0.014124,0.000000
27137,1,0.014119,0.000000
27138,1,0.014115,0.000000
27139,1,0.014111,0.000000
27140,1,0.014106,0.000000
27141,1,0.014102,0.000000
27142,1,0.014097,0.000000
27143,1,0.014093,0.000000
27144,1,0.014089,0.000000
27145,1,0.014084,0.000000
27146,1,0.014080,0.000000
27147,1,0.014076,0.000000
27148,1,0.014071,0.000000
27149,1,0.014067,0.000000
27150,1,0.014062,0.000000
27151,1,0.014058,0.000000
27152,1,0.014054,0.000000
27153,1,0.014049,0.000000
27154,1,0.014045,0.000000
27155,1,0.014041,0.000000
27156,1,0.014036,0.000000
27157,1,0.014032,0.000000
27158,1,0.014028,0.000000
27159,1,0.014023,0.000000
27160,1,0.014019,0.000000
27161,1,0.014015,0.000000
27162,1,0.014010,0.000000
27163,1,0.014006,0.000000
27164,1,0.014002,0.000000
27165,1,0.013997,0.000000
27166,1,0.013993,0.000000
27167,1,0.013989,0.000000
27168,1,0.013984,0.000000
27169,1,0.013980,0.000000
27170,1,0.013976,0.000000
27171,1,0.013971,0.000000
27172,1,0.013967,0.000000
27173,1,0.013963,0.000000
27174,1,0.013958,0.000000
27175,1,0.013954,0.000000
27176,1,0.013950,0.000000
27177,1,0.013945,0.000000
27178,1,0.013941,0.000000
27179,1,0.013937,0.000000
27180,1,0.013933,0.000000
27181,1,0.013928,0.000000
27182,1,0.013924,0.000000
27183,1,0.013920,0.000000
27184,1,0.013915,0.000000
27185,1,0.013911,0.000000
27186,1,0.013907,0.000000
27187,1,0.013902,0.000000
27188,1,0.013898,0.000000
27189,1,0.013894,0.000000
27190,1,0.013890,0.000000
27191,1,0.013885,0.000000
27192,1,0.013881,0.000000
27193,1,0.013877,0.000000
27194,1,0.013872,0.000000
27195,1,0.013868,0.000000
27196,1,0.013864,0.000000
27197,1,0.013860,0.000000
27198,1,0.013855,0.000000
27199,1,0.013851,0.000000
27200,1,0.013847,0.000000
27201,1,0.013843,0.000000
27202,1,0.013838,0.000000
27203,1,0.013834,0.000000
27204,1,0.013830,0.000000
27205,1,0.013826,0.000000
27206,1,0.013821,0.000000
27207,1,0.013817,0.000000
27208,1,0.013813,0.000000
27209,1,0.013808,0.000000
27210,1,0.013804,0.000000
27211,1,0.013800,0.000000
27212,1,0.013796,0.000000
27213,1,0.013792,0.000000
27214,1,0.013787,0.000000
27215,1,0.013783,0.000000
27216,1,0.013779,0.000000
27217,1,0.013775,0.000000
27218,1,0.013770,0.000000
27219,1,0.013766,0.000000
27220,1,0.013762,0.000000
27221,1,0.013758,0.000000
27222,1,0.013753,0.000000
27223,1,0.013749,0.000000
27224,1,0.013745,0.000000
27225,1,0.013741,0.000000
27226,1,0.013736,0.000000
27227,1,0.013732,0.000000
27228,1,0.013728,0.000000
27229,1,0.013724,0.000000
27230,1,0.013720,0.000000
27231,1,0.013715,0.000000
27232,1,0.013711,0.000000
27233,1,0.013707,0.000000
27234,1,0.013703,0.000000
27235,1,0.013699,0.000000
27236,1,0.013694,0.000000
27237,1,0.013690,0.000000
27238,1,0.013686,0.000000
27239,1,0.013682,0.000000
27240,1,0.013678,0.000000
27241,1,0.013673,0.000000
27242,1,0.013669,0.000000
27243,1,0.013665,0.000000
27244,1,0.013661,0.000000
27245,1,0.013657,0.000000
27246,1,0.013652,0.000000
27247,1,0.013648,0.000000
27248,1,0.013644,0.000000
27249,1,0.013640,0.000000
27250,1,0.013636,0.000000
27251,1,0.013632,0.000000
27252,1,0.013627,0.000000
27253,1,0.013623,0.000000
27254,1,0.013619,0.000000
27255,1,0.013615,0.000000
27256,1,0.013611,0.000000
27257,1,0.013607,0.000000
27258,1,0.013602,0.000000
27259,1,0.013598,0.000000
27260,1,0.013594,0.000000
27261,1,0.013590,0.000000
27262,1,0.013586,0.000000
27263,1,0.013582,0.000000
27264,1,0.013577,0.000000
27265,1,0.013573,0.000000
27266,1,0.013569,0.000000
27267,1,0.013565,0.000000
27268,1,0.013561,0.000000
27269,1,0.013557,0.000000
27270,1,0.013553,0.000000
27271,1,0.013548,0.000000
27272,1,0.013544,0.000000
27273,1,0.013540,0.000000
27274,1,0.013536,0.000000
27275,1,0.013532,0.000000
27276,1,0.013528,0.000000
27277,1,0.013524,0.000000
27278,1,0.013519,0.000000
27279,1,0.013515,0.000000
27280,1,0.013511,0.000000
27281,1,0.013507,0.000000
27282,1,0.013503,0.000000
27283,1,0.013499,0.000000
27284,1,0.013495,0.000000
27285,1,0.013491,0.000000
27286,1,0.013486,0.000000
27287,1,0.013482,0.000000
27288,1,0.013478,0.000000
27289,1,0.013474,0.000000
27290,1,0.013470,0.000000
27291,1,0.013466,0.000000
27292,1,0.013462,0.000000
27293,1,0.013458,0.000000
27294,1,0.013454,0.000000
27295,1,0.013449,0.000000
27296,1,0.013445,0.000000
27297,1,0.013441,0.000000
27298,1,0.013437,0.000000
27299,1,0.013433,0.000000
27300,1,0.013429,0.000000
27301,1,0.013425,0.000000
27302,1,0.013421,0.000000
27303,1,0.013417,0.000000
27304,1,0.013413,0.000000
27305,1,0.013409,0.000000
27306,1,0.013404,0.000000
27307,1,0.013400,0.000000
27308,1,0.013396,0.000000
27309,1,0.013392,0.000000
27310,1,0.013388,0.000000
27311,1,0.013384,0.000000
27312,1,0.013380,0.000000
27313,1,0.013376,0.000000
27314,1,0.013372,0.000000
27315,1,0.013368,0.000000
27316,1,0.013364,0.000000
27317,1,0.013360,0.000000
27318,1,0.013356,0.000000
27319,1,0.013352,0.000000
27320,1,0.013348,0.000000
27321,1,0.013343,0.000000
27322,1,0.013339,0.000000
27323,1,0.013335,0.000000
27324,1,0.013331,0.000000
27325,1,0.013327,0.000000
27326,1,0.013323,0.000000
27327,1,0.013319,0.000000
27328,1,0.013315,0.000000
27329,1,0.013311,0.000000
27330,1,0.013307,0.000000
27331,1,0.013303,0.000000
27332,1,0.013299,0.000000
27333,1,0.013295,0.000000
27334,1,0.013291,0.000000
27335,1,0.013287,0.000000
27336,1,0.013283,0.000000
27337,1,0.013279,0.000000
27338,1,0.013275,0.000000
27339,1,0.013271,0.000000
27340,1,0.013267,0.000000
27341,1,0.013263,0.000000
27342,1,0.013259,0.000000
27343,1,0.013255,0.000000
27344,1,0.013251,0.000000
27345,1,0.013247,0.000000
27346,1,0.013243,0.000000
27347,1,0.013239,0.000000
27348,1,0.013235,0.000000
27349,1,0.013231,0.000000
27350,1,0.013227,0.000000
27351,1,0.013223,0.000000
27352,1,0.013219,0.000000
27353,1,0.013215,0.000000
27354,1,0.013211,0.000000
27355,1,0.013207,0.000000
27356,1,0.013203,0.000000
27357,1,0.013199,0.000000
27358,1,0.013195,0.000000
27359,1,0.013191,0.000000
27360,1,0.013187,0.000000
27361,1,0.013183,0.000000
27362,1,0.013179,0.000000
27363,1,0.013175,0.000000
27364,1,0.013171,0.000000
27365,1,0.013167,0.000000
27366,1,0.013163,0.000000
27367,1,0.013159,0.000000
27368,1,0.013155,0.000000
27369,1,0.013151,0.000000
27370,1,0.013147,0.000000
27371,1,0.013143,0.000000
27372,1,0.013139,0.000000
27373,1,0.013135,0.000000
27374,1,0.013131,0.000000
27375,1,0.013127,0.000000
27376,1,0.013123,0.000000
27377,1,0.013119,0.000000
27378,1,0.013115,0.000000
27379,1,0.013111,0.000000
27380,1,0.013107,0.000000
27381,1,0.013103,0.000000
27382,1,0.013099,0.000000
27383,1,0.013095,0.000000
27384,1,0.013091,0.000000
27385,1,0.013087,0.000000
27386,1,0.013083,0.000000
27387,1,0.013079,0.000000
27388,1,0.013075,0.000000
27389,1,0.013072,0.000000
27390,1,0.013068,0.000000
27391,1,0.013064,0.000000
27392,1,0.013060,0.000000
27393,1,0.013056,0.000000
27394,1,0.013052,0.000000
27395,1,0.013048,0.000000
27396,1,0.013044,0.000000
27397,1,0.013040,0.000000
27398,1,0.013036,0.000000
27399,1,0.013032,0.000000
27400,1,0.013028,0.000000
27401,1,0.013024,0.000000
27402,1,0.013020,0.000000
27403,1,0.013016,0.000000
27404,1,0.013013,0.000000
27405,1,0.013009,0.000000
27406,1,0.013005,0.000000
27407,1,0.013001,0.000000
27408,1,0.012997,0.000000
27409,1,0.012993,0.000000
27410,1,0.012989,0.000000
27411,1,0.012985,0.000000
27412,1,0.012981,0.000000
27413,1,0.012977,0.000000
27414,1,0.012973,0.000000
27415,1,0.012969,0.000000
27416,1,0.012966,0.000000
27417,1,0.012962,0.000000
27418,1,0.012958,0.000000
27419,1,0.012954,0.000000
27420,1,0.012950,0.000000
27421,1,0.012946,0.000000
27422,1,0.012942,0.000000
27423,1,0.012938,0.000000
27424,1,0.012934,0.000000
27425,1,0.012931,0.000000
27426,1,0.012927,0.000000
27427,1,0.012923,0.000000
27428,1,0.012919,0.000000
27429,1,0.012915,0.000000
27430,1,0.012911,0.000000
27431,1,0.012907,0.000000
27432,1,0.012903,0.000000
27433,1,0.012899,0.000000
27434,1,0.012896,0.000000
27435,1,0.012892,0.000000
27436,1,0.012888,0.000000
27437,1,0.012884,0.000000
27438,1,0.012880,0.000000
27439,1,0.012876,0.000000
27440,1,0.012872,0.000000
27441,1,0.012869,0.000000
27442,1,0.012865,0.000000
27443,1,0.012861,0.000000
27444,1,0.012857,0.000000
27445,1,0.012853,0.000000
27446,1,0.012849,0.000000
27447,1,0.012845,0.000000
27448,1,0.012842,0.000000
27449,1,0.012838,0.000000
27450,1,0.012834,0.000000
27451,1,0.012830,0.000000
27452,1,0.012826,0.000000
27453,1,0.012822,0.000000
27454,1,0.012818,0.000000
27455,1,0.012815,0.000000
27456,1,0.012811,0.000000
27457,1,0.012807,0.000000
27458,1,0.012803,0.000000
27459,1,0.012799,0.000000
27460,1,0.012795,0.000000
27461,1,0.012792,0.000000
27462,1,0.012788,0.000000
27463,1,0.012784,0.000000
27464,1,0.012780,0.000000
27465,1,0.012776,0.000000
27466,1,0.012772,0.000000
27467,1,0.012769,0.000000
27468,1,0.012765,0.000000
27469,1,0.012761,0.000000
27470,1,0.012757,0.000000
27471,1,0.012753,0.000000
27472,1,0.012750,0.000000
27473,1,0.012746,0.000000
27474,1,0.012742,0.000000
27475,1,0.012738,0.000000
27476,1,0.012734,0.000000
27477,1,0.012731,0.000000
27478,1,0.012727,0.000000
27479,1,0.012723,0.000000
27480,1,0.012719,0.000000
27481,1,0.012715,0.000000
27482,1,0.012711,0.000000
27483,1,0.012708,0.000000
27484,1,0.012704,0.000000
27485,1,0.012700,0.000000
27486,1,0.012696,0.000000
27487,1,0.012693,0.000000
27488,1,0.012689,0.000000
27489,1,0.012685,0.000000
27490,1,0.012681,0.000000
27491,1,0.012677,0.000000
27492,1,0.012674,0.000000
27493,1,0.012670,0.000000
27494,1,0.012666,0.000000
27495,1,0.012662,0.000000
27496,1,0.012658,0.000000
27497,1,0.012655,0.000000
27498,1,0.012651,0.000000
27499,1,0.012647,0.000000
27500,1,0.012643,0.000000
27501,1,0.012640,0.000000
27502,1,0.012636,0.000000
27503,1,0.012632,0.000000
27504,1,0.012628,0.000000
27505,1,0.012625,0.000000
27506,1,0.012621,0.000000
27507,1,0.012617,0.000000
27508,1,0.012613,0.000000
27509,1,0.012609,0.000000
27510,1,0.012606,0.000000
27511,1,0.012602,0.000000
27512,1,0.012598,0.000000
27513,1,0.012594,0.000000
27514,1,0.012591,0.000000
27515,1,0.012587,0.000000
27516,1,0.012583,0.000000
27517,1,0.012579,0.000000
27518,1,0.012576,0.000000
27519,1,0.012572,0.000000
27520,1,0.012568,0.000000
27521,1,0.012564,0.000000
27522,1,0.012561,0.000000
27523,1,0.012557,0.000000
27524,1,0.012553,0.000000
27525,1,0.012550,0.000000
27526,1,0.012546,0.000000
27527,1,0.012542,0.000000
27528,1,0.012538,0.000000
27529,1,0.012535,0.000000
27530,1,0.012531,0.000000
27531,1,0.012527,0.000000
27532,1,0.012523,0.000000
27533,1,0.012520,0.000000
27534,1,0.012516,0.000000
27535,1,0.012512,0.000000
27536,1,0.012508,0.000000
27537,1,0.012505,0.000000
27538,1,0.012501,0.000000
27539,1,0.012497,0.000000
27540,1,0.012494,0.000000
27541,1,0.012490,0.000000
27542,1,0.012486,0.000000
27543,1,0.012483,0.000000
27544,1,0.012479,0.000000
27545,1,0.012475,0.000000
27546,1,0.012471,0.000000
27547,1,0.012468,0.000000
27548,1,0.012464,0.000000
27549,1,0.012460,0.000000
27550,1,0.012457,0.000000
27551,1,0.012453,0.000000
27552,1,0.012449,0.000000
27553,1,0.012445,0.000000
27554,1,0.012442,0.000000
27555,1,0.012438,0.000000
27556,1,0.012434,0.000000
27557,1,0.012431,0.000000
27558,1,0.012427,0.000000
27559,1,0.012423,0.000000
27560,1,0.012420,0.000000
27561,1,0.012416,0.000000
27562,1,0.012412,0.000000
27563,1,0.012409,0.000000
27564,1,0.012405,0.000000
27565,1,0.012401,0.000000
27566,1,0.012398,0.000000
27567,1,0.012394,0.000000
27568,1,0.012390,0.000000
27569,1,0.012387,0.000000
27570,1,0.012383,0.000000
27571,1,0.012379,0.000000
27572,1,0.012376,0.000000
27573,1,0.012372,0.000000
27574,1,0.012368,0.000000
27575,1,0.012365,0.000000
27576,1,0.012361,0.000000
27577,1,0.012357,0.000000
27578,1,0.012354,0.000000
27579,1,0.012350,0.000000
27580,1,0.012346,0.000000
27581,1,0.012343,0.000000
27582,1,0.012339,0.000000
27583,1,0.012335,0.000000
27584,1,0.012332,0.000000
27585,1,0.012328,0.000000
27586,1,0.012324,0.000000
27587,1,0.012321,0.000000
27588,1,0.012317,0.000000
27589,1,0.012313,0.000000
27590,1,0.012310,0.000000
27591,1,0.012306,0.000000
27592,1,0.012303,0.000000
27593,1,0.012299,0.000000
27594,1,0.012295,0.000000
27595,1,0.012292,0.000000
27596,1,0.012288,0.000000
27597,1,0.012284,0.000000
27598,1,0.012281,0.000000
27599,1,0.012277,0.000000
27600,1,0.012273,0.000000
27601,1,0.012270,0.000000
27602,1,0.012266,0.000000
27603,1,0.012263,0.000000
27604,1,0.012259,0.000000
27605,1,0.012255,0.000000
27606,1,0.012252,0.000000
27607,1,0.012248,0.000000
27608,1,0.012244,0.000000
27609,1,0.012241,0.000000
27610,1,0.012237,0.000000
27611,1,0.012234,0.000000
27612,1,0.012230,0.000000
27613,1,0.012226,0.000000
27614,1,0.012223,0.000000
27615,1,0.012219,0.000000
27616,1,0.012216,0.000000
27617,1,0.012212,0.000000
27618,1,0.012208,0.000000
27619,1,0.012205,0.000000
27620,1,0.012201,0.000000
27621,1,0.012198,0.000000
27622,1,0.012194,0.000000
27623,1,0.012190,0.000000
27624,1,0.012187,0.000000
27625,1,0.012183,0.000000
27626,1,0.012180,0.000000
27627,1,0.012176,0.000000
27628,1,0.012172,0.000000
27629,1,0.012169,0.000000
27630,1,0.012165,0.000000
27631,1,0.012162,0.000000
27632,1,0.012158,0.000000
27633,1,0.012155,0.000000
27634,1,0.012151,0.000000
27635,1,0.012147,0.000000
27636,1,0.012144,0.000000
27637,1,0.012140,0.000000
27638,1,0.012137,0.000000
27639,1,0.012133,0.000000
27640,1,0.012129,0.000000
27641,1,0.012126,0.000000
27642,1,0.012122,0.000000
27643,1,0.012119,0.000000
27644,1,0.012115,0.000000
27645,1,0.012112,0.000000
27646,1,0.012108,0.000000
27647,1,0.012105,0.000000
27648,1,0.012101,0.000000
27649,1,0.012097,0.000000
27650,1,0.012094,0.000000
27651,1,0.012090,0.000000
27652,1,0.012087,0.000000
27653,1,0.012083,0.000000
27654,1,0.012080,0.000000
27655,1,0.012076,0.000000
27656,1,0.012073,0.000000
27657,1,0.012069,0.000000
27658,1,0.012065,0.000000
27659,1,0.012062,0.000000
27660,1,0.012058,0.000000
27661,1,0.012055,0.000000
27662,1,0.012051,0.000000
27663,1,0.012048,0.000000
27664,1,0.012044,0.000000
27665,1,0.012041,0.000000
27666,1,0.012037,0.000000
27667,1,0.012034,0.000000
27668,1,0.012030,0.000000
27669,1,0.012027,0.000000
27670,1,0.012023,0.000000
27671,1,0.012019,0.000000
27672,1,0.012016,0.000000
27673,1,0.012012,0.000000
27674,1,0.012009,0.000000
27675,1,0.012005,0.000000
27676,1,0.012002,0.000000
27677,1,0.011998,0.000000
27678,1,0.011995,0.000000
27679,1,0.011991,0.000000
27680,1,0.011988,0.000000
27681,1,0.011984,0.000000
27682,1,0.011981,0.000000
27683,1,0.011977,0.000000
27684,1,0.011974,0.000000
27685,1,0.011970,0.000000
27686,1,0.011967,0.000000
27687,1,0.011963,0.000000
27688,1,0.011960,0.000000
27689,1,0.011956,0.000000
27690,1,0.011953,0.000000
27691,1,0.011949,0.000000
27692,1,0.011946,0.000000
27693,1,0.011942,0.000000
27694,1,0.011939,0.000000
27695,1,0.011935,0.000000
27696,1,0.011932,0.000000
27697,1,0.011928,0.000000
27698,1,0.011925,0.000000
27699,1,0.011921,0.000000
27700,1,0.011918,0.000000
27701,1,0.011914,0.000000
27702,1,0.011911,0.000000
27703,1,0.011907,0.000000
27704,1,0.011904,0.000000
27705,1,0.011900,0.000000
27706,1,0.011897,0.000000
27707,1,0.011893,0.000000
27708,1,0.011890,0.000000
27709,1,0.011886,0.000000
27710,1,0.011883,0.000000
27711,1,0.011879,0.000000
27712,1,0.011876,0.000000
27713,1,0.011872,0.000000
27714,1,0.011869,0.000000
27715,1,0.011865,0.000000
27716,1,0.011862,0.000000
27717,1,0.011859,0.000000
27718,1,0.011855,0.000000
27719,1,0.011852,0.000000
27720,1,0.011848,0.000000
27721,1,0.011845,0.000000
27722,1,0.011841,0.000000
27723,1,0.011838,0.000000
27724,1,0.011834,0.000000
27725,1,0.011831,0.000000
27726,1,0.011827,0.000000
27727,1,0.011824,0.000000
27728,1,0.011820,0.000000
27729,1,0.011817,0.000000
27730,1,0.011814,0.000000
27731,1,0.011810,0.000000
27732,1,0.011807,0.000000
27733,1,0.011803,0.000000
27734,1,0.011800,0.000000
27735,1,0.011796,0.000000
27736,1,0.011793,0.000000
27737,1,0.011789,0.000000
27738,1,0.011786,0.000000
27739,1,0.011783,0.000000
27740,1,0.011779,0.000000
27741,1,0.011776,0.000000
27742,1,0.011772,0.000000
27743,1,0.011769,0.000000
27744,1,0.011765,0.000000
27745,1,0.011762,0.000000
27746,1,0.011759,0.000000
27747,1,0.011755,0.000000
27748,0,0.011752,0.000000
27749,1,0.011860,0.000000
27750,1,0.011957,0.000000
27751,1,0.012046,0.000000
27752,1,0.012125,0.000000
27753,1,0.012198,0.000000
27754,1,0.012263,0.000000
27755,1,0.012322,0.000000
27756,1,0.012376,0.000000
27757,1,0.012425,0.000000
27758,1,0.012469,0.000000
27759,1,0.012509,0.000000
27760,1,0.012545,0.000000
27761,1,0.012578,0.000000
27762,1,0.012608,0.000000
27763,1,0.012635,0.000000
27764,1,0.012660,0.000000
27765,1,0.012682,0.000000
27766,1,0.012702,0.000000
27767,1,0.012719,0.000000
27768,1,0.012735,0.000035
27769,1,0.012749,0.000171
27770,1,0.012762,0.000387
27771,1,0.012773,0.000665
27772,1,0.012782,0.000991
27773,1,0.012791,0.001350
27774,1,0.012798,0.001730
27775,1,0.012804,0.002122
27776,1,0.012808,0.002515
27777,1,0.012813,0.002903
27778,1,0.012816,0.003277
27779,1,0.012818,0.003607
27780,1,0.012820,0.003876
27781,1,0.012821,0.004075
27782,1,0.012822,0.004204
27783,1,0.012822,0.004266
27784,1,0.012822,0.004268
27785,1,0.012821,0.004218
27786,1,0.012820,0.004124
27787,1,0.012819,0.003997
27788,1,0.012817,0.003845
27789,1,0.012815,0.003676
27790,1,0.012813,0.003497
27791,1,0.012811,0.003315
27792,1,0.012809,0.003135
27793,1,0.012806,0.002960
27794,1,0.012803,0.002795
27795,1,0.012800,0.002641
27796,1,0.012797,0.002501
27797,1,0.012794,0.002375
27798,1,0.012791,0.002264
27799,1,0.012788,0.002167
27800,1,0.012784,0.002084
27801,1,0.012781,0.002014
27802,1,0.012777,0.001957
27803,1,0.012773,0.001910
27804,1,0.012770,0.001872
27805,1,0.012766,0.001842
27806,1,0.012762,0.001819
27807,1,0.012758,0.001800
27808,1,0.012754,0.001784
27809,1,0.012750,0.001764
27810,1,0.012746,0.001737
27811,1,0.012742,0.001702
27812,1,0.012738,0.001657
27813,1,0.012734,0.001604
27814,1,0.012730,0.001543
27815,1,0.012726,0.001476
27816,1,0.012722,0.001405
27817,1,0.012718,0.001331
27818,1,0.012714,0.001256
27819,1,0.012710,0.001181
27820,1,0.012705,0.001108
27821,1,0.012701,0.001037
27822,1,0.012697,0.000969
27823,1,0.012693,0.000905
27824,1,0.012689,0.000846
27825,1,0.012684,0.000791
27826,1,0.012680,0.000741
27827,1,0.012676,0.000696
27828,1,0.012672,0.000655
27829,1,0.012668,0.000619
27830,1,0.012663,0.000588
27831,1,0.012659,0.000560
27832,1,0.012655,0.000537
27833,1,0.012651,0.000516
27834,1,0.012646,0.000498
27835,1,0.012642,0.000483
27836,1,0.012638,0.000470
27837,1,0.012634,0.000458
27838,1,0.012630,0.000447
27839,1,0.012625,0.000436
27840,1,0.012621,0.000424
27841,1,0.012617,0.000410
27842,1,0.012613,0.000395
27843,1,0.012608,0.000378
27844,1,0.012604,0.000361
27845,1,0.012600,0.000343
27846,1,0.012596,0.000324
27847,1,0.012591,0.000305
27848,1,0.012587,0.000287
27849,1,0.012583,0.000268
27850,1,0.012579,0.000251
27851,1,0.012575,0.000234
27852,1,0.012570,0.000218
27853,1,0.012566,0.000203
27854,1,0.012562,0.000190
27855,1,0.012558,0.000177
27856,1,0.012554,0.000166
27857,1,0.012549,0.000155
27858,1,0.012545,0.000146
27859,1,0.012541,0.000138
27860,1,0.012537,0.000131
27861,1,0.012533,0.000125
27862,1,0.012528,0.000119
27863,1,0.012524,0.000115
27864,1,0.012520,0.000110
27865,1,0.012516,0.000107
27866,1,0.012512,0.000104
27867,1,0.012507,0.000101
27868,1,0.012503,0.000098
27869,1,0.012499,0.000095
27870,1,0.012495,0.000092
27871,1,0.012491,0.000089
27872,1,0.012486,0.000085
27873,1,0.012482,0.000081
27874,1,0.012478,0.000077
27875,1,0.012474,0.000073
27876,1,0.012470,0.000068
27877,1,0.012466,0.000064
27878,1,0.012461,0.000060
27879,1,0.012457,0.000056
27880,1,0.012453,0.000052
27881,1,0.012449,0.000049
27882,1,0.012445,0.000046
27883,1,0.012441,0.000042
27884,1,0.012437,0.000040
27885,1,0.012432,0.000037
27886,1,0.012428,0.000035
27887,1,0.012424,0.000033
27888,1,0.012420,0.000031
27889,1,0.012416,0.000029
27890,1,0.012412,0.000028
27891,1,0.012408,0.000026
27892,1,0.012403,0.000025
27893,1,0.012399,0.000024
27894,1,0.012395,0.000024
27895,1,0.012391,0.000023
27896,1,0.012387,0.000022
27897,1,0.012383,0.000022
27898,1,0.012379,0.000021
27899,1,0.012375,0.000020
27900,1,0.012370,0.000019
27901,1,0.012366,0.000019
27902,1,0.012362,0.000018
27903,1,0.012358,0.000017
27904,1,0.012354,0.000016
27905,1,0.012350,0.000015
27906,1,0.012346,0.000014
27907,1,0.012342,0.000013
27908,1,0.012338,0.000012
27909,1,0.012333,0.000011
27910,1,0.012329,0.000011
27911,1,0.012325,0.000010
27912,1,0.012321,0.000009
27913,1,0.012317,0.000009
27914,1,0.012313,0.000008
27915,1,0.012309,0.000008
27916,1,0.012305,0.000007
27917,1,0.012301,0.000007
27918,1,0.012297,0.000006
27919,1,0.012293,0.000006
27920,1,0.012288,0.000006
27921,1,0.012284,0.000006
27922,1,0.012280,0.000005
27923,1,0.012276,0.000005
27924,1,0.012272,0.000005
27925,1,0.012268,0.000005
27926,1,0.012264,0.000005
27927,1,0.012260,0.000005
27928,1,0.012256,0.000004
27929,1,0.012252,0.000004
27930,1,0.012248,0.000004
27931,1,0.012244,0.000004
27932,1,0.012240,0.000004
27933,1,0.012236,0.000003
27934,1,0.012232,0.000003
27935,1,0.012228,0.000003
27936,1,0.012224,0.000003
27937,1,0.012219,0.000003
27938,1,0.012215,0.000002
27939,1,0.012211,0.000002
27940,1,0.012207,0.000002
27941,1,0.012203,0.000002
27942,1,0.012199,0.000002
27943,1,0.012195,0.000002
27944,1,0.012191,0.000002
27945,1,0.012187,0.000002
27946,1,0.012183,0.000001
27947,1,0.012179,0.000001
27948,1,0.012175,0.000001
27949,1,0.012171,0.000001
27950,1,0.012167,0.000001
27951,1,0.012163,0.000001
27952,1,0.012159,0.000001
27953,1,0.012155,0.000001
27954,1,0.012151,0.000001
27955,1,0.012147,0.000001
27956,1,0.012143,0.000001
27957,1,0.012139,0.000001
27958,1,0.012135,0.000001
27959,1,0.012131,0.000001
27960,1,0.012127,0.000001
27961,1,0.012123,0.000001
27962,1,0.012119,0.000001
27963,1,0.012115,0.000001
27964,1,0.012111,0.000001
27965,1,0.012107,0.000001
27966,1,0.012103,0.000001
27967,1,0.012099,0.000001
27968,1,0.012095,0.000001
27969,1,0.012091,0.000000
27970,1,0.012087,0.000000
27971,1,0.012083,0.000000
27972,1,0.012079,0.000000
27973,1,0.012075,0.000000
27974,1,0.012071,0.000000
27975,1,0.012067,0.000000
27976,1,0.012063,0.000000
27977,1,0.012059,0.000000
27978,1,0.012055,0.000000
27979,1,0.012051,0.000000
27980,1,0.012047,0.000000
27981,1,0.012044,0.000000
27982,1,0.012040,0.000000
27983,1,0.012036,0.000000
27984,1,0.012032,0.000000
27985,1,0.012028,0.000000
27986,1,0.012024,0.000000
27987,1,0.012020,0.000000
27988,1,0.012016,0.000000
27989,1,0.012012,0.000000
27990,1,0.012008,0.000000
27991,1,0.012004,0.000000
27992,1,0.012000,0.000000
27993,1,0.011996,0.000000
27994,1,0.011992,0.000000
27995,1,0.011988,0.000000
27996,1,0.011984,0.000000
27997,1,0.011980,0.000000
27998,1,0.011977,0.000000
27999,1,0.011973,0.000000
28000,1,0.011969,0.000000
28001,1,0.011965,0.000000
28002,1,0.011961,0.000000
28003,1,0.011957,0.000000
28004,1,0.011953,0.000000
28005,1,0.011949,0.000000
28006,1,0.011945,0.000000
28007,1,0.011941,0.000000
28008,1,0.011937,0.000000
28009,1,0.011934,0.000000
28010,1,0.011930,0.000000
28011,1,0.011926,0.000000
28012,1,0.011922,0.000000
28013,1,0.011918,0.000000
28014,1,0.011914,0.000000
28015,1,0.011910,0.000000
28016,1,0.011906,0.000000
28017,1,0.011902,0.000000
28018,1,0.011898,0.000000
28019,1,0.011895,0.000000
28020,1,0.011891,0.000000
28021,1,0.011887,0.000000
28022,1,0.011883,0.000000
28023,1,0.011879,0.000000
28024,1,0.011875,0.000000
28025,1,0.011871,0.000000
28026,1,0.011867,0.000000
28027,1,0.011864,0.000000
28028,1,0.011860,0.000000
28029,1,0.011856,0.000000
28030,1,0.011852,0.000000
28031,1,0.011848,0.000000
28032,1,0.011844,0.000000
28033,1,0.011840,0.000000
28034,1,0.011837,0.000000
28035,1,0.011833,0.000000
28036,1,0.011829,0.000000
28037,1,0.011825,0.000000
28038,1,0.011821,0.000000
28039,1,0.011817,0.000000
28040,1,0.011813,0.000000
28041,1,0.011810,0.000000
28042,1,0.011806,0.000000
28043,1,0.011802,0.000000
28044,1,0.011798,0.000000
28045,1,0.011794,0.000000
28046,1,0.011790,0.000000
28047,1,0.011787,0.000000
28048,1,0.011783,0.000000
28049,1,0.011779,0.000000
28050,1,0.011775,0.000000
28051,1,0.011771,0.000000
28052,1,0.011767,0.000000
28053,1,0.011764,0.000000
28054,1,0.011760,0.000000
28055,1,0.011756,0.000000
28056,1,0.011752,0.000000
28057,1,0.011748,0.000000
28058,1,0.011745,0.000000
28059,1,0.011741,0.000000
28060,1,0.011737,0.000000
28061,1,0.011733,0.000000
28062,1,0.011729,0.000000
28063,1,0.011726,0.000000
28064,1,0.011722,0.000000
28065,1,0.011718,0.000000
28066,1,0.011714,0.000000
28067,1,0.011710,0.000000
28068,1,0.011707,0.000000
28069,1,0.011703,0.000000
28070,1,0.011699,0.000000
28071,1,0.011695,0.000000
28072,1,0.011691,0.000000
28073,1,0.011688,0.000000
28074,1,0.011684,0.000000
28075,1,0.011680,0.000000
28076,1,0.011676,0.000000
28077,1,0.011672,0.000000
28078,1,0.011669,0.000000
28079,1,0.011665,0.000000
28080,1,0.011661,0.000000
28081,1,0.011657,0.000000
28082,1,0.011654,0.000000
28083,1,0.011650,0.000000
28084,1,0.011646,0.000000
28085,1,0.011642,0.000000
28086,1,0.011639,0.000000
28087,1,0.011635,0.000000
28088,1,0.011631,0.000000
28089,1,0.011627,0.000000
28090,1,0.011624,0.000000
28091,1,0.011620,0.000000
28092,1,0.011616,0.000000
28093,1,0.011612,0.000000
28094,1,0.011609,0.000000
28095,1,0.011605,0.000000
28096,1,0.011601,0.000000
28097,1,0.011597,0.000000
28098,1,0.011594,0.000000
28099,1,0.011590,0.000000
28100,1,0.011586,0.000000
28101,1,0.011582,0.000000
28102,1,0.011579,0.000000
28103,1,0.011575,0.000000
28104,1,0.011571,0.000000
28105,1,0.011567,0.000000
28106,1,0.011564,0.000000
28107,1,0.011560,0.000000
28108,1,0.011556,0.000000
28109,1,0.011553,0.000000
28110,1,0.011549,0.000000
28111,1,0.011545,0.000000
28112,1,0.011541,0.000000
28113,1,0.011538,0.000000
28114,1,0.011534,0.000000
28115,1,0.011530,0.000000
28116,1,0.011527,0.000000
28117,1,0.011523,0.000000
28118,1,0.011519,0.000000
28119,1,0.011515,0.000000
28120,1,0.011512,0.000000
28121,1,0.011508,0.000000
28122,1,0.011504,0.000000
28123,1,0.011501,0.000000
28124,1,0.011497,0.000000
28125,1,0.011493,0.000000
28126,1,0.011490,0.000000
28127,1,0.011486,0.000000
28128,1,0.011482,0.000000
28129,1,0.011478,0.000000
28130,1,0.011475,0.000000
28131,1,0.011471,0.000000
28132,1,0.011467,0.000000
28133,1,0.011464,0.000000
28134,1,0.011460,0.000000
28135,1,0.011456,0.000000
28136,1,0.011453,0.000000
28137,1,0.011449,0.000000
28138,1,0.011445,0.000000
28139,1,0.011442,0.000000
28140,1,0.011438,0.000000
28141,1,0.011434,0.000000
28142,1,0.011431,0.000000
28143,1,0.011427,0.000000
28144,1,0.011423,0.000000
28145,1,0.011420,0.000000
28146,1,0.011416,0.000000
28147,1,0.011412,0.000000
28148,1,0.011409,0.000000
28149,1,0.011405,0.000000
28150,1,0.011401,0.000000
28151,1,0.011398,0.000000
28152,1,0.011394,0.000000
28153,1,0.011390,0.000000
28154,1,0.011387,0.000000
28155,1,0.011383,0.000000
28156,1,0.011380,0.000000
28157,1,0.011376,0.000000
28158,1,0.011372,0.000000
28159,1,0.011369,0.000000
28160,1,0.011365,0.000000
28161,1,0.011361,0.000000
28162,1,0.011358,0.000000
28163,1,0.011354,0.000000
28164,1,0.011351,0.000000
28165,1,0.011347,0.000000
28166,1,0.011343,0.000000
28167,1,0.011340,0.000000
28168,1,0.011336,0.000000
28169,1,0.011332,0.000000
28170,1,0.011329,0.000000
28171,1,0.011325,0.000000
28172,1,0.011322,0.000000
28173,1,0.011318,0.000000
28174,1,0.011314,0.000000
28175,1,0.011311,0.000000
28176,1,0.011307,0.000000
28177,1,0.011303,0.000000
28178,1,0.011300,0.000000
28179,1,0.011296,0.000000
28180,1,0.011293,0.000000
28181,1,0.011289,0.000000
28182,1,0.011285,0.000000
28183,1,0.011282,0.000000
28184,1,0.011278,0.000000
28185,1,0.011275,0.000000
28186,1,0.011271,0.000000
28187,1,0.011268,0.000000
28188,1,0.011264,0.000000
28189,1,0.011260,0.000000
28190,1,0.011257,0.000000
28191,0,0.011253,0.000000
28192,1,0.011370,0.000000
28193,1,0.011475,0.000000
28194,1,0.011570,0.000000
28195,1,0.011657,0.000000
28196,1,0.011735,0.000000
28197,1,0.011806,0.000000
28198,1,0.011870,0.000000
28199,1,0.011928,0.000000
28200,1,0.011980,0.000000
28201,1,0.012027,0.000000
28202,1,0.012070,0.000000
28203,1,0.012109,0.000000
28204,1,0.012144,0.000000
28205,1,0.012176,0.000000
28206,1,0.012205,0.000000
28207,1,0.012231,0.000000
28208,1,0.012254,0.000000
28209,1,0.012276,0.000000
28210,1,0.012294,0.000000
28211,1,0.012311,0.000022
28212,1,0.012326,0.000125
28213,1,0.012340,0.000292
28214,1,0.012351,0.000510
28215,1,0.012362,0.000766
28216,1,0.012370,0.001051
28217,1,0.012378,0.001356
28218,1,0.012385,0.001673
28219,1,0.012390,0.001995
28220,1,0.012394,0.002316
28221,1,0.012398,0.002631
28222,1,0.012401,0.002934
28223,1,0.012403,0.003221
28224,1,0.012404,0.003489
28225,1,0.012405,0.003716
28226,1,0.012405,0.003890
28227,1,0.012405,0.004008
28228,1,0.012404,0.004070
28229,1,0.012403,0.004079
28230,1,0.012402,0.004041
28231,1,0.012400,0.003963
28232,1,0.012398,0.003852
28233,1,0.012396,0.003716
28234,1,0.012394,0.003561
28235,1,0.012391,0.003393
28236,1,0.012388,0.003219
28237,1,0.012385,0.003042
28238,1,0.012382,0.002867
28239,1,0.012379,0.002698
28240,1,0.012375,0.002536
28241,1,0.012372,0.002384
28242,1,0.012368,0.002243
28243,1,0.012365,0.002114
28244,1,0.012361,0.001998
28245,1,0.012357,0.001894
28246,1,0.012353,0.001802
28247,1,0.012349,0.001722
28248,1,0.012345,0.001652
28249,1,0.012341,0.001593
28250,1,0.012337,0.001542
28251,1,0.012333,0.001500
28252,1,0.012329,0.001464
28253,1,0.012325,0.001433
28254,1,0.012320,0.001408
28255,1,0.012316,0.001386
28256,1,0.012312,0.001366
28257,1,0.012307,0.001347
28258,1,0.012303,0.001325
28259,1,0.012299,0.001298
28260,1,0.012294,0.001266
28261,1,0.012290,0.001227
28262,1,0.012285,0.001184
28263,1,0.012281,0.001135
28264,1,0.012277,0.001083
28265,1,0.012272,0.001029
28266,1,0.012268,0.000973
28267,1,0.012263,0.000917
28268,1,0.012259,0.000861
28269,1,0.012254,0.000807
28270,1,0.012250,0.000754
28271,1,0.012245,0.000704
28272,1,0.012241,0.000656
28273,1,0.012236,0.000612
28274,1,0.012232,0.000571
28275,1,0.012228,0.000533
28276,1,0.012223,0.000498
28277,1,0.012219,0.000467
28278,1,0.012214,0.000439
28279,1,0.012210,0.000414
28280,1,0.012205,0.000392
28281,1,0.012201,0.000373
28282,1,0.012196,0.000356
28283,1,0.012192,0.000341
28284,1,0.012187,0.000328
28285,1,0.012183,0.000317
28286,1,0.012178,0.000307
28287,1,0.012174,0.000298
28288,1,0.012169,0.000290
28289,1,0.012165,0.000283
28290,1,0.012160,0.000276
28291,1,0.012156,0.000269
28292,1,0.012151,0.000260
28293,1,0.012147,0.000251
28294,1,0.012143,0.000241
28295,1,0.012138,0.000231
28296,1,0.012134,0.000220
28297,1,0.012129,0.000208
28298,1,0.012125,0.000196
28299,1,0.012120,0.000185
28300,1,0.012116,0.000173
28301,1,0.012111,0.000162
28302,1,0.012107,0.000151
28303,1,0.012103,0.000141
28304,1,0.012098,0.000131
28305,1,0.012094,0.000122
28306,1,0.012089,0.000114
28307,1,0.012085,0.000106
28308,1,0.012080,0.000099
28309,1,0.012076,0.000092
28310,1,0.012072,0.000087
28311,1,0.012067,0.000082
28312,1,0.012063,0.000077
28313,1,0.012058,0.000073
28314,1,0.012054,0.000069
28315,1,0.012049,0.000066
28316,1,0.012045,0.000064
28317,1,0.012041,0.000061
28318,1,0.012036,0.000059
28319,1,0.012032,0.000057
28320,1,0.012027,0.000056
28321,1,0.012023,0.000054
28322,1,0.012019,0.000053
28323,1,0.012014,0.000051
28324,1,0.012010,0.000050
28325,1,0.012006,0.000048
28326,1,0.012001,0.000046
28327,1,0.011997,0.000044
28328,1,0.011992,0.000042
28329,1,0.011988,0.000039
28330,1,0.011984,0.000037
28331,1,0.011979,0.000035
28332,1,0.011975,0.000033
28333,1,0.011971,0.000031
28334,1,0.011966,0.000029
28335,1,0.011962,0.000027
28336,1,0.011957,0.000025
28337,1,0.011953,0.000023
28338,1,0.011949,0.000021
28339,1,0.011944,0.000020
28340,1,0.011940,0.000019
28341,1,0.011936,0.000017
28342,1,0.011931,0.000016
28343,1,0.011927,0.000015
28344,1,0.011923,0.000015
28345,1,0.011918,0.000014
28346,1,0.011914,0.000013
28347,1,0.011910,0.000012
28348,1,0.011905,0.000012
28349,1,0.011901,0.000012
28350,1,0.011897,0.000011
28351,1,0.011892,0.000011
28352,1,0.011888,0.000010
28353,1,0.011884,0.000010
28354,1,0.011880,0.000010
28355,1,0.011875,0.000010
28356,1,0.011871,0.000009
28357,1,0.011867,0.000009
28358,1,0.011862,0.000009
28359,1,0.011858,0.000008
28360,1,0.011854,0.000008
28361,1,0.011849,0.000007
28362,1,0.011845,0.000007
28363,1,0.011841,0.000006
28364,1,0.011837,0.000006
28365,1,0.011832,0.000006
28366,1,0.011828,0.000005
28367,1,0.011824,0.000005
28368,1,0.011820,0.000005
28369,1,0.011815,0.000004
28370,1,0.011811,0.000004
28371,1,0.011807,0.000004
28372,1,0.011802,0.000003
28373,1,0.011798,0.000003
28374,1,0.011794,0.000003
28375,1,0.011790,0.000003
28376,1,0.011785,0.000003
28377,1,0.011781,0.000003
28378,1,0.011777,0.000002
28379,1,0.011773,0.000002
28380,1,0.011768,0.000002
28381,1,0.011764,0.000002
28382,1,0.011760,0.000002
28383,1,0.011756,0.000002
28384,1,0.011752,0.000002
28385,1,0.011747,0.000002
28386,1,0.011743,0.000002
28387,1,0.011739,0.000002
28388,1,0.011735,0.000002
28389,1,0.011730,0.000002
28390,1,0.011726,0.000002
28391,1,0.011722,0.000002
28392,1,0.011718,0.000001
28393,1,0.011714,0.000001
28394,1,0.011709,0.000001
28395,1,0.011705,0.000001
28396,1,0.011701,0.000001
28397,1,0.011697,0.000001
28398,1,0.011693,0.000001
28399,1,0.011688,0.000001
28400,1,0.011684,0.000001
28401,1,0.011680,0.000001
28402,1,0.011676,0.000001
28403,1,0.011672,0.000001
28404,1,0.011667,0.000001
28405,1,0.011663,0.000001
28406,1,0.011659,0.000001
28407,1,0.011655,0.000001
28408,1,0.011651,0.000001
28409,1,0.011646,0.000000
28410,1,0.011642,0.000000
28411,1,0.011638,0.000000
28412,1,0.011634,0.000000
28413,1,0.011630,0.000000
28414,1,0.011626,0.000000
28415,1,0.011622,0.000000
28416,1,0.011617,0.000000
28417,1,0.011613,0.000000
28418,1,0.011609,0.000000
28419,1,0.011605,0.000000
28420,1,0.011601,0.000000
28421,1,0.011597,0.000000
28422,1,0.011592,0.000000
28423,1,0.011588,0.000000
28424,1,0.011584,0.000000
28425,1,0.011580,0.000000
28426,1,0.011576,0.000000
28427,1,0.011572,0.000000
28428,1,0.011568,0.000000
28429,1,0.011564,0.000000
28430,1,0.011559,0.000000
28431,1,0.011555,0.000000
28432,1,0.011551,0.000000
28433,1,0.011547,0.000000
28434,1,0.011543,0.000000
28435,1,0.011539,0.000000
28436,1,0.011535,0.000000
28437,1,0.011531,0.000000
28438,1,0.011527,0.000000
28439,1,0.011522,0.000000
28440,1,0.011518,0.000000
28441,1,0.011514,0.000000
28442,1,0.011510,0.000000
28443,1,0.011506,0.000000
28444,1,0.011502,0.000000
28445,1,0.011498,0.000000
28446,1,0.011494,0.000000
28447,1,0.011490,0.000000
28448,1,0.011486,0.000000
28449,1,0.011482,0.000000
28450,1,0.011478,0.000000
28451,1,0.011473,0.000000
28452,1,0.011469,0.000000
28453,1,0.011465,0.000000
28454,1,0.011461,0.000000
28455,1,0.011457,0.000000
28456,1,0.011453,0.000000
28457,1,0.011449,0.000000
28458,1,0.011445,0.000000
28459,1,0.011441,0.000000
28460,1,0.011437,0.000000
28461,1,0.011433,0.000000
28462,1,0.011429,0.000000
28463,1,0.011425,0.000000
28464,1,0.011421,0.000000
28465,1,0.011417,0.000000
28466,1,0.011413,0.000000
28467,1,0.011409,0.000000
28468,1,0.011405,0.000000
28469,1,0.011401,0.000000
28470,1,0.011397,0.000000
28471,1,0.011392,0.000000
28472,1,0.011388,0.000000
28473,1,0.011384,0.000000
28474,1,0.011380,0.000000
28475,1,0.011376,0.000000
28476,1,0.011372,0.000000
28477,1,0.011368,0.000000
28478,1,0.011364,0.000000
28479,1,0.011360,0.000000
28480,1,0.011356,0.000000
28481,1,0.011352,0.000000
28482,1,0.011348,0.000000
28483,1,0.011344,0.000000
28484,1,0.011340,0.000000
28485,1,0.011336,0.000000
28486,1,0.011332,0.000000
28487,1,0.011328,0.000000
28488,1,0.011324,0.000000
28489,1,0.011320,0.000000
28490,1,0.011316,0.000000
28491,1,0.011312,0.000000
28492,1,0.011308,0.000000
28493,1,0.011304,0.000000
28494,1,0.011301,0.000000
28495,1,0.011297,0.000000
28496,1,0.011293,0.000000
28497,1,0.011289,0.000000
28498,1,0.011285,0.000000
28499,1,0.011281,0.000000
28500,1,0.011277,0.000000
28501,1,0.011273,0.000000
28502,1,0.011269,0.000000
28503,1,0.011265,0.000000
28504,1,0.011261,0.000000
28505,1,0.011257,0.000000
28506,1,0.011253,0.000000
28507,1,0.011249,0.000000
28508,1,0.011245,0.000000
28509,1,0.011241,0.000000
28510,1,0.011237,0.000000
28511,1,0.011233,0.000000
28512,1,0.011229,0.000000
28513,1,0.011225,0.000000
28514,1,0.011221,0.000000
28515,1,0.011218,0.000000
28516,1,0.011214,0.000000
28517,1,0.011210,0.000000
28518,1,0.011206,0.000000
28519,1,0.011202,0.000000
28520,1,0.011198,0.000000
28521,1,0.011194,0.000000
28522,1,0.011190,0.000000
28523,1,0.011186,0.000000
28524,1,0.011182,0.000000
28525,1,0.011178,0.000000
28526,1,0.011174,0.000000
28527,1,0.011171,0.000000
28528,1,0.011167,0.000000
28529,1,0.011163,0.000000
28530,1,0.011159,0.000000
28531,1,0.011155,0.000000
28532,1,0.011151,0.000000
28533,1,0.011147,0.000000
28534,1,0.011143,0.000000
28535,1,0.011139,0.000000
28536,1,0.011136,0.000000
28537,1,0.011132,0.000000
28538,1,0.011128,0.000000
28539,1,0.011124,0.000000
28540,1,0.011120,0.000000
28541,1,0.011116,0.000000
28542,1,0.011112,0.000000
28543,1,0.011108,0.000000
28544,1,0.011105,0.000000
28545,1,0.011101,0.000000
28546,1,0.011097,0.000000
28547,1,0.011093,0.000000
28548,1,0.011089,0.000000
28549,1,0.011085,0.000000
28550,1,0.011081,0.000000
28551,1,0.011078,0.000000
28552,1,0.011074,0.000000
28553,1,0.011070,0.000000
28554,1,0.011066,0.000000
28555,1,0.011062,0.000000
28556,1,0.011058,0.000000
28557,1,0.011055,0.000000
28558,1,0.011051,0.000000
28559,1,0.011047,0.000000
28560,1,0.011043,0.000000
28561,1,0.011039,0.000000
28562,1,0.011035,0.000000
28563,1,0.011032,0.000000
28564,1,0.011028,0.000000
28565,1,0.011024,0.000000
28566,1,0.011020,0.000000
28567,1,0.011016,0.000000
28568,1,0.011012,0.000000
28569,1,0.011009,0.000000
28570,1,0.011005,0.000000
28571,1,0.011001,0.000000
28572,1,0.010997,0.000000
28573,1,0.010993,0.000000
28574,1,0.010990,0.000000
28575,1,0.010986,0.000000
28576,1,0.010982,0.000000
28577,1,0.010978,0.000000
28578,1,0.010974,0.000000
28579,1,0.010971,0.000000
28580,1,0.010967,0.000000
28581,1,0.010963,0.000000
28582,1,0.010959,0.000000
28583,1,0.010955,0.000000
28584,1,0.010952,0.000000
28585,1,0.010948,0.000000
28586,1,0.010944,0.000000
28587,1,0.010940,0.000000
28588,1,0.010937,0.000000
28589,1,0.010933,0.000000
28590,1,0.010929,0.000000
28591,1,0.010925,0.000000
28592,1,0.010921,0.000000
28593,1,0.010918,0.000000
28594,1,0.010914,0.000000
28595,1,0.010910,0.000000
28596,1,0.010906,0.000000
28597,1,0.010903,0.000000
28598,1,0.010899,0.000000
28599,1,0.010895,0.000000
28600,1,0.010891,0.000000
28601,1,0.010888,0.000000
28602,1,0.010884,0.000000
28603,1,0.010880,0.000000
28604,1,0.010876,0.000000
28605,1,0.010873,0.000000
28606,1,0.010869,0.000000
28607,1,0.010865,0.000000
28608,1,0.010861,0.000000
28609,1,0.010858,0.000000
28610,1,0.010854,0.000000
28611,1,0.010850,0.000000
28612,1,0.010847,0.000000
28613,1,0.010843,0.000000
28614,1,0.010839,0.000000
28615,1,0.010835,0.000000
28616,1,0.010832,0.000000
28617,1,0.010828,0.000000
28618,1,0.010824,0.000000
28619,1,0.010821,0.000000
28620,1,0.010817,0.000000
28621,1,0.010813,0.000000
28622,1,0.010809,0.000000
28623,1,0.010806,0.000000
28624,1,0.010802,0.000000
28625,1,0.010798,0.000000
28626,1,0.010795,0.000000
28627,1,0.010791,0.000000
28628,1,0.010787,0.000000
28629,1,0.010784,0.000000
28630,1,0.010780,0.000000
28631,1,0.010776,0.000000
28632,1,0.010772,0.000000
28633,1,0.010769,0.000000
28634,1,0.010765,0.000000
28635,1,0.010761,0.000000
28636,1,0.010758,0.000000
28637,1,0.010754,0.000000
28638,1,0.010750,0.000000
28639,1,0.010747,0.000000
28640,1,0.010743,0.000000
28641,1,0.010739,0.000000
28642,1,0.010736,0.000000
28643,1,0.010732,0.000000
28644,1,0.010728,0.000000
28645,1,0.010725,0.000000
28646,1,0.010721,0.000000
28647,1,0.010717,0.000000
28648,1,0.010714,0.000000
28649,1,0.010710,0.000000
28650,1,0.010706,0.000000
28651,1,0.010703,0.000000
28652,1,0.010699,0.000000
28653,1,0.010695,0.000000
28654,1,0.010692,0.000000
28655,1,0.010688,0.000000
28656,1,0.010685,0.000000
28657,1,0.010681,0.000000
28658,1,0.010677,0.000000
28659,1,0.010674,0.000000
28660,1,0.010670,0.000000
28661,1,0.010666,0.000000
28662,1,0.010663,0.000000
28663,1,0.010659,0.000000
28664,1,0.010656,0.000000
28665,1,0.010652,0.000000
28666,1,0.010648,0.000000
28667,1,0.010645,0.000000
28668,1,0.010641,0.000000
28669,1,0.010637,0.000000
28670,1,0.010634,0.000000
28671,1,0.010630,0.000000
28672,1,0.010627,0.000000
28673,1,0.010623,0.000000
28674,1,0.010619,0.000000
28675,1,0.010616,0.000000
28676,1,0.010612,0.000000
28677,1,0.010609,0.000000
28678,1,0.010605,0.000000
28679,1,0.010601,0.000000
28680,1,0.010598,0.000000
28681,1,0.010594,0.000000
28682,1,0.010591,0.000000
28683,1,0.010587,0.000000
28684,1,0.010583,0.000000
28685,1,0.010580,0.000000
28686,1,0.010576,0.000000
28687,1,0.010573,0.000000
28688,1,0.010569,0.000000
28689,1,0.010566,0.000000
28690,1,0.010562,0.000000
28691,1,0.010558,0.000000
28692,1,0.010555,0.000000
28693,1,0.010551,0.000000
28694,1,0.010548,0.000000
28695,1,0.010544,0.000000
28696,1,0.010541,0.000000
28697,1,0.010537,0.000000
28698,1,0.010533,0.000000
28699,1,0.010530,0.000000
28700,1,0.010526,0.000000
28701,1,0.010523,0.000000
28702,1,0.010519,0.000000
28703,1,0.010516,0.000000
28704,1,0.010512,0.000000
28705,1,0.010509,0.000000
28706,1,0.010505,0.000000
28707,1,0.010501,0.000000
28708,1,0.010498,0.000000
28709,1,0.010494,0.000000
28710,1,0.010491,0.000000
28711,1,0.010487,0.000000
28712,1,0.010484,0.000000
28713,1,0.010480,0.000000
28714,1,0.010477,0.000000
28715,1,0.010473,0.000000
28716,1,0.010470,0.000000
28717,1,0.010466,0.000000
28718,1,0.010463,0.000000
28719,1,0.010459,0.000000
28720,1,0.010456,0.000000
28721,1,0.010452,0.000000
28722,1,0.010448,0.000000
28723,1,0.010445,0.000000
28724,1,0.010441,0.000000
28725,1,0.010438,0.000000
28726,1,0.010434,0.000000
28727,1,0.010431,0.000000
28728,1,0.010427,0.000000
28729,1,0.010424,0.000000
28730,1,0.010420,0.000000
28731,1,0.010417,0.000000
28732,1,0.010413,0.000000
28733,1,0.010410,0.000000
28734,1,0.010406,0.000000
28735,1,0.010403,0.000000
28736,1,0.010399,0.000000
28737,1,0.010396,0.000000
28738,1,0.010392,0.000000
28739,1,0.010389,0.000000
28740,1,0.010385,0.000000
28741,1,0.010382,0.000000
28742,1,0.010379,0.000000
28743,1,0.010375,0.000000
28744,1,0.010372,0.000000
28745,1,0.010368,0.000000
28746,1,0.010365,0.000000
28747,1,0.010361,0.000000
28748,1,0.010358,0.000000
28749,1,0.010354,0.000000
28750,1,0.010351,0.000000
28751,1,0.010347,0.000000
28752,1,0.010344,0.000000
28753,1,0.010340,0.000000
28754,1,0.010337,0.000000
28755,1,0.010333,0.000000
28756,1,0.010330,0.000000
28757,1,0.010327,0.000000
28758,1,0.010323,0.000000
28759,1,0.010320,0.000000
28760,1,0.010316,0.000000
28761,1,0.010313,0.000000
28762,1,0.010309,0.000000
28763,1,0.010306,0.000000
28764,1,0.010302,0.000000
28765,1,0.010299,0.000000
28766,1,0.010295,0.000000
28767,1,0.010292,0.000000
28768,1,0.010289,0.000000
28769,1,0.010285,0.000000
28770,1,0.010282,0.000000
28771,1,0.010278,0.000000
28772,1,0.010275,0.000000
28773,1,0.010271,0.000000
28774,1,0.010268,0.000000
28775,1,0.010265,0.000000
28776,1,0.010261,0.000000
28777,1,0.010258,0.000000
28778,1,0.010254,0.000000
28779,1,0.010251,0.000000
28780,1,0.010248,0.000000
28781,1,0.010244,0.000000
28782,1,0.010241,0.000000
28783,1,0.010237,0.000000
28784,1,0.010234,0.000000
28785,1,0.010230,0.000000
28786,1,0.010227,0.000000
28787,1,0.010224,0.000000
28788,1,0.010220,0.000000
28789,1,0.010217,0.000000
28790,1,0.010213,0.000000
28791,1,0.010210,0.000000
28792,1,0.010207,0.000000
28793,1,0.010203,0.000000
28794,1,0.010200,0.000000
28795,1,0.010196,0.000000
28796,1,0.010193,0.000000
28797,1,0.010190,0.000000
28798,1,0.010186,0.000000
28799,1,0.010183,0.000000
28800,1,0.010180,0.000000
28801,1,0.010176,0.000000
28802,1,0.010173,0.000000
28803,1,0.010169,0.000000
28804,1,0.010166,0.000000
28805,1,0.010163,0.000000
28806,1,0.010159,0.000000
28807,1,0.010156,0.000000
28808,1,0.010153,0.000000
28809,1,0.010149,0.000000
28810,1,0.010146,0.000000
28811,1,0.010142,0.000000
28812,1,0.010139,0.000000
28813,1,0.010136,0.000000
28814,1,0.010132,0.000000
28815,1,0.010129,0.000000
28816,1,0.010126,0.000000
28817,1,0.010122,0.000000
28818,1,0.010119,0.000000
28819,1,0.010116,0.000000
28820,1,0.010112,0.000000
28821,1,0.010109,0.000000
28822,1,0.010106,0.000000
28823,1,0.010102,0.000000
28824,1,0.010099,0.000000
28825,1,0.010096,0.000000
28826,1,0.010092,0.000000
28827,1,0.010089,0.000000
28828,1,0.010086,0.000000
28829,1,0.010082,0.000000
28830,1,0.010079,0.000000
28831,1,0.010076,0.000000
28832,1,0.010072,0.000000
28833,1,0.010069,0.000000
28834,1,0.010066,0.000000
28835,1,0.010062,0.000000
28836,1,0.010059,0.000000
28837,1,0.010056,0.000000
28838,1,0.010052,0.000000
28839,1,0.010049,0.000000
28840,1,0.010046,0.000000
28841,1,0.010042,0.000000
28842,1,0.010039,0.000000
28843,1,0.010036,0.000000
28844,1,0.010032,0.000000
28845,1,0.010029,0.000000
28846,1,0.010026,0.000000
28847,1,0.010023,0.000000
28848,1,0.010019,0.000000
28849,1,0.010016,0.000000
28850,1,0.010013,0.000000
28851,1,0.010009,0.000000
28852,1,0.010006,0.000000
28853,1,0.010003,0.000000
28854,1,0.009999,0.000000
28855,1,0.009996,0.000000
28856,1,0.009993,0.000000
28857,1,0.009990,0.000000
28858,1,0.009986,0.000000
28859,1,0.009983,0.000000
28860,1,0.009980,0.000000
28861,1,0.009977,0.000000
28862,1,0.009973,0.000000
28863,1,0.009970,0.000000
28864,1,0.009967,0.000000
28865,1,0.009963,0.000000
28866,1,0.009960,0.000000
28867,1,0.009957,0.000000
28868,1,0.009954,0.000000
28869,1,0.009950,0.000000
28870,1,0.009947,0.000000
28871,1,0.009944,0.000000
28872,1,0.009941,0.000000
28873,1,0.009937,0.000000
28874,1,0.009934,0.000000
28875,1,0.009931,0.000000
28876,1,0.009927,0.000000
28877,1,0.009924,0.000000
28878,1,0.009921,0.000000
28879,1,0.009918,0.000000
28880,1,0.009914,0.000000
28881,1,0.009911,0.000000
28882,1,0.009908,0.000000
28883,1,0.009905,0.000000
28884,1,0.009902,0.000000
28885,1,0.009898,0.000000
28886,1,0.009895,0.000000
28887,1,0.009892,0.000000
28888,1,0.009889,0.000000
28889,1,0.009885,0.000000
28890,1,0.009882,0.000000
28891,1,0.009879,0.000000
28892,1,0.009876,0.000000
28893,1,0.009872,0.000000
28894,1,0.009869,0.000000
28895,1,0.009866,0.000000
28896,1,0.009863,0.000000
28897,0,0.009859,0.000000
28898,1,0.009977,0.000000
28899,1,0.010084,0.000000
28900,1,0.010180,0.000000
28901,1,0.010268,0.000000
28902,1,0.010348,0.000000
28903,1,0.010420,0.000000
28904,1,0.010485,0.000000
28905,1,0.010544,0.000000
28906,1,0.010597,0.000000
28907,1,0.010646,0.000000
28908,1,0.010690,0.000000
28909,1,0.010730,0.000000
28910,1,0.010766,0.000000
28911,1,0.010799,0.000000
28912,1,0.010829,0.000000
28913,1,0.010856,0.000000
28914,1,0.010880,0.000000
28915,1,0.010902,0.000000
28916,1,0.010922,0.000000
28917,1,0.010940,0.000023
28918,1,0.010955,0.000124
28919,1,0.010970,0.000290
28920,1,0.010982,0.000505
28921,1,0.010993,0.000759
28922,1,0.011002,0.001041
28923,1,0.011011,0.001344
28924,1,0.011018,0.001658
28925,1,0.011024,0.001977
28926,1,0.011029,0.002295
28927,1,0.011033,0.002607
28928,1,0.011036,0.002908
28929,1,0.011039,0.003193
28930,1,0.011041,0.003460
28931,1,0.011042,0.003688
28932,1,0.011043,0.003866
28933,1,0.011043,0.003988
28934,1,0.011043,0.004055
28935,1,0.011042,0.004068
28936,1,0.011041,0.004035
28937,1,0.011040,0.003961
28938,1,0.011038,0.003854
28939,1,0.011036,0.003721
28940,1,0.011034,0.003568
28941,1,0.011032,0.003402
28942,1,0.011030,0.003229
28943,1,0.011027,0.003053
28944,1,0.011024,0.002878
28945,1,0.011022,0.002708
28946,1,0.011019,0.002546
28947,1,0.011015,0.002393
28948,1,0.011012,0.002250
28949,1,0.011009,0.002120
28950,1,0.011006,0.002002
28951,1,0.011002,0.001897
28952,1,0.010999,0.001803
28953,1,0.010995,0.001721
28954,1,0.010991,0.001650
28955,1,0.010988,0.001589
28956,1,0.010984,0.001537
28957,1,0.010980,0.001492
28958,1,0.010976,0.001455
28959,1,0.010972,0.001424
28960,1,0.010968,0.001397
28961,1,0.010965,0.001374
28962,1,0.010961,0.001354
28963,1,0.010957,0.001336
28964,1,0.010953,0.001315
28965,1,0.010949,0.001290
28966,1,0.010945,0.001259
28967,1,0.010940,0.001223
28968,1,0.010936,0.001180
28969,1,0.010932,0.001134
28970,1,0.010928,0.001083
28971,1,0.010924,0.001030
28972,1,0.010920,0.000975
28973,1,0.010916,0.000920
28974,1,0.010912,0.000864
28975,1,0.010908,0.000810
28976,1,0.010904,0.000758
28977,1,0.010899,0.000707
28978,1,0.010895,0.000659
28979,1,0.010891,0.000615
28980,1,0.010887,0.000573
28981,1,0.010883,0.000535
28982,1,0.010879,0.000500
28983,1,0.010875,0.000468
28984,1,0.010871,0.000439
28985,1,0.010866,0.000414
28986,1,0.010862,0.000391
28987,1,0.010858,0.000372
28988,1,0.010854,0.000354
28989,1,0.010850,0.000339
28990,1,0.010846,0.000325
28991,1,0.010842,0.000314
28992,1,0.010837,0.000304
28993,1,0.010833,0.000295
28994,1,0.010829,0.000287
28995,1,0.010825,0.000280
28996,1,0.010821,0.000273
28997,1,0.010817,0.000266
28998,1,0.010813,0.000258
28999,1,0.010809,0.000249
29000,1,0.010804,0.000240
29001,1,0.010800,0.000230
29002,1,0.010796,0.000219
29003,1,0.010792,0.000208
29004,1,0.010788,0.000197
29005,1,0.010784,0.000185
29006,1,0.010780,0.000174
29007,1,0.010776,0.000163
29008,1,0.010772,0.000152
29009,1,0.010768,0.000142
29010,1,0.010763,0.000132
29011,1,0.010759,0.000123
29012,1,0.010755,0.000114
29013,1,0.010751,0.000107
29014,1,0.010747,0.000099
29015,1,0.010743,0.000093
29016,1,0.010739,0.000087
29017,1,0.010735,0.000082
29018,1,0.010731,0.000077
29019,1,0.010727,0.000073
29020,1,0.010723,0.000069
29021,1,0.010719,0.000066
29022,1,0.010715,0.000063
29023,1,0.010710,0.000061
29024,1,0.010706,0.000058
29025,1,0.010702,0.000057
29026,1,0.010698,0.000055
29027,1,0.010694,0.000053
29028,1,0.010690,0.000052
29029,1,0.010686,0.000051
29030,1,0.010682,0.000049
29031,1,0.010678,0.000047
29032,1,0.010674,0.000045
29033,1,0.010670,0.000044
29034,1,0.010666,0.000041
29035,1,0.010662,0.000039
29036,1,0.010658,0.000037
29037,1,0.010654,0.000035
29038,1,0.010650,0.000033
29039,1,0.010646,0.000031
29040,1,0.010642,0.000029
29041,1,0.010638,0.000027
29042,1,0.010634,0.000025
29043,1,0.010630,0.000023
29044,1,0.010626,0.000022
29045,1,0.010622,0.000020
29046,1,0.010618,0.000019
29047,1,0.010614,0.000018
29048,1,0.010610,0.000016
29049,1,0.010606,0.000015
29050,1,0.010602,0.000015
29051,1,0.010598,0.000014
29052,1,0.010594,0.000013
29053,1,0.010590,0.000012
29054,1,0.010586,0.000012
29055,1,0.010582,0.000011
29056,1,0.010578,0.000011
29057,1,0.010574,0.000011
29058,1,0.010570,0.000010
29059,1,0.010566,0.000010
29060,1,0.010562,0.000010
29061,1,0.010558,0.000009
29062,1,0.010554,0.000009
29063,1,0.010550,0.000009
29064,1,0.010546,0.000009
29065,1,0.010542,0.000008
29066,1,0.010538,0.000008
29067,1,0.010534,0.000007
29068,1,0.010530,0.000007
29069,1,0.010526,0.000007
29070,1,0.010522,0.000006
29071,1,0.010519,0.000006
29072,1,0.010515,0.000005
29073,1,0.010511,0.000005
29074,1,0.010507,0.000005
29075,1,0.010503,0.000004
29076,1,0.010499,0.000004
29077,1,0.010495,0.000004
29078,1,0.010491,0.000003
29079,1,0.010487,0.000003
29080,1,0.010483,0.000003
29081,1,0.010479,0.000003
29082,1,0.010475,0.000003
29083,1,0.010471,0.000003
29084,1,0.010468,0.000002
29085,1,0.010464,0.000002
29086,1,0.010460,0.000002
29087,1,0.010456,0.000002
29088,1,0.010452,0.000002
29089,1,0.010448,0.000002
29090,1,0.010444,0.000002
29091,1,0.010440,0.000002
29092,1,0.010436,0.000002
29093,1,0.010432,0.000002
29094,1,0.010429,0.000002
29095,1,0.010425,0.000002
29096,1,0.010421,0.000002
29097,1,0.010417,0.000002
29098,1,0.010413,0.000001
29099,1,0.010409,0.000001
29100,1,0.010405,0.000001
29101,1,0.010401,0.000001
29102,1,0.010398,0.000001
29103,1,0.010394,0.000001
29104,1,0.010390,0.000001
29105,1,0.010386,0.000001
29106,1,0.010382,0.000001
29107,1,0.010378,0.000001
29108,1,0.010374,0.000001
29109,1,0.010371,0.000001
29110,1,0.010367,0.000001
29111,1,0.010363,0.000001
29112,1,0.010359,0.000001
29113,1,0.010355,0.000001
29114,1,0.010351,0.000001
29115,1,0.010348,0.000000
29116,1,0.010344,0.000000
29117,1,0.010340,0.000000
29118,1,0.010336,0.000000
29119,1,0.010332,0.000000
29120,1,0.010328,0.000000
29121,1,0.010325,0.000000
29122,1,0.010321,0.000000
29123,1,0.010317,0.000000
29124,1,0.010313,0.000000
29125,1,0.010309,0.000000
29126,1,0.010306,0.000000
29127,1,0.010302,0.000000
29128,1,0.010298,0.000000
29129,1,0.010294,0.000000
29130,1,0.010290,0.000000
29131,1,0.010287,0.000000
29132,1,0.010283,0.000000
29133,1,0.010279,0.000000
29134,1,0.010275,0.000000
29135,1,0.010271,0.000000
29136,1,0.010268,0.000000
29137,1,0.010264,0.000000
29138,1,0.010260,0.000000
29139,1,0.010256,0.000000
29140,1,0.010253,0.000000
29141,1,0.010249,0.000000
29142,1,0.010245,0.000000
29143,1,0.010241,0.000000
29144,1,0.010237,0.000000
29145,1,0.010234,0.000000
29146,1,0.010230,0.000000
29147,1,0.010226,0.000000
29148,1,0.010222,0.000000
29149,1,0.010219,0.000000
29150,1,0.010215,0.000000
29151,1,0.010211,0.000000
29152,1,0.010207,0.000000
29153,1,0.010204,0.000000
29154,1,0.010200,0.000000
29155,0,0.010196,0.000000
29156,1,0.010326,0.000000
29157,1,0.010444,0.000000
29158,1,0.010551,0.000000
29159,0,0.010648,0.000000
29160,1,0.010857,0.000000
29161,1,0.011048,0.000000
29162,1,0.011223,0.000000
29163,1,0.011384,0.000000
29164,1,0.011531,0.000000
29165,1,0.011665,0.000000
29166,1,0.011788,0.000000
29167,1,0.011901,0.000000
29168,1,0.012005,0.000000
29169,1,0.012100,0.000000
29170,1,0.012188,0.000000
29171,1,0.012269,0.000000
29172,1,0.012343,0.000000
29173,1,0.012411,0.000000
29174,1,0.012474,0.000000
29175,1,0.012532,0.000000
29176,1,0.012585,0.000000
29177,1,0.012634,0.000063
29178,0,0.012679,0.000050
29179,1,0.012869,0.000040
29180,1,0.013043,0.000032
29181,1,0.013202,0.000026
29182,1,0.013348,0.000021
29183,1,0.013481,0.000016
29184,1,0.013603,0.000013
29185,1,0.013715,0.000011
29186,1,0.013817,0.000135
29187,1,0.013910,0.000439
29188,1,0.013995,0.000857
29189,1,0.014073,0.001340
29190,1,0.014143,0.001855
29191,1,0.014208,0.002380
29192,1,0.014266,0.002898
29193,1,0.014319,0.003400
29194,1,0.014367,0.003879
29195,1,0.014410,0.004331
29196,1,0.014449,0.004754
29197,1,0.014483,0.005148
29198,1,0.014514,0.005512
29199,1,0.014542,0.005847
29200,1,0.014566,0.006152
29201,1,0.014587,0.006429
29202,1,0.014606,0.006679
29203,1,0.014622,0.006901
29204,1,0.014636,0.007097
29205,1,0.014647,0.007266
29206,1,0.014657,0.007410
29207,1,0.014665,0.007528
29208,1,0.014671,0.007622
29209,1,0.014676,0.007691
29210,1,0.014680,0.007736
29211,1,0.014682,0.007757
29212,1,0.014683,0.007756
29213,1,0.014683,0.007732
29214,1,0.014682,0.007680
29215,1,0.014681,0.007590
29216,1,0.014678,0.007460
29217,1,0.014675,0.007289
29218,1,0.014672,0.007082
29219,1,0.014668,0.006843
29220,1,0.014663,0.006578
29221,1,0.014658,0.006292
29222,1,0.014653,0.005991
29223,1,0.014647,0.005682
29224,1,0.014641,0.005368
29225,1,0.014635,0.005055
29226,1,0.014628,0.004746
29227,1,0.014622,0.004445
29228,1,0.014615,0.004153
29229,1,0.014608,0.003874
29230,1,0.014600,0.003609
29231,1,0.014593,0.003359
29232,1,0.014585,0.003125
29233,1,0.014578,0.002906
29234,1,0.014570,0.002704
29235,1,0.014562,0.002518
29236,1,0.014554,0.002348
29237,1,0.014546,0.002192
29238,1,0.014538,0.002051
29239,1,0.014530,0.001923
29240,1,0.014522,0.001808
29241,1,0.014514,0.001704
29242,1,0.014505,0.001611
29243,1,0.014497,0.001528
29244,1,0.014489,0.001454
29245,1,0.014480,0.001388
29246,1,0.014472,0.001328
29247,1,0.014464,0.001275
29248,1,0.014455,0.001227
29249,1,0.014447,0.001184
29250,1,0.014438,0.001145
29251,1,0.014430,0.001110
29252,1,0.014421,0.001077
29253,1,0.014413,0.001046
29254,1,0.014404,0.001017
29255,1,0.014396,0.000990
29256,1,0.014387,0.000963
29257,1,0.014379,0.000937
29258,1,0.014370,0.000910
29259,1,0.014362,0.000881
29260,1,0.014353,0.000849
29261,1,0.014345,0.000816
29262,1,0.014336,0.000781
29263,1,0.014328,0.000744
29264,1,0.014319,0.000706
29265,1,0.014311,0.000668
29266,1,0.014302,0.000630
29267,1,0.014294,0.000592
29268,1,0.014285,0.000555
29269,1,0.014277,0.000518
29270,1,0.014268,0.000484
29271,1,0.014260,0.000450
29272,1,0.014251,0.000418
29273,1,0.014243,0.000388
29274,1,0.014234,0.000360
29275,1,0.014226,0.000334
29276,1,0.014217,0.000310
29277,1,0.014209,0.000287
29278,1,0.014201,0.000267
29279,1,0.014192,0.000248
29280,1,0.014184,0.000231
29281,1,0.014176,0.000216
29282,1,0.014167,0.000202
29283,1,0.014159,0.000190
29284,1,0.014150,0.000178
29285,1,0.014142,0.000168
29286,1,0.014134,0.000160
29287,1,0.014126,0.000152
29288,1,0.014117,0.000145
29289,1,0.014109,0.000138
29290,1,0.014101,0.000133
29291,1,0.014092,0.000128
29292,1,0.014084,0.000123
29293,1,0.014076,0.000119
29294,1,0.014068,0.000115
29295,1,0.014059,0.000112
29296,1,0.014051,0.000109
29297,1,0.014043,0.000106
29298,1,0.014035,0.000103
29299,1,0.014027,0.000100
29300,1,0.014018,0.000097
29301,1,0.014010,0.000094
29302,1,0.014002,0.000091
29303,1,0.013994,0.000088
29304,0,0.013986,0.000070
29305,1,0.014184,0.000056
29306,1,0.014364,0.000045
29307,1,0.014527,0.000036
29308,1,0.014674,0.000029
29309,1,0.014808,0.000023
29310,1,0.014929,0.000018
29311,1,0.015038,0.000015
29312,1,0.015136,0.000012
29313,1,0.015224,0.000009
29314,1,0.015304,0.000008
29315,1,0.015375,0.000006
29316,1,0.015439,0.000005
29317,1,0.015496,0.000004
29318,1,0.015547,0.000003
29319,1,0.015593,0.000002
29320,1,0.015634,0.000002
29321,1,0.015670,0.000002
29322,1,0.015702,0.000033
29323,1,0.015731,0.000097
29324,1,0.015756,0.000183
29325,1,0.015778,0.000288
29326,1,0.015797,0.000406
29327,1,0.015813,0.000536
29328,1,0.015827,0.000674
29329,1,0.015839,0.000817
29330,1,0.015849,0.000966
29331,1,0.015857,0.001117
29332,1,0.015863,0.001269
29333,1,0.015868,0.001422
29334,1,0.015871,0.001573
29335,1,0.015873,0.001721
29336,1,0.015874,0.001866
29337,1,0.015874,0.002005
29338,1,0.015873,0.002139
29339,1,0.015871,0.002265
29340,1,0.015868,0.002384
29341,1,0.015865,0.002494
29342,1,0.015860,0.002594
29343,1,0.015855,0.002684
29344,1,0.015850,0.002764
29345,1,0.015844,0.002834
29346,1,0.015837,0.002892
29347,1,0.015831,0.002939
29348,1,0.015823,0.002975
29349,1,0.015816,0.002999
29350,1,0.015808,0.003010
29351,1,0.015800,0.003003
29352,1,0.015792,0.002975
29353,1,0.015783,0.002928
29354,1,0.015774,0.002862
29355,1,0.015765,0.002780
29356,1,0.015756,0.002685
29357,1,0.015747,0.002578
29358,1,0.015738,0.002463
29359,1,0.015728,0.002342
29360,1,0.015719,0.002218
29361,1,0.015709,0.002093
29362,1,0.015700,0.001968
29363,1,0.015690,0.001846
29364,1,0.015680,0.001727
29365,1,0.015670,0.001612
29366,1,0.015660,0.001502
29367,1,0.015650,0.001399
29368,1,0.015640,0.001302
29369,1,0.015630,0.001211
29370,1,0.015620,0.001127
29371,1,0.015610,0.001050
29372,1,0.015600,0.000979
29373,1,0.015590,0.000914
29374,1,0.015580,0.000856
29375,1,0.015570,0.000803
29376,1,0.015560,0.000755
29377,1,0.015550,0.000712
29378,1,0.015540,0.000674
29379,1,0.015530,0.000640
29380,1,0.015520,0.000610
29381,1,0.015510,0.000583
29382,1,0.015499,0.000559
29383,1,0.015489,0.000538
29384,1,0.015479,0.000519
29385,1,0.015469,0.000503
29386,1,0.015459,0.000487
29387,1,0.015449,0.000474
29388,1,0.015439,0.000461
29389,1,0.015429,0.000449
29390,1,0.015419,0.000438
29391,1,0.015409,0.000428
29392,1,0.015399,0.000418
29393,1,0.015389,0.000408
29394,1,0.015379,0.000399
29395,1,0.015369,0.000389
29396,1,0.015359,0.000378
29397,1,0.015349,0.000366
29398,1,0.015339,0.000353
29399,1,0.015329,0.000340
29400,1,0.015319,0.000325
29401,1,0.015309,0.000310
29402,1,0.015299,0.000294
29403,1,0.015289,0.000278
29404,1,0.015280,0.000262
29405,1,0.015270,0.000246
29406,1,0.015260,0.000231
29407,1,0.015250,0.000216
29408,1,0.015240,0.000201
29409,1,0.015230,0.000187
29410,1,0.015221,0.000174
29411,1,0.015211,0.000162
29412,1,0.015201,0.000150
29413,1,0.015191,0.000139
29414,1,0.015182,0.000129
29415,1,0.015172,0.000120
29416,1,0.015162,0.000111
29417,1,0.015152,0.000103
29418,1,0.015143,0.000096
29419,1,0.015133,0.000090
29420,1,0.015123,0.000084
29421,1,0.015114,0.000079
29422,1,0.015104,0.000074
29423,1,0.015095,0.000070
29424,1,0.015085,0.000066
29425,1,0.015075,0.000063
29426,1,0.015066,0.000060
29427,1,0.015056,0.000058
29428,1,0.015047,0.000055
29429,1,0.015037,0.000053
29430,1,0.015028,0.000051
29431,1,0.015018,0.000050
29432,1,0.015009,0.000048
29433,1,0.014999,0.000047
29434,1,0.014990,0.000045
29435,1,0.014980,0.000044
29436,1,0.014971,0.000043
29437,1,0.014961,0.000042
29438,1,0.014952,0.000041
29439,1,0.014942,0.000040
29440,1,0.014933,0.000038
29441,1,0.014924,0.000037
29442,1,0.014914,0.000036
29443,1,0.014905,0.000034
29444,1,0.014896,0.000033
29445,1,0.014886,0.000031
29446,1,0.014877,0.000030
29447,1,0.014868,0.000028
29448,1,0.014858,0.000026
29449,1,0.014849,0.000025
29450,1,0.014840,0.000023
29451,1,0.014831,0.000022
29452,1,0.014821,0.000020
29453,1,0.014812,0.000019
29454,1,0.014803,0.000017
29455,1,0.014794,0.000016
29456,1,0.014785,0.000015
29457,1,0.014775,0.000014
29458,1,0.014766,0.000013
29459,1,0.014757,0.000012
29460,1,0.014748,0.000011
29461,1,0.014739,0.000010
29462,1,0.014730,0.000010
29463,1,0.014721,0.000009
29464,1,0.014712,0.000008
29465,1,0.014702,0.000008
29466,1,0.014693,0.000007
29467,1,0.014684,0.000007
29468,1,0.014675,0.000007
29469,1,0.014666,0.000006
29470,1,0.014657,0.000006
29471,1,0.014648,0.000006
29472,1,0.014639,0.000006
29473,1,0.014630,0.000005
29474,1,0.014621,0.000005
29475,1,0.014612,0.000005
29476,1,0.014603,0.000005
29477,1,0.014594,0.000005
29478,1,0.014586,0.000005
29479,1,0.014577,0.000004
29480,1,0.014568,0.000004
29481,1,0.014559,0.000004
29482,1,0.014550,0.000004
29483,1,0.014541,0.000004
29484,1,0.014532,0.000004
29485,1,0.014523,0.000004
29486,1,0.014515,0.000004
29487,1,0.014506,0.000003
29488,1,0.014497,0.000003
29489,1,0.014488,0.000003
29490,1,0.014479,0.000003
29491,1,0.014471,0.000003
29492,1,0.014462,0.000003
29493,1,0.014453,0.000002
29494,1,0.014444,0.000002
29495,1,0.014436,0.000002
29496,1,0.014427,0.000002
29497,1,0.014418,0.000002
29498,1,0.014410,0.000002
29499,1,0.014401,0.000002
29500,1,0.014392,0.000001
29501,1,0.014384,0.000001
29502,1,0.014375,0.000001
29503,1,0.014366,0.000001
29504,1,0.014358,0.000001
29505,1,0.014349,0.000001
29506,1,0.014341,0.000001
29507,1,0.014332,0.000001
29508,1,0.014323,0.000001
29509,1,0.014315,0.000001
29510,1,0.014306,0.000001
29511,1,0.014298,0.000001
29512,1,0.014289,0.000001
29513,1,0.014281,0.000001
29514,1,0.014272,0.000001
29515,1,0.014264,0.000001
29516,1,0.014255,0.000001
29517,1,0.014247,0.000001
29518,1,0.014238,0.000001
29519,1,0.014230,0.000001
29520,1,0.014221,0.000000
29521,1,0.014213,0.000000
29522,1,0.014205,0.000000
29523,1,0.014196,0.000000
29524,1,0.014188,0.000000
29525,1,0.014179,0.000000
29526,1,0.014171,0.000000
29527,1,0.014163,0.000000
29528,1,0.014154,0.000000
29529,1,0.014146,0.000000
29530,1,0.014138,0.000000
29531,1,0.014129,0.000000
29532,1,0.014121,0.000000
29533,1,0.014113,0.000000
29534,1,0.014104,0.000000
29535,1,0.014096,0.000000
29536,1,0.014088,0.000000
29537,1,0.014080,0.000000
29538,1,0.014071,0.000000
29539,1,0.014063,0.000000
29540,1,0.014055,0.000000
29541,1,0.014047,0.000000
29542,1,0.014039,0.000000
29543,1,0.014030,0.000000
29544,1,0.014022,0.000000
29545,1,0.014014,0.000000
29546,1,0.014006,0.000000
29547,1,0.013998,0.000000
29548,1,0.013990,0.000000
29549,1,0.013981,0.000000
29550,1,0.013973,0.000000
29551,1,0.013965,0.000000
29552,1,0.013957,0.000000
29553,1,0.013949,0.000000
29554,1,0.013941,0.000000
29555,1,0.013933,0.000000
29556,1,0.013925,0.000000
29557,1,0.013917,0.000000
29558,1,0.013909,0.000000
29559,1,0.013901,0.000000
29560,1,0.013893,0.000000
29561,1,0.013885,0.000000
29562,1,0.013877,0.000000
29563,1,0.013869,0.000000
29564,1,0.013861,0.000000
29565,1,0.013853,0.000000
29566,1,0.013845,0.000000
29567,1,0.013837,0.000000
29568,1,0.013829,0.000000
29569,1,0.013821,0.000000
29570,1,0.013813,0.000000
29571,1,0.013805,0.000000
29572,1,0.013797,0.000000
29573,1,0.013789,0.000000
29574,1,0.013781,0.000000
29575,1,0.013773,0.000000
29576,1,0.013766,0.000000
29577,1,0.013758,0.000000
29578,1,0.013750,0.000000
29579,1,0.013742,0.000000
29580,1,0.013734,0.000000
29581,1,0.013726,0.000000
29582,1,0.013719,0.000000
29583,1,0.013711,0.000000
29584,1,0.013703,0.000000
29585,1,0.013695,0.000000
29586,1,0.013687,0.000000
29587,1,0.013680,0.000000
29588,1,0.013672,0.000000
29589,1,0.013664,0.000000
29590,1,0.013656,0.000000
29591,1,0.013649,0.000000
29592,1,0.013641,0.000000
29593,1,0.013633,0.000000
29594,1,0.013626,0.000000
29595,1,0.013618,0.000000
29596,1,0.013610,0.000000
29597,1,0.013603,0.000000
29598,1,0.013595,0.000000
29599,1,0.013587,0.000000
29600,1,0.013580,0.000000
29601,1,0.013572,0.000000
29602,1,0.013564,0.000000
29603,1,0.013557,0.000000
29604,1,0.013549,0.000000
29605,1,0.013542,0.000000
29606,1,0.013534,0.000000
29607,1,0.013526,0.000000
29608,1,0.013519,0.000000
29609,1,0.013511,0.000000
29610,1,0.013504,0.000000
29611,1,0.013496,0.000000
29612,1,0.013489,0.000000
29613,1,0.013481,0.000000
29614,1,0.013474,0.000000
29615,1,0.013466,0.000000
29616,1,0.013459,0.000000
29617,1,0.013451,0.000000
29618,1,0.013444,0.000000
29619,1,0.013436,0.000000
29620,1,0.013429,0.000000
29621,1,0.013421,0.000000
29622,1,0.013414,0.000000
29623,1,0.013406,0.000000
29624,1,0.013399,0.000000
29625,1,0.013392,0.000000
29626,1,0.013384,0.000000
29627,1,0.013377,0.000000
29628,1,0.013369,0.000000
29629,1,0.013362,0.000000
29630,1,0.013355,0.000000
29631,1,0.013347,0.000000
29632,1,0.013340,0.000000
29633,1,0.013333,0.000000
29634,1,0.013325,0.000000
29635,1,0.013318,0.000000
29636,1,0.013311,0.000000
29637,1,0.013303,0.000000
29638,1,0.013296,0.000000
29639,1,0.013289,0.000000
29640,1,0.013281,0.000000
29641,1,0.013274,0.000000
29642,1,0.013267,0.000000
29643,1,0.013260,0.000000
29644,1,0.013252,0.000000
29645,1,0.013245,0.000000
29646,1,0.013238,0.000000
29647,1,0.013231,0.000000
29648,1,0.013223,0.000000
29649,1,0.013216,0.000000
29650,1,0.013209,0.000000
29651,1,0.013202,0.000000
29652,1,0.013195,0.000000
29653,1,0.013187,0.000000
29654,1,0.013180,0.000000
29655,1,0.013173,0.000000
29656,1,0.013166,0.000000
29657,1,0.013159,0.000000
29658,1,0.013152,0.000000
29659,1,0.013144,0.000000
29660,1,0.013137,0.000000
29661,1,0.013130,0.000000
29662,1,0.013123,0.000000
29663,1,0.013116,0.000000
29664,1,0.013109,0.000000
29665,1,0.013102,0.000000
29666,1,0.013095,0.000000
29667,1,0.013088,0.000000
29668,1,0.013081,0.000000
29669,1,0.013074,0.000000
29670,1,0.013066,0.000000
29671,1,0.013059,0.000000
29672,1,0.013052,0.000000
29673,1,0.013045,0.000000
29674,1,0.013038,0.000000
29675,1,0.013031,0.000000
29676,1,0.013024,0.000000
29677,1,0.013017,0.000000
29678,1,0.013010,0.000000
29679,1,0.013003,0.000000
29680,1,0.012996,0.000000
29681,1,0.012990,0.000000
29682,1,0.012983,0.000000
29683,1,0.012976,0.000000
29684,1,0.012969,0.000000
29685,1,0.012962,0.000000
29686,1,0.012955,0.000000
29687,1,0.012948,0.000000
29688,1,0.012941,0.000000
29689,1,0.012934,0.000000
29690,1,0.012927,0.000000
29691,1,0.012920,0.000000
29692,1,0.012914,0.000000
29693,1,0.012907,0.000000
29694,1,0.012900,0.000000
29695,1,0.012893,0.000000
29696,1,0.012886,0.000000
29697,1,0.012879,0.000000
29698,1,0.012872,0.000000
29699,1,0.012866,0.000000
29700,1,0.012859,0.000000
29701,1,0.012852,0.000000
29702,1,0.012845,0.000000
29703,1,0.012838,0.000000
29704,1,0.012832,0.000000
29705,1,0.012825,0.000000
29706,1,0.012818,0.000000
29707,1,0.012811,0.000000
29708,1,0.012805,0.000000
29709,1,0.012798,0.000000
29710,1,0.012791,0.000000
29711,1,0.012784,0.000000
29712,1,0.012778,0.000000
29713,1,0.012771,0.000000
29714,1,0.012764,0.000000
29715,1,0.012757,0.000000
29716,1,0.012751,0.000000
29717,1,0.012744,0.000000
29718,1,0.012737,0.000000
29719,1,0.012731,0.000000
29720,1,0.012724,0.000000
29721,1,0.012717,0.000000
29722,1,0.012711,0.000000
29723,1,0.012704,0.000000
29724,1,0.012697,0.000000
29725,1,0.012691,0.000000
29726,1,0.012684,0.000000
29727,1,0.012678,0.000000
29728,1,0.012671,0.000000
29729,1,0.012664,0.000000
29730,1,0.012658,0.000000
29731,1,0.012651,0.000000
29732,1,0.012645,0.000000
29733,1,0.012638,0.000000
29734,1,0.012631,0.000000
29735,1,0.012625,0.000000
29736,1,0.012618,0.000000
29737,1,0.012612,0.000000
29738,1,0.012605,0.000000
29739,1,0.012599,0.000000
29740,1,0.012592,0.000000
29741,1,0.012586,0.000000
29742,1,0.012579,0.000000
29743,1,0.012573,0.000000
29744,1,0.012566,0.000000
29745,1,0.012560,0.000000
29746,1,0.012553,0.000000
29747,1,0.012547,0.000000
29748,1,0.012540,0.000000
29749,1,0.012534,0.000000
29750,1,0.012527,0.000000
29751,1,0.012521,0.000000
29752,1,0.012514,0.000000
29753,1,0.012508,0.000000
29754,1,0.012502,0.000000
29755,1,0.012495,0.000000
29756,1,0.012489,0.000000
29757,1,0.012482,0.000000
29758,1,0.012476,0.000000
29759,1,0.012470,0.000000
29760,1,0.012463,0.000000
29761,1,0.012457,0.000000
29762,1,0.012450,0.000000
29763,1,0.012444,0.000000
29764,1,0.012438,0.000000
29765,1,0.012431,0.000000
29766,1,0.012425,0.000000
29767,1,0.012419,0.000000
29768,1,0.012412,0.000000
29769,1,0.012406,0.000000
29770,1,0.012400,0.000000
29771,1,0.012393,0.000000
29772,1,0.012387,0.000000
29773,1,0.012381,0.000000
29774,1,0.012374,0.000000
29775,1,0.012368,0.000000
29776,1,0.012362,0.000000
29777,1,0.012356,0.000000
29778,1,0.012349,0.000000
29779,1,0.012343,0.000000
29780,1,0.012337,0.000000
29781,1,0.012331,0.000000
29782,1,0.012324,0.000000
29783,1,0.012318,0.000000
29784,1,0.012312,0.000000
29785,1,0.012306,0.000000
29786,1,0.012299,0.000000
29787,1,0.012293,0.000000
29788,1,0.012287,0.000000
29789,1,0.012281,0.000000
29790,1,0.012275,0.000000
29791,1,0.012268,0.000000
29792,1,0.012262,0.000000
29793,1,0.012256,0.000000
29794,1,0.012250,0.000000
29795,1,0.012244,0.000000
29796,1,0.012238,0.000000
29797,1,0.012231,0.000000
29798,1,0.012225,0.000000
29799,1,0.012219,0.000000
29800,1,0.012213,0.000000
29801,1,0.012207,0.000000
29802,1,0.012201,0.000000
29803,1,0.012195,0.000000
29804,1,0.012188,0.000000
29805,1,0.012182,0.000000
29806,1,0.012176,0.000000
29807,1,0.012170,0.000000
29808,1,0.012164,0.000000
29809,1,0.012158,0.000000
29810,1,0.012152,0.000000
29811,1,0.012146,0.000000
29812,1,0.012140,0.000000
29813,1,0.012134,0.000000
29814,1,0.012128,0.000000
29815,1,0.012122,0.000000
29816,1,0.012116,0.000000
29817,1,0.012110,0.000000
29818,1,0.012104,0.000000
29819,1,0.012098,0.000000
29820,1,0.012092,0.000000
29821,1,0.012086,0.000000
29822,1,0.012080,0.000000
29823,1,0.012074,0.000000
29824,1,0.012068,0.000000
29825,1,0.012062,0.000000
29826,1,0.012056,0.000000
29827,1,0.012050,0.000000
29828,1,0.012044,0.000000
29829,1,0.012038,0.000000
29830,1,0.012032,0.000000
29831,1,0.012026,0.000000
29832,0,0.012020,0.000000
29833,1,0.012189,0.000000
29834,1,0.012344,0.000000
29835,1,0.012484,0.000000
29836,1,0.012610,0.000000
29837,1,0.012725,0.000000
29838,1,0.012829,0.000000
29839,1,0.012923,0.000000
29840,1,0.013008,0.000000
29841,1,0.013084,0.000000
29842,1,0.013153,0.000000
29843,1,0.013215,0.000000
29844,1,0.013271,0.000000
29845,1,0.013322,0.000000
29846,1,0.013367,0.000000
29847,1,0.013408,0.000000
29848,1,0.013444,0.000000
29849,1,0.013477,0.000000
29850,1,0.013506,0.000000
29851,1,0.013532,0.000025
29852,1,0.013555,0.000091
29853,1,0.013575,0.000189
29854,1,0.013593,0.000312
29855,1,0.013608,0.000456
29856,1,0.013622,0.000615
29857,1,0.013633,0.000786
29858,1,0.013643,0.000966
29859,1,0.013652,0.001151
29860,1,0.013659,0.001340
29861,1,0.013664,0.001529
29862,1,0.013668,0.001717
29863,1,0.013671,0.001902
29864,1,0.013674,0.002081
29865,1,0.013675,0.002253
29866,1,0.013675,0.002417
29867,1,0.013675,0.002571
29868,1,0.013673,0.002714
29869,1,0.013671,0.002845
29870,1,0.013669,0.002962
29871,1,0.013666,0.003067
29872,1,0.013663,0.003157
29873,1,0.013659,0.003233
29874,1,0.013654,0.003292
29875,1,0.013650,0.003326
29876,1,0.013645,0.003334
29877,1,0.013640,0.003314
29878,1,0.013634,0.003267
29879,1,0.013628,0.003197
29880,1,0.013622,0.003106
29881,1,0.013616,0.002998
29882,1,0.013610,0.002877
29883,1,0.013604,0.002746
29884,1,0.013597,0.002609
29885,1,0.013590,0.002468
29886,1,0.013584,0.002326
29887,1,0.013577,0.002186
29888,1,0.013570,0.002048
29889,1,0.013563,0.001916
29890,1,0.013556,0.001789
29891,1,0.013549,0.001669
29892,1,0.013541,0.001556
29893,1,0.013534,0.001451
29894,1,0.013527,0.001354
29895,1,0.013520,0.001265
29896,1,0.013512,0.001184
29897,1,0.013505,0.001110
29898,1,0.013498,0.001044
29899,1,0.013490,0.000984
29900,1,0.013483,0.000931
29901,1,0.013475,0.000884
29902,1,0.013468,0.000842
29903,1,0.013460,0.000805
29904,1,0.013453,0.000772
29905,1,0.013445,0.000743
29906,1,0.013438,0.000718
29907,1,0.013430,0.000695
29908,1,0.013423,0.000675
29909,1,0.013415,0.000657
29910,1,0.013408,0.000641
29911,1,0.013400,0.000626
29912,1,0.013393,0.000612
29913,1,0.013385,0.000599
29914,1,0.013378,0.000586
29915,1,0.013370,0.000574
29916,1,0.013363,0.000560
29917,1,0.013355,0.000545
29918,1,0.013348,0.000529
29919,1,0.013340,0.000510
29920,1,0.013333,0.000490
29921,1,0.013325,0.000469
29922,1,0.013318,0.000447
29923,1,0.013310,0.000424
29924,1,0.013303,0.000400
29925,1,0.013296,0.000377
29926,1,0.013288,0.000354
29927,1,0.013281,0.000331
29928,1,0.013273,0.000309
29929,1,0.013266,0.000288
29930,1,0.013258,0.000268
29931,1,0.013251,0.000249
29932,1,0.013244,0.000232
29933,1,0.013236,0.000215
29934,1,0.013229,0.000200
29935,1,0.013221,0.000186
29936,1,0.013214,0.000173
29937,1,0.013207,0.000161
29938,1,0.013199,0.000150
29939,1,0.013192,0.000140
29940,1,0.013185,0.000132
29941,1,0.013177,0.000124
29942,1,0.013170,0.000117
29943,1,0.013163,0.000111
29944,1,0.013155,0.000105
29945,1,0.013148,0.000101
29946,1,0.013141,0.000096
29947,1,0.013133,0.000092
29948,1,0.013126,0.000089
29949,1,0.013119,0.000086
29950,1,0.013112,0.000083
29951,1,0.013104,0.000081
29952,1,0.013097,0.000079
29953,1,0.013090,0.000076
29954,1,0.013083,0.000074
29955,1,0.013075,0.000073
29956,1,0.013068,0.000071
29957,1,0.013061,0.000069
29958,1,0.013054,0.000066
29959,1,0.013047,0.000064
29960,1,0.013039,0.000062
29961,1,0.013032,0.000059
29962,1,0.013025,0.000056
29963,1,0.013018,0.000053
29964,1,0.013011,0.000050
29965,1,0.013004,0.000047
29966,1,0.012997,0.000045
29967,1,0.012989,0.000042
29968,1,0.012982,0.000039
29969,1,0.012975,0.000036
29970,1,0.012968,0.000034
29971,1,0.012961,0.000031
29972,1,0.012954,0.000029
29973,1,0.012947,0.000027
29974,1,0.012940,0.000025
29975,1,0.012933,0.000023
29976,1,0.012926,0.000022
29977,1,0.012919,0.000020
29978,1,0.012912,0.000019
29979,1,0.012905,0.000018
29980,1,0.012898,0.000017
29981,1,0.012891,0.000016
29982,1,0.012884,0.000015
29983,1,0.012877,0.000014
29984,1,0.012870,0.000013
29985,1,0.012863,0.000012
29986,1,0.012856,0.000012
29987,1,0.012849,0.000011
29988,1,0.012842,0.000011
29989,1,0.012835,0.000011
29990,1,0.012828,0.000010
29991,1,0.012821,0.000010
29992,1,0.012814,0.000010
29993,1,0.012807,0.000009
29994,1,0.012800,0.000009
29995,1,0.012793,0.000009
29996,1,0.012786,0.000009
29997,1,0.012780,0.000008
29998,1,0.012773,0.000008
29999,1,0.012766,0.000008
30000,0,0.012759,0.000006
30001,0,0.012942,0.000005
30002,0,0.013268,0.000004
30003,0,0.013710,0.000003
30004,0,0.014254,0.000003
30005,0,0.014888,0.000002
30006,0,0.015606,0.000002
30007,0,0.016405,0.000001
30008,0,0.017282,0.000001
30009,0,0.018235,0.000001
30010,0,0.019262,0.000001
30011,0,0.020363,0.000001
30012,0,0.021537,0.000000
30013,0,0.022784,0.000000
30014,0,0.024103,0.000000
30015,0,0.025492,0.000000
30016,0,0.026951,0.000000
30017,0,0.028477,0.000000
30018,0,0.030070,0.000000
30019,0,0.031725,0.000000
30020,0,0.033441,0.000000
30021,0,0.035213,0.000000
30022,0,0.037037,0.000000
30023,0,0.038907,0.000000
30024,0,0.040819,0.000000
30025,0,0.042766,0.000000
30026,0,0.044741,0.000365
30027,0,0.046736,0.001376
30028,0,0.048743,0.002848
30029,0,0.050754,0.004637
30030,0,0.052760,0.006624
30031,0,0.054752,0.008720
30032,0,0.056720,0.010851
30033,0,0.058655,0.012964
30034,0,0.060547,0.015016
30035,0,0.062389,0.016974
30036,0,0.064171,0.018817
30037,0,0.065886,0.020528
30038,0,0.067525,0.022095
30039,0,0.069084,0.023514
30040,0,0.070555,0.024781
30041,0,0.071934,0.025896
30042,0,0.073219,0.026862
30043,0,0.074404,0.027682
30044,0,0.075490,0.028361
30045,0,0.076475,0.028906
30046,0,0.077360,0.029324
30047,0,0.078145,0.029621
30048,0,0.078832,0.029805
30049,0,0.079423,0.029883
30050,0,0.079923,0.029864
30051,0,0.080333,0.029755
30052,0,0.080660,0.029563
30053,0,0.080906,0.029296
30054,0,0.081076,0.028960
30055,0,0.081177,0.028563
30056,0,0.081211,0.028110
30057,0,0.081184,0.027608
30058,0,0.081102,0.027063
30059,0,0.080968,0.026480
30060,0,0.080788,0.025865
30061,0,0.080565,0.025222
30062,0,0.080305,0.024556
30063,0,0.080011,0.023871
30064,0,0.079687,0.023171
30065,0,0.079336,0.022459
30066,0,0.078962,0.021740
30067,0,0.078569,0.021015
30068,0,0.078158,0.020289
30069,0,0.077733,0.019563
30070,0,0.077296,0.018840
30071,0,0.076849,0.018122
30072,0,0.076394,0.017411
30073,0,0.075933,0.016709
30074,0,0.075467,0.016017
30075,0,0.074998,0.015331
30076,0,0.074527,0.014646
30077,0,0.074056,0.013961
30078,0,0.073585,0.013275
30079,0,0.073116,0.012591
30080,0,0.072648,0.011912
30081,0,0.072183,0.011242
30082,0,0.071721,0.010584
30083,0,0.071263,0.009941
30084,0,0.070809,0.009317
30085,0,0.070360,0.008713
30086,0,0.069915,0.008132
30087,0,0.069476,0.007575
30088,0,0.069042,0.007045
30089,0,0.068613,0.006541
30090,0,0.068190,0.006064
30091,0,0.067773,0.005615
30092,0,0.067362,0.005193
30093,0,0.066956,0.004798
30094,0,0.066556,0.004429
30095,0,0.066162,0.004086
30096,0,0.065773,0.003767
30097,0,0.065391,0.003472
30098,0,0.065014,0.003199
30099,0,0.064643,0.002948
30100,0,0.064277,0.002716
30101,0,0.063917,0.002504
30102,0,0.063563,0.002310
30103,0,0.063213,0.002132
30104,0,0.062869,0.001970
30105,0,0.062531,0.001823
30106,0,0.062197,0.001688
30107,0,0.061868,0.001566
30108,0,0.061545,0.001455
30109,0,0.061226,0.001355
30110,0,0.060912,0.001264
30111,0,0.060602,0.001182
30112,0,0.060297,0.001107
30113,0,0.059997,0.001040
30114,0,0.059701,0.000979
30115,0,0.059409,0.000924
30116,0,0.059121,0.000874
30117,0,0.058838,0.000829
30118,0,0.058558,0.000788
30119,0,0.058283,0.000751
30120,0,0.058011,0.000717
30121,0,0.057743,0.000687
30122,0,0.057478,0.000658
30123,0,0.057218,0.000633
30124,0,0.056960,0.000609
30125,0,0.056707,0.000587
30126,0,0.056456,0.000567
30127,0,0.056209,0.000548
30128,0,0.055965,0.000530
30129,0,0.055725,0.000513
30130,0,0.055487,0.000498
30131,0,0.055252,0.000483
30132,0,0.055021,0.000469
30133,0,0.054792,0.000455
30134,0,0.054566,0.000442
30135,0,0.054343,0.000429
30136,0,0.054123,0.000417
30137,0,0.053905,0.000405
30138,0,0.053690,0.000393
30139,0,0.053477,0.000382
30140,0,0.053267,0.000370
30141,0,0.053060,0.000359
30142,0,0.052855,0.000349
30143,0,0.052652,0.000338
30144,0,0.052452,0.000328
30145,0,0.052254,0.000317
30146,0,0.052058,0.000307
30147,0,0.051864,0.000297
30148,0,0.051673,0.000287
30149,0,0.051483,0.000278
30150,0,0.051296,0.000268
30151,0,0.051110,0.000258
30152,0,0.050927,0.000249
30153,0,0.050746,0.000240
30154,0,0.050566,0.000231
30155,0,0.050389,0.000222
30156,0,0.050213,0.000214
30157,0,0.050039,0.000205
30158,0,0.049867,0.000197
30159,0,0.049696,0.000189
30160,0,0.049528,0.000181
30161,0,0.049361,0.000173
30162,0,0.049196,0.000166
30163,0,0.049032,0.000158
30164,0,0.048870,0.000151
30165,0,0.048709,0.000144
30166,0,0.048551,0.000136
30167,0,0.048393,0.000129
30168,0,0.048237,0.000122
30169,0,0.048083,0.000115
30170,0,0.047930,0.000109
30171,0,0.047778,0.000102
30172,0,0.047628,0.000095
30173,0,0.047480,0.000089
30174,0,0.047332,0.000083
30175,0,0.047186,0.000078
30176,0,0.047042,0.000072
30177,0,0.046898,0.000067
30178,0,0.046756,0.000062
30179,0,0.046615,0.000057
30180,0,0.046476,0.000053
30181,0,0.046337,0.000049
30182,0,0.046200,0.000045
30183,0,0.046064,0.000042
30184,0,0.045929,0.000038
30185,0,0.045795,0.000035
30186,0,0.045663,0.000033
30187,0,0.045531,0.000030
30188,0,0.045401,0.000028
30189,0,0.045272,0.000026
30190,0,0.045144,0.000024
30191,0,0.045017,0.000022
30192,0,0.044890,0.000020
30193,0,0.044765,0.000019
30194,0,0.044641,0.000017
30195,0,0.044518,0.000016
30196,0,0.044396,0.000015
30197,0,0.044275,0.000014
30198,0,0.044155,0.000013
30199,0,0.044036,0.000012
30200,0,0.043917,0.000011
30201,0,0.043800,0.000011
30202,0,0.043684,0.000010
30203,0,0.043568,0.000009
30204,0,0.043453,0.000009
30205,0,0.043340,0.000008
30206,0,0.043227,0.000008
30207,0,0.043115,0.000008
30208,0,0.043003,0.000007
30209,0,0.042893,0.000007
30210,0,0.042783,0.000007
30211,0,0.042674,0.000006
30212,0,0.042566,0.000006
30213,0,0.042459,0.000006
30214,0,0.042353,0.000006
30215,0,0.042247,0.000006
30216,0,0.042142,0.000005
30217,0,0.042038,0.000005
30218,0,0.041934,0.000005
30219,0,0.041832,0.000005
30220,0,0.041729,0.000005
30221,0,0.041628,0.000005
30222,0,0.041528,0.000005
30223,0,0.041428,0.000004
30224,0,0.041328,0.000004
30225,0,0.041230,0.000004
30226,0,0.041132,0.000004
30227,0,0.041035,0.000004
30228,0,0.040938,0.000004
30229,0,0.040842,0.000004
30230,0,0.040747,0.000004
30231,0,0.040652,0.000003
30232,0,0.040558,0.000003
30233,0,0.040465,0.000003
30234,0,0.040372,0.000003
30235,0,0.040280,0.000003
30236,0,0.040188,0.000003
30237,0,0.040097,0.000003
30238,0,0.040007,0.000003
30239,0,0.039917,0.000003
30240,0,0.039828,0.000002
30241,0,0.039739,0.000002
30242,0,0.039651,0.000002
30243,0,0.039563,0.000002
30244,0,0.039476,0.000002
30245,0,0.039390,0.000002
30246,0,0.039304,0.000002
30247,0,0.039218,0.000002
30248,0,0.039134,0.000002
30249,0,0.039049,0.000002
30250,0,0.038965,0.000002
30251,0,0.038882,0.000002
30252,0,0.038799,0.000001
30253,0,0.038717,0.000001
30254,0,0.038635,0.000001
30255,0,0.038553,0.000001
30256,0,0.038472,0.000001
30257,0,0.038392,0.000001
30258,0,0.038312,0.000001
30259,0,0.038233,0.000001
30260,0,0.038153,0.000001
30261,0,0.038075,0.000001
30262,0,0.037997,0.000001
30263,0,0.037919,0.000001
30264,0,0.037842,0.000001
30265,0,0.037765,0.000001
30266,0,0.037689,0.000001
30267,0,0.037613,0.000000
30268,0,0.037537,0.000000
30269,0,0.037462,0.000000
30270,0,0.037388,0.000000
30271,0,0.037313,0.000000
30272,0,0.037240,0.000000
30273,0,0.037166,0.000000
30274,0,0.037093,0.000000
30275,0,0.037020,0.000000
30276,0,0.036948,0.000000
30277,0,0.036876,0.000000
30278,0,0.036805,0.000000
30279,0,0.036734,0.000000
30280,0,0.036663,0.000000
30281,0,0.036593,0.000000
30282,0,0.036523,0.000000
30283,0,0.036454,0.000000
30284,0,0.036384,0.000000
30285,0,0.036316,0.000000
30286,0,0.036247,0.000000
30287,0,0.036179,0.000000
30288,0,0.036111,0.000000
30289,0,0.036044,0.000000
30290,0,0.035977,0.000000
30291,0,0.035910,0.000000
30292,0,0.035844,0.000000
30293,0,0.035778,0.000000
30294,0,0.035712,0.000000
30295,0,0.035647,0.000000
30296,0,0.035582,0.000000
30297,0,0.035517,0.000000
30298,0,0.035453,0.000000
30299,0,0.035389,0.000000
30300,0,0.035325,0.000000
30301,0,0.035262,0.000000
30302,0,0.035198,0.000000
30303,0,0.035136,0.000000
30304,0,0.035073,0.000000
30305,0,0.035011,0.000000
30306,0,0.034949,0.000000
30307,0,0.034888,0.000000
30308,0,0.034826,0.000000
30309,0,0.034765,0.000000
30310,0,0.034705,0.000000
30311,0,0.034644,0.000000
30312,0,0.034584,0.000000
30313,0,0.034524,0.000000
30314,0,0.034465,0.000000
30315,0,0.034406,0.000000
30316,0,0.034347,0.000000
30317,0,0.034288,0.000000
30318,0,0.034230,0.000000
30319,0,0.034172,0.000000
30320,0,0.034114,0.000000
30321,0,0.034056,0.000000
30322,0,0.033999,0.000000
30323,0,0.033942,0.000000
30324,0,0.033885,0.000000
30325,0,0.033828,0.000000
30326,0,0.033772,0.000000
30327,0,0.033716,0.000000
30328,0,0.033660,0.000000
30329,0,0.033605,0.000000
30330,0,0.033549,0.000000
30331,0,0.033494,0.000000
30332,0,0.033440,0.000000
30333,0,0.033385,0.000000
30334,0,0.033331,0.000000
30335,0,0.033277,0.000000
30336,0,0.033223,0.000000
30337,0,0.033169,0.000000
30338,0,0.033116,0.000000
30339,0,0.033063,0.000000
30340,0,0.033010,0.000000
30341,0,0.032957,0.000000
30342,0,0.032905,0.000000
30343,0,0.032853,0.000000
30344,0,0.032801,0.000000
30345,0,0.032749,0.000000
30346,0,0.032698,0.000000
30347,0,0.032646,0.000000
30348,0,0.032595,0.000000
30349,0,0.032544,0.000000
30350,0,0.032494,0.000000
30351,0,0.032443,0.000000
30352,0,0.032393,0.000000
30353,0,0.032343,0.000000
30354,0,0.032293,0.000000
30355,0,0.032244,0.000000
30356,0,0.032194,0.000000
30357,0,0.032145,0.000000
30358,0,0.032096,0.000000
30359,0,0.032047,0.000000
30360,0,0.031999,0.000000
30361,0,0.031950,0.000000
30362,0,0.031902,0.000000
30363,0,0.031854,0.000000
30364,0,0.031806,0.000000
30365,0,0.031759,0.000000
30366,0,0.031711,0.000000
30367,0,0.031664,0.000000
30368,0,0.031617,0.000000
30369,0,0.031570,0.000000
30370,0,0.031523,0.000000
30371,0,0.031477,0.000000
30372,0,0.031431,0.000000
30373,0,0.031385,0.000000
30374,0,0.031339,0.000000
30375,0,0.031293,0.000000
30376,0,0.031247,0.000000
30377,0,0.031202,0.000000
30378,0,0.031157,0.000000
30379,0,0.031112,0.000000
30380,0,0.031067,0.000000
30381,0,0.031022,0.000000
30382,0,0.030978,0.000000
30383,0,0.030933,0.000000
30384,0,0.030889,0.000000
30385,0,0.030845,0.000000
30386,0,0.030801,0.000000
30387,0,0.030758,0.000000
30388,0,0.030714,0.000000
30389,0,0.030671,0.000000
30390,0,0.030627,0.000000
30391,0,0.030584,0.000000
30392,0,0.030542,0.000000
30393,0,0.030499,0.000000
30394,0,0.030456,0.000000
30395,0,0.030414,0.000000
30396,0,0.030372,0.000000
30397,0,0.030330,0.000000
30398,0,0.030288,0.000000
30399,0,0.030246,0.000000
30400,0,0.030204,0.000000
30401,0,0.030163,0.000000
30402,0,0.030122,0.000000
30403,0,0.030081,0.000000
30404,0,0.030040,0.000000
30405,0,0.029999,0.000000
30406,0,0.029958,0.000000
30407,0,0.029917,0.000000
30408,0,0.029877,0.000000
30409,0,0.029837,0.000000
30410,0,0.029797,0.000000
30411,0,0.029757,0.000000
30412,0,0.029717,0.000000
30413,0,0.029677,0.000000
30414,0,0.029638,0.000000
30415,0,0.029598,0.000000
30416,0,0.029559,0.000000
30417,0,0.029520,0.000000
30418,0,0.029481,0.000000
30419,0,0.029442,0.000000
30420,0,0.029403,0.000000
30421,0,0.029365,0.000000
30422,0,0.029326,0.000000
30423,0,0.029288,0.000000
30424,0,0.029250,0.000000
30425,0,0.029211,0.000000
30426,0,0.029174,0.000000
30427,0,0.029136,0.000000
30428,0,0.029098,0.000000
30429,0,0.029060,0.000000
30430,0,0.029023,0.000000
30431,0,0.028986,0.000000
30432,0,0.028949,0.000000
30433,0,0.028912,0.000000
30434,0,0.028875,0.000000
30435,0,0.028838,0.000000
30436,0,0.028801,0.000000
30437,0,0.028765,0.000000
30438,0,0.028728,0.000000
30439,0,0.028692,0.000000
30440,0,0.028656,0.000000
30441,0,0.028620,0.000000
30442,0,0.028584,0.000000
30443,0,0.028548,0.000000
30444,0,0.028512,0.000000
30445,0,0.028477,0.000000
30446,0,0.028441,0.000000
30447,0,0.028406,0.000000
30448,0,0.028370,0.000000
30449,0,0.028335,0.000000
30450,0,0.028300,0.000000
30451,0,0.028265,0.000000
30452,0,0.028231,0.000000
30453,0,0.028196,0.000000
30454,0,0.028161,0.000000
30455,0,0.028127,0.000000
30456,0,0.028093,0.000000
30457,0,0.028058,0.000000
30458,0,0.028024,0.000000
30459,0,0.027990,0.000000
30460,0,0.027956,0.000000
30461,0,0.027922,0.000000
30462,0,0.027889,0.000000
30463,0,0.027855,0.000000
30464,0,0.027822,0.000000
30465,0,0.027788,0.000000
30466,0,0.027755,0.000000
30467,0,0.027722,0.000000
30468,0,0.027689,0.000000
30469,0,0.027656,0.000000
30470,0,0.027623,0.000000
30471,0,0.027590,0.000000
30472,0,0.027558,0.000000
30473,0,0.027525,0.000000
30474,0,0.027492,0.000000
30475,0,0.027460,0.000000
30476,0,0.027428,0.000000
30477,0,0.027396,0.000000
30478,0,0.027364,0.000000
30479,0,0.027332,0.000000
30480,0,0.027300,0.000000
30481,0,0.027268,0.000000
30482,0,0.027236,0.000000
30483,0,0.027205,0.000000
30484,0,0.027173,0.000000
30485,0,0.027142,0.000000
30486,0,0.027111,0.000000
30487,0,0.027079,0.000000
30488,0,0.027048,0.000000
30489,0,0.027017,0.000000
30490,0,0.026986,0.000000
30491,0,0.026955,0.000000
30492,0,0.026925,0.000000
30493,0,0.026894,0.000000
30494,0,0.026863,0.000000
30495,0,0.026833,0.000000
30496,0,0.026803,0.000000
30497,0,0.026772,0.000000
30498,0,0.026742,0.000000
30499,0,0.026712,0.000000
30500,0,0.026682,0.000000
30501,0,0.026652,0.000000
30502,1,0.026622,0.000000
30503,0,0.026986,0.000000
30504,0,0.027316,0.000000
30505,0,0.027613,0.000000
30506,0,0.027880,0.000000
30507,0,0.028121,0.000000
30508,0,0.028336,0.000000
30509,0,0.028528,0.000000
30510,0,0.028699,0.000000
30511,0,0.028851,0.000000
30512,0,0.028985,0.000000
30513,0,0.029104,0.000000
30514,0,0.029208,0.000000
30515,0,0.029299,0.000025
30516,0,0.029378,0.000104
30517,0,0.029447,0.000213
30518,0,0.029505,0.000336
30519,0,0.029555,0.000462
30520,0,0.029597,0.000584
30521,0,0.029631,0.000699
30522,0,0.029659,0.000805
30523,0,0.029681,0.000900
30524,0,0.029698,0.000985
30525,0,0.029709,0.001061
30526,0,0.029717,0.001129
30527,0,0.029720,0.001190
30528,0,0.029719,0.001244
30529,0,0.029716,0.001294
30530,0,0.029709,0.001339
30531,0,0.029700,0.001382
30532,0,0.029688,0.001421
30533,0,0.029674,0.001459
30534,0,0.029658,0.001495
30535,0,0.029640,0.001529
30536,0,0.029620,0.001562
30537,0,0.029599,0.001593
30538,0,0.029577,0.001623
30539,0,0.029553,0.001652
30540,0,0.029528,0.001679
30541,0,0.029502,0.001704
30542,0,0.029476,0.001727
30543,0,0.029448,0.001749
30544,0,0.029420,0.001768
30545,0,0.029391,0.001785
30546,0,0.029362,0.001799
30547,0,0.029332,0.001811
30548,0,0.029301,0.001820
30549,0,0.029271,0.001826
30550,0,0.029239,0.001829
30551,0,0.029208,0.001829
30552,0,0.029176,0.001827
30553,0,0.029144,0.001821
30554,0,0.029111,0.001812
30555,0,0.029079,0.001801
30556,0,0.029046,0.001787
30557,0,0.029013,0.001769
30558,0,0.028980,0.001750
30559,0,0.028947,0.001728
30560,0,0.028914,0.001703
30561,0,0.028881,0.001676
30562,0,0.028848,0.001647
30563,0,0.028814,0.001616
30564,0,0.028781,0.001583
30565,0,0.028748,0.001549
30566,0,0.028715,0.001513
30567,0,0.028681,0.001476
30568,0,0.028648,0.001437
30569,0,0.028615,0.001398
30570,0,0.028582,0.001357
30571,0,0.028548,0.001316
30572,0,0.028515,0.001274
30573,0,0.028482,0.001232
30574,0,0.028449,0.001187
30575,0,0.028416,0.001141
30576,0,0.028383,0.001092
30577,0,0.028351,0.001043
30578,0,0.028318,0.000992
30579,0,0.028285,0.000941
30580,0,0.028253,0.000890
30581,0,0.028220,0.000839
30582,0,0.028188,0.000789
30583,1,0.028155,0.000631
30584,0,0.028531,0.000505
30585,0,0.028871,0.000404
30586,0,0.029177,0.000323
30587,0,0.029452,0.000259
30588,0,0.029699,0.000207
30589,0,0.029920,0.000165
30590,0,0.030117,0.000132
30591,0,0.030293,0.000106
30592,0,0.030448,0.000085
30593,0,0.030585,0.000068
30594,0,0.030706,0.000054
30595,0,0.030812,0.000061
30596,0,0.030904,0.000136
30597,0,0.030984,0.000251
30598,0,0.031053,0.000385
30599,0,0.031112,0.000523
30600,0,0.031161,0.000658
30601,0,0.031202,0.000784
30602,0,0.031236,0.000899
30603,0,0.031263,0.001001
30604,0,0.031284,0.001090
30605,0,0.031299,0.001167
30606,0,0.031309,0.001234
30607,0,0.031314,0.001292
30608,0,0.031316,0.001342
30609,0,0.031313,0.001386
30610,0,0.031307,0.001424
30611,0,0.031299,0.001459
30612,0,0.031287,0.001491
30613,0,0.031273,0.001520
30614,0,0.031256,0.001548
30615,0,0.031238,0.001574
30616,0,0.031217,0.001599
30617,0,0.031195,0.001624
30618,0,0.031172,0.001647
30619,0,0.031147,0.001670
30620,0,0.031120,0.001691
30621,0,0.031093,0.001712
30622,0,0.031065,0.001731
30623,0,0.031035,0.001749
30624,0,0.031005,0.001765
30625,0,0.030974,0.001780
30626,0,0.030943,0.001792
30627,0,0.030910,0.001803
30628,0,0.030878,0.001811
30629,0,0.030845,0.001816
30630,0,0.030811,0.001820
30631,0,0.030777,0.001820
30632,0,0.030743,0.001819
30633,0,0.030708,0.001814
30634,0,0.030673,0.001807
30635,0,0.030638,0.001797
30636,0,0.030603,0.001784
30637,0,0.030568,0.001769
30638,0,0.030532,0.001751
30639,0,0.030496,0.001730
30640,0,0.030461,0.001708
30641,0,0.030425,0.001683
30642,0,0.030389,0.001656
30643,0,0.030353,0.001627
30644,0,0.030317,0.001596
30645,0,0.030281,0.001563
30646,0,0.030245,0.001529
30647,0,0.030209,0.001493
30648,0,0.030173,0.001456
30649,0,0.030137,0.001418
30650,0,0.030102,0.001379
30651,0,0.030066,0.001340
30652,0,0.030030,0.001299
30653,0,0.029994,0.001258
30654,0,0.029959,0.001216
30655,0,0.029923,0.001173
30656,0,0.029888,0.001127
30657,0,0.029852,0.001080
30658,0,0.029817,0.001032
30659,0,0.029782,0.000983
30660,0,0.029746,0.000933
30661,0,0.029711,0.000882
30662,0,0.029676,0.000832
30663,0,0.029641,0.000783
30664,0,0.029606,0.000735
30665,0,0.029572,0.000688
30666,0,0.029537,0.000642
30667,0,0.029502,0.000599
30668,0,0.029468,0.000557
30669,0,0.029434,0.000517
30670,0,0.029399,0.000480
30671,0,0.029365,0.000445
30672,0,0.029331,0.000411
30673,0,0.029297,0.000380
30674,0,0.029263,0.000351
30675,0,0.029229,0.000325
30676,0,0.029196,0.000300
30677,0,0.029162,0.000277
30678,0,0.029128,0.000256
30679,0,0.029095,0.000237
30680,0,0.029062,0.000219
30681,0,0.029029,0.000203
30682,0,0.028995,0.000188
30683,0,0.028962,0.000175
30684,0,0.028929,0.000163
30685,0,0.028897,0.000152
30686,0,0.028864,0.000142
30687,0,0.028831,0.000133
30688,0,0.028799,0.000125
30689,0,0.028766,0.000118
30690,0,0.028734,0.000111
30691,0,0.028701,0.000105
30692,0,0.028669,0.000100
30693,0,0.028637,0.000095
30694,0,0.028605,0.000091
30695,0,0.028573,0.000087
30696,0,0.028541,0.000083
30697,0,0.028510,0.000080
30698,0,0.028478,0.000077
30699,0,0.028446,0.000074
30700,0,0.028415,0.000072
30701,0,0.028383,0.000069
30702,0,0.028352,0.000067
30703,0,0.028321,0.000065
30704,0,0.028290,0.000063
30705,1,0.028259,0.000050
30706,0,0.028620,0.000040
30707,0,0.028946,0.000032
30708,0,0.029239,0.000026
30709,0,0.029503,0.000021
30710,0,0.029740,0.000017
30711,0,0.029952,0.000013
30712,0,0.030141,0.000011
30713,0,0.030309,0.000008
30714,0,0.030457,0.000007
30715,0,0.030589,0.000005
30716,0,0.030705,0.000004
30717,0,0.030806,0.000003
30718,0,0.030895,0.000029
30719,0,0.030971,0.000107
30720,0,0.031037,0.000215
30721,0,0.031094,0.000337
30722,0,0.031141,0.000462
30723,0,0.031181,0.000583
30724,0,0.031213,0.000697
30725,0,0.031239,0.000802
30726,0,0.031259,0.000898
30727,0,0.031274,0.000983
30728,0,0.031284,0.001059
30729,0,0.031289,0.001128
30730,0,0.031291,0.001190
30731,0,0.031289,0.001246
30732,0,0.031284,0.001297
30733,0,0.031276,0.001344
30734,0,0.031265,0.001388
30735,0,0.031251,0.001430
30736,0,0.031236,0.001469
30737,0,0.031219,0.001507
30738,0,0.031199,0.001543
30739,0,0.031178,0.001578
30740,0,0.031156,0.001612
30741,0,0.031132,0.001644
30742,0,0.031107,0.001675
30743,0,0.031081,0.001703
30744,0,0.031054,0.001730
30745,0,0.031027,0.001756
30746,0,0.030998,0.001778
30747,0,0.030968,0.001799
30748,0,0.030938,0.001817
30749,0,0.030908,0.001832
30750,0,0.030877,0.001845
30751,0,0.030845,0.001854
30752,0,0.030813,0.001861
30753,0,0.030781,0.001864
30754,0,0.030748,0.001865
30755,0,0.030715,0.001862
30756,0,0.030682,0.001856
30757,0,0.030648,0.001847
30758,0,0.030614,0.001835
30759,0,0.030581,0.001820
30760,0,0.030547,0.001802
30761,0,0.030513,0.001782
30762,0,0.030478,0.001759
30763,0,0.030444,0.001733
30764,0,0.030410,0.001705
30765,0,0.030375,0.001675
30766,0,0.030341,0.001642
30767,1,0.030307,0.001314
30768,0,0.030689,0.001051
30769,0,0.031035,0.000841
30770,0,0.031345,0.000673
30771,0,0.031624,0.000538
30772,0,0.031874,0.000431
30773,0,0.032098,0.000344
30774,0,0.032296,0.000276
30775,0,0.032473,0.000220
30776,0,0.032629,0.000176
30777,0,0.032767,0.000141
30778,0,0.032887,0.000161
30779,0,0.032993,0.000263
30780,0,0.033084,0.000410
30781,0,0.033163,0.000577
30782,0,0.033231,0.000748
30783,0,0.033288,0.000913
30784,0,0.033336,0.001064
30785,0,0.033375,0.001199
30786,0,0.033407,0.001317
30787,0,0.033432,0.001417
30788,0,0.033451,0.001502
30789,0,0.033463,0.001572
30790,0,0.033471,0.001630
30791,0,0.033474,0.001676
30792,0,0.033473,0.001715
30793,0,0.033468,0.001746
30794,0,0.033459,0.001771
30795,0,0.033448,0.001792
30796,0,0.033433,0.001810
30797,0,0.033416,0.001826
30798,0,0.033397,0.001839
30799,0,0.033376,0.001852
30800,0,0.033352,0.001864
30801,0,0.033327,0.001875
30802,0,0.033301,0.001885
30803,0,0.033273,0.001895
30804,0,0.033243,0.001904
30805,0,0.033213,0.001913
30806,0,0.033182,0.001921
30807,0,0.033149,0.001927
30808,0,0.033116,0.001933
30809,0,0.033082,0.001937
30810,0,0.033047,0.001939
30811,0,0.033012,0.001940
30812,0,0.032977,0.001939
30813,0,0.032940,0.001936
30814,0,0.032904,0.001931
30815,0,0.032867,0.001923
30816,0,0.032829,0.001913
30817,0,0.032792,0.001901
30818,0,0.032754,0.001887
30819,0,0.032716,0.001870
30820,0,0.032678,0.001851
30821,0,0.032639,0.001830
30822,0,0.032601,0.001806
30823,0,0.032562,0.001780
30824,0,0.032523,0.001753
30825,0,0.032484,0.001723
30826,0,0.032446,0.001691
30827,0,0.032407,0.001658
30828,0,0.032368,0.001623
30829,0,0.032329,0.001586
30830,0,0.032290,0.001549
30831,0,0.032251,0.001510
30832,0,0.032213,0.001470
30833,0,0.032174,0.001429
30834,0,0.032135,0.001387
30835,0,0.032096,0.001345
30836,0,0.032058,0.001302
30837,0,0.032019,0.001259
30838,0,0.031981,0.001213
30839,0,0.031942,0.001166
30840,0,0.031904,0.001118
30841,0,0.031866,0.001068
30842,0,0.031828,0.001017
30843,1,0.031790,0.000813
30844,0,0.032183,0.000651
30845,0,0.032538,0.000521
30846,0,0.032858,0.000416
30847,0,0.033144,0.000333
30848,0,0.033401,0.000267
30849,0,0.033629,0.000213
30850,0,0.033833,0.000171
30851,0,0.034013,0.000136
30852,0,0.034172,0.000109
30853,0,0.034312,0.000087
30854,0,0.034435,0.000070
30855,0,0.034542,0.000091
30856,0,0.034634,0.000176
30857,0,0.034714,0.000298
30858,0,0.034782,0.000437
30859,0,0.034839,0.000579
30860,0,0.034886,0.000715
30861,0,0.034925,0.000842
30862,0,0.034956,0.000956
30863,0,0.034980,0.001057
30864,0,0.034997,0.001145
30865,0,0.035008,0.001220
30866,0,0.035014,0.001285
30867,0,0.035016,0.001341
30868,0,0.035013,0.001389
30869,0,0.035006,0.001431
30870,0,0.034995,0.001468
30871,0,0.034981,0.001500
30872,0,0.034965,0.001530
30873,0,0.034945,0.001558
30874,0,0.034924,0.001583
30875,0,0.034900,0.001608
30876,0,0.034874,0.001631
30877,0,0.034846,0.001654
30878,0,0.034817,0.001675
30879,0,0.034787,0.001696
30880,0,0.034755,0.001716
30881,0,0.034722,0.001735
30882,0,0.034688,0.001753
30883,0,0.034653,0.001770
30884,0,0.034617,0.001785
30885,0,0.034580,0.001798
30886,0,0.034543,0.001809
30887,0,0.034505,0.001819
30888,0,0.034466,0.001826
30889,0,0.034427,0.001830
30890,0,0.034388,0.001833
30891,0,0.034348,0.001832
30892,0,0.034308,0.001830
30893,0,0.034268,0.001824
30894,1,0.034227,0.001459
30895,0,0.034645,0.001167
30896,0,0.035021,0.000934
30897,0,0.035359,0.000747
30898,0,0.035662,0.000598
30899,0,0.035932,0.000478
30900,0,0.036174,0.000383
30901,0,0.036388,0.000306
30902,0,0.036577,0.000245
30903,0,0.036744,0.000196
30904,0,0.036891,0.000190
30905,1,0.037019,0.000152
30906,0,0.037587,0.000122
30907,0,0.038103,0.000097
30908,0,0.038568,0.000078
30909,0,0.038988,0.000062
30910,0,0.039366,0.000050
30911,0,0.039705,0.000040
30912,0,0.040008,0.000032
30913,0,0.040279,0.000026
30914,0,0.040520,0.000075
30915,0,0.040734,0.000256
30916,0,0.040923,0.000512
30917,0,0.041089,0.000804
30918,0,0.041236,0.001105
30919,0,0.041363,0.001398
30920,0,0.041474,0.001673
30921,0,0.041569,0.001923
30922,0,0.041650,0.002147
30923,0,0.041718,0.002343
30924,0,0.041774,0.002514
30925,1,0.041820,0.002011
30926,0,0.042380,0.001609
30927,0,0.042885,0.001287
30928,0,0.043340,0.001030
30929,0,0.043749,0.000824
30930,0,0.044116,0.000659
30931,0,0.044443,0.000527
30932,0,0.044735,0.000422
30933,0,0.044995,0.000475
30934,0,0.045224,0.000686
30935,1,0.045427,0.000549
30936,0,0.046150,0.000439
30937,0,0.046806,0.000351
30938,0,0.047400,0.000281
30939,0,0.047935,0.000225
30940,0,0.048417,0.000180
30941,0,0.048851,0.000144
30942,0,0.049239,0.000229
30943,0,0.049585,0.000516
30944,0,0.049894,0.000920
30945,0,0.050169,0.001382
30946,0,0.050411,0.001860
30947,0,0.050624,0.002329
30948,0,0.050811,0.002769
30949,0,0.050974,0.003172
30950,0,0.051114,0.003533
30951,0,0.051235,0.003850
30952,0,0.051336,0.004124
30953,0,0.051421,0.004358
30954,0,0.051490,0.004555
30955,0,0.051544,0.004719
30956,0,0.051586,0.004854
30957,0,0.051615,0.004964
30958,0,0.051633,0.005051
30959,0,0.051642,0.005120
30960,0,0.051641,0.005173
30961,0,0.051631,0.005213
30962,0,0.051614,0.005241
30963,0,0.051589,0.005259
30964,0,0.051558,0.005269
30965,0,0.051521,0.005272
30966,0,0.051478,0.005269
30967,0,0.051430,0.005260
30968,0,0.051377,0.005246
30969,0,0.051320,0.005227
30970,0,0.051260,0.005204
30971,0,0.051195,0.005177
30972,0,0.051128,0.005146
30973,0,0.051057,0.005110
30974,0,0.050984,0.005071
30975,1,0.050908,0.004057
30976,0,0.051532,0.003245
30977,0,0.052091,0.002596
30978,1,0.052589,0.002077
30979,0,0.053667,0.001662
30980,0,0.054647,0.001329
30981,0,0.055535,0.001063
30982,0,0.056337,0.000851
30983,0,0.057059,0.000681
30984,1,0.057707,0.000544
30985,0,0.058949,0.000436
30986,0,0.060080,0.000348
30987,0,0.061107,0.000279
30988,0,0.062037,0.000223
30989,0,0.062877,0.000178
30990,1,0.063632,0.000143
30991,0,0.065014,0.000114
30992,0,0.066274,0.000091
30993,0,0.067420,0.000073
30994,0,0.068459,0.000058
30995,0,0.069400,0.000047
30996,0,0.070249,0.000142
30997,0,0.071014,0.000522
30998,0,0.071700,0.001065
30999,0,0.072315,0.001686
31000,0,0.072864,0.002326
31001,0,0.073352,0.002947
31002,0,0.073785,0.003524
31003,0,0.074167,0.004045
31004,0,0.074501,0.004504
31005,0,0.074793,0.004900
31006,0,0.075045,0.005235
31007,0,0.075260,0.005515
31008,0,0.075442,0.005744
31009,0,0.075592,0.005929
31010,0,0.075714,0.006076
31011,0,0.075810,0.006192
31012,0,0.075881,0.006280
31013,0,0.075929,0.006346
31014,1,0.075957,0.005077
31015,1,0.076936,0.004062
31016,0,0.078671,0.003249
31017,0,0.080250,0.002599
31018,0,0.081683,0.002080
31019,0,0.082978,0.001664
31020,0,0.084145,0.001331
31021,0,0.085193,0.001065
31022,0,0.086131,0.000943
31023,0,0.086966,0.001193
31024,0,0.087707,0.001671
31025,0,0.088361,0.002274
31026,0,0.088934,0.002929
31027,0,0.089434,0.003587
31028,0,0.089867,0.004214
31029,0,0.090237,0.004792
31030,0,0.090550,0.005309
31031,0,0.090811,0.005761
31032,0,0.091024,0.006147
31033,0,0.091192,0.006469
31034,0,0.091320,0.006734
31035,0,0.091410,0.006944
31036,0,0.091467,0.007108
31037,0,0.091491,0.007230
31038,0,0.091487,0.007315
31039,0,0.091457,0.007371
31040,0,0.091402,0.007400
31041,0,0.091324,0.007407
31042,0,0.091227,0.007397
31043,0,0.091110,0.007372
31044,0,0.090976,0.007335
31045,1,0.090827,0.005868
31046,0,0.091890,0.004695
31047,0,0.092830,0.003756
31048,1,0.093656,0.003005
31049,0,0.095495,0.002404
31050,1,0.097151,0.001923
31051,0,0.099685,0.001538
31052,0,0.101992,0.001231
31053,0,0.104084,0.000985
31054,0,0.105973,0.000788
31055,1,0.107671,0.000630
31056,1,0.110326,0.000504
31057,0,0.113797,0.000403
31058,0,0.116981,0.000323
31059,0,0.119891,0.000258
31060,1,0.122541,0.000206
31061,0,0.126098,0.000165
31062,0,0.129355,0.000132
31063,0,0.132328,0.000106
31064,0,0.135031,0.000085
31065,0,0.137481,0.000100
31066,0,0.139694,0.000625
31067,0,0.141686,0.001449
31068,0,0.143472,0.002422
31069,1,0.145068,0.001937
31070,0,0.147928,0.001550
31071,0,0.150518,0.001240
31072,0,0.152854,0.001224
31073,0,0.154953,0.001636
31074,0,0.156832,0.002301
31075,1,0.158507,0.001841
31076,0,0.161555,0.001472
31077,0,0.164310,0.001178
31078,0,0.166789,0.001041
31079,1,0.169011,0.000833
31080,1,0.172605,0.000666
31081,0,0.177381,0.000533
31082,0,0.181744,0.000426
31083,0,0.185717,0.000341
31084,1,0.189319,0.000273
31085,1,0.194222,0.000218
31086,1,0.200271,0.000175
31087,0,0.207357,0.000140
31088,0,0.213894,0.000112
31089,1,0.219903,0.000089
31090,1,0.227057,0.000072
31091,0,0.235256,0.000057
31092,1,0.242839,0.000046
31093,0,0.251487,0.000037
31094,1,0.259492,0.000029
31095,0,0.268582,0.000023
31096,0,0.277003,0.000019
31097,0,0.284789,0.000015
31098,1,0.291972,0.000012
31099,0,0.300454,0.000010
31100,1,0.308292,0.000008
31101,0,0.317415,0.000006
31102,1,0.325854,0.000005
31103,1,0.335571,0.000004
31104,0,0.346458,0.000003
31105,0,0.356562,0.000003
31106,1,0.365927,0.000002
31107,1,0.376570,0.000002
31108,1,0.388383,0.000001
31109,0,0.401266,0.000001
31110,1,0.413260,0.000001
31111,1,0.426325,0.000001
31112,1,0.440367,0.000001
31113,1,0.455295,0.000000
31114,1,0.471016,0.000000
31115,0,0.487442,0.000000
31116,1,0.502859,0.000000
31117,1,0.518933,0.000000
31118,1,0.535567,0.000000
31119,0,0.552661,0.000000
31120,1,0.568825,0.000000
31121,1,0.585354,0.000000
31122,1,0.602146,0.000000
31123,1,0.619094,0.000000
31124,0,0.636083,0.000000
31125,0,0.652396,0.000000
31126,0,0.668131,0.000003
31127,0,0.683368,0.000180
31128,0,0.698160,0.000450
31129,0,0.712543,0.000764
31130,0,0.726529,0.001094
31131,0,0.740113,0.001423
31132,1,0.753274,0.001636
31133,1,0.766312,0.001754
31134,1,0.779228,0.001804
31135,1,0.791998,0.001809
31136,1,0.804583,0.001795
31137,1,0.816926,0.001781
31138,1,0.828958,0.001786
31139,1,0.840597,0.001823
31140,1,0.851755,0.001904
31141,1,0.862337,0.002035
31142,1,0.872245,0.002223
31143,1,0.881383,0.002468
31144,1,0.889654,0.002772
31145,0,0.896966,0.002693
31146,1,0.904921,0.002831
31147,1,0.911636,0.003128
31148,1,0.917082,0.003541
31149,1,0.921237,0.004037
31150,0,0.924084,0.003836
31151,1,0.928618,0.003964
31152,1,0.931566,0.004319
31153,0,0.932977,0.003909
31154,1,0.936558,0.003949
31155,1,0.938364,0.004294
31156,1,0.938495,0.004836
31157,1,0.937052,0.005498
31158,1,0.934136,0.006224
31159,1,0.929847,0.006976
31160,1,0.924286,0.007727
31161,0,0.917555,0.007127
31162,0,0.914818,0.005702
31163,1,0.915666,0.005071
31164,1,0.914605,0.005037
31165,1,0.911813,0.005399
31166,0,0.907463,0.004517
31167,1,0.907076,0.004360
31168,1,0.904876,0.004685
31169,1,0.901049,0.005314
31170,1,0.895772,0.006118
31171,0,0.889210,0.005370
31172,1,0.887071,0.005283
31173,1,0.883341,0.005630
31174,1,0.878200,0.006246
31175,1,0.871813,0.007014
31176,1,0.864337,0.007850
31177,1,0.855912,0.008695
31178,1,0.846672,0.009512
31179,0,0.836735,0.008379
31180,1,0.831952,0.007924
31181,1,0.826040,0.007929
31182,1,0.819142,0.008233
31183,1,0.811390,0.008718
31184,1,0.802906,0.009300
31185,1,0.793797,0.009921
31186,1,0.784167,0.010540
31187,1,0.774104,0.011130
31188,0,0.763692,0.009454
31189,1,0.758697,0.008596
31190,1,0.752853,0.008306
31191,1,0.746273,0.008396
31192,1,0.739060,0.008729
31193,1,0.731308,0.009204
31194,1,0.723103,0.009751
31195,1,0.714523,0.010318
31196,1,0.705638,0.010873
31197,1,0.696511,0.011393
31198,1,0.687198,0.011865
31199,1,0.677751,0.012282
31200,1,0.668215,0.012641
31201,1,0.658629,0.012943
31202,1,0.649030,0.013189
31203,1,0.639448,0.013385
31204,1,0.629910,0.013533
31205,1,0.620442,0.013639
31206,1,0.611062,0.013708
31207,1,0.601789,0.013743
31208,0,0.592639,0.010994
31209,1,0.588649,0.009122
31210,1,0.584239,0.008082
31211,0,0.579467,0.006466
31212,1,0.579051,0.005173
31213,1,0.577888,0.004138
31214,1,0.576059,0.003676
31215,1,0.573638,0.003805
31216,1,0.570696,0.004313
31217,1,0.567297,0.005044
31218,0,0.563499,0.004035
31219,1,0.563745,0.003228
31220,1,0.563242,0.002773
31221,1,0.562070,0.002949
31222,1,0.560302,0.003526
31223,1,0.558004,0.004335
31224,1,0.555239,0.005258
31225,1,0.552064,0.006209
31226,1,0.548533,0.007133
31227,1,0.544692,0.007992
31228,1,0.540586,0.008765
31229,1,0.536255,0.009440
31230,1,0.531735,0.010013
31231,1,0.527057,0.010487
31232,1,0.522252,0.010865
31233,0,0.517346,0.008692
31234,1,0.516349,0.006954
31235,1,0.514871,0.005817
31236,1,0.512967,0.005331
31237,1,0.510685,0.005286
31238,1,0.508072,0.005525
31239,1,0.505169,0.005933
31240,1,0.502015,0.006430
31241,1,0.498645,0.006957
31242,1,0.495089,0.007475
31243,1,0.491377,0.007959
31244,1,0.487534,0.008392
31245,1,0.483584,0.008767
31246,1,0.479548,0.009080
31247,1,0.475445,0.009331
31248,1,0.471290,0.009523
31249,1,0.467100,0.009660
31250,1,0.462888,0.009748
31251,1,0.458665,0.009791
31252,1,0.454442,0.009795
31253,1,0.450228,0.009766
31254,1,0.446032,0.009709
31255,1,0.441860,0.009627
31256,1,0.437719,0.009526
31257,1,0.433613,0.009409
31258,1,0.429548,0.009279
31259,1,0.425528,0.009140
31260,1,0.421555,0.008993
31261,1,0.417633,0.008841
31262,1,0.413764,0.008685
31263,1,0.409950,0.008527
31264,1,0.406193,0.008369
31265,1,0.402493,0.008210
31266,1,0.398851,0.008052
31267,1,0.395269,0.007896
31268,1,0.391746,0.007742
31269,1,0.388282,0.007589
31270,1,0.384879,0.007440
31271,0,0.381534,0.005952
31272,1,0.381091,0.004761
31273,1,0.380405,0.003809
31274,1,0.379503,0.003047
31275,1,0.378409,0.002438
31276,1,0.377144,0.001969
31277,1,0.375731,0.001889
31278,1,0.374185,0.002065
31279,1,0.372526,0.002397
31280,1,0.370767,0.002813
31281,0,0.368923,0.002251
31282,1,0.369605,0.001800
31283,1,0.369961,0.001440
31284,1,0.370023,0.001152
31285,1,0.369821,0.000922
31286,1,0.369381,0.000801
31287,1,0.368729,0.001032
31288,1,0.367888,0.001479
31289,1,0.366879,0.002044
31290,1,0.365721,0.002657
31291,1,0.364431,0.003270
31292,1,0.363027,0.003851
31293,1,0.361521,0.004379
31294,1,0.359929,0.004845
31295,1,0.358260,0.005242
31296,1,0.356527,0.005570
31297,0,0.354738,0.004456
31298,1,0.355281,0.003565
31299,1,0.355544,0.002852
31300,1,0.355553,0.002282
31301,1,0.355335,0.001825
31302,1,0.354912,0.001534
31303,1,0.354307,0.001593
31304,1,0.353538,0.001873
31305,1,0.352625,0.002282
31306,1,0.351583,0.002751
31307,1,0.350428,0.003236
31308,1,0.349173,0.003705
31309,1,0.347831,0.004138
31310,1,0.346412,0.004523
31311,1,0.344928,0.004854
31312,1,0.343387,0.005129
31313,1,0.341797,0.005350
31314,1,0.340166,0.005519
31315,1,0.338501,0.005641
31316,1,0.336808,0.005720
31317,1,0.335092,0.005762
31318,1,0.333359,0.005771
31319,1,0.331611,0.005753
31320,1,0.329854,0.005711
31321,1,0.328091,0.005650
31322,1,0.326325,0.005574
31323,1,0.324558,0.005486
31324,1,0.322794,0.005388
31325,1,0.321034,0.005283
31326,1,0.319280,0.005174
31327,1,0.317534,0.005062
31328,1,0.315797,0.004949
31329,1,0.314071,0.004835
31330,1,0.312357,0.004722
31331,1,0.310656,0.004610
31332,0,0.308968,0.003688
31333,1,0.309244,0.002950
31334,1,0.309335,0.002360
31335,1,0.309258,0.001888
31336,1,0.309032,0.001511
31337,1,0.308670,0.001208
31338,1,0.308189,0.000967
31339,1,0.307600,0.000829
31340,1,0.306915,0.000932
31341,1,0.306146,0.001186
31342,1,0.305301,0.001524
31343,1,0.304390,0.001900
31344,1,0.303422,0.002282
31345,1,0.302402,0.002646
31346,1,0.301338,0.002981
31347,1,0.300235,0.003277
31348,1,0.299100,0.003531
31349,1,0.297937,0.003742
31350,1,0.296750,0.003911
31351,1,0.295543,0.004040
31352,1,0.294320,0.004134
31353,1,0.293084,0.004194
31354,1,0.291838,0.004227
31355,1,0.290584,0.004234
31356,1,0.289325,0.004220
31357,1,0.288062,0.004189
31358,1,0.286798,0.004142
31359,1,0.285533,0.004084
31360,1,0.284270,0.004017
31361,1,0.283010,0.003942
31362,1,0.281754,0.003861
31363,1,0.280503,0.003777
31364,1,0.279258,0.003691
31365,1,0.278019,0.003603
31366,1,0.276787,0.003515
31367,1,0.275563,0.003427
31368,1,0.274347,0.003341
31369,1,0.273140,0.003256
31370,1,0.271942,0.003172
31371,1,0.270754,0.003091
31372,1,0.269575,0.003012
31373,1,0.268407,0.002936
31374,1,0.267248,0.002862
31375,1,0.266100,0.002790
31376,1,0.264962,0.002721
31377,1,0.263835,0.002654
31378,1,0.262718,0.002590
31379,1,0.261611,0.002527
31380,1,0.260516,0.002467
31381,0,0.259431,0.001974
31382,1,0.259856,0.001579
31383,1,0.260139,0.001263
31384,1,0.260294,0.001011
31385,0,0.260334,0.000808
31386,0,0.261723,0.000647
31387,1,0.264299,0.000517
31388,1,0.266537,0.000414
31389,1,0.268462,0.000331
31390,1,0.270102,0.000265
31391,1,0.271481,0.000212
31392,1,0.272620,0.000170
31393,1,0.273543,0.000136
31394,1,0.274268,0.000109
31395,1,0.274813,0.000409
31396,1,0.275196,0.000962
31397,1,0.275433,0.001649
31398,1,0.275537,0.002384
31399,1,0.275522,0.003109
31400,1,0.275400,0.003788
31401,1,0.275181,0.004397
31402,1,0.274876,0.004925
31403,1,0.274493,0.005366
31404,1,0.274042,0.005721
31405,1,0.273528,0.005996
31406,1,0.272960,0.006195
31407,1,0.272343,0.006327
31408,1,0.271683,0.006399
31409,1,0.270985,0.006420
31410,1,0.270253,0.006398
31411,1,0.269492,0.006340
31412,1,0.268705,0.006253
31413,1,0.267895,0.006143
31414,1,0.267066,0.006015
31415,1,0.266221,0.005873
31416,1,0.265361,0.005723
31417,1,0.264489,0.005567
31418,1,0.263607,0.005409
31419,1,0.262716,0.005250
31420,1,0.261819,0.005093
31421,1,0.260917,0.004938
31422,1,0.260011,0.004788
31423,1,0.259102,0.004642
31424,1,0.258191,0.004503
31425,1,0.257279,0.004369
31426,1,0.256368,0.004241
31427,1,0.255457,0.004120
31428,1,0.254548,0.004005
31429,1,0.253641,0.003896
31430,1,0.252737,0.003793
31431,1,0.251835,0.003695
31432,1,0.250938,0.003603
31433,1,0.250044,0.003516
31434,1,0.249154,0.003433
31435,1,0.248269,0.003355
31436,1,0.247389,0.003281
31437,1,0.246514,0.003210
31438,1,0.245644,0.003143
31439,1,0.244779,0.003079
31440,1,0.243920,0.003017
31441,1,0.243067,0.002958
31442,1,0.242219,0.002901
31443,1,0.241378,0.002846
31444,1,0.240542,0.002793
31445,1,0.239713,0.002742
31446,1,0.238889,0.002691
31447,1,0.238072,0.002642
31448,1,0.237261,0.002594
31449,1,0.236456,0.002547
31450,1,0.235657,0.002501
31451,1,0.234864,0.002455
31452,1,0.234078,0.002411
31453,1,0.233297,0.002366
31454,1,0.232523,0.002322
31455,1,0.231755,0.002279
31456,1,0.230993,0.002236
31457,1,0.230237,0.002194
31458,1,0.229488,0.002151
31459,1,0.228744,0.002110
31460,0,0.228006,0.001688
31461,1,0.228454,0.001350
31462,1,0.228790,0.001080
31463,1,0.229023,0.000864
31464,1,0.229164,0.000691
31465,1,0.229221,0.000553
31466,1,0.229204,0.000442
31467,1,0.229118,0.000354
31468,1,0.228972,0.000283
31469,1,0.228772,0.000310
31470,1,0.228523,0.000483
31471,1,0.228230,0.000740
31472,1,0.227898,0.001039
31473,1,0.227531,0.001347
31474,1,0.227133,0.001645
31475,1,0.226708,0.001921
31476,1,0.226259,0.002165
31477,1,0.225788,0.002374
31478,1,0.225298,0.002547
31479,1,0.224792,0.002686
31480,1,0.224271,0.002791
31481,1,0.223737,0.002865
31482,1,0.223193,0.002912
31483,1,0.222639,0.002936
31484,1,0.222077,0.002938
31485,1,0.221508,0.002924
31486,1,0.220934,0.002894
31487,1,0.220355,0.002853
31488,1,0.219772,0.002803
31489,1,0.219186,0.002745
31490,1,0.218598,0.002682
31491,1,0.218009,0.002615
31492,1,0.217418,0.002545
31493,1,0.216827,0.002475
31494,1,0.216236,0.002404
31495,1,0.215645,0.002333
31496,1,0.215055,0.002264
31497,1,0.214466,0.002196
31498,1,0.213879,0.002130
31499,1,0.213293,0.002066
31500,1,0.212709,0.002005
31501,1,0.212127,0.001946
31502,1,0.211547,0.001889
31503,1,0.210970,0.001835
31504,1,0.210396,0.001784
31505,1,0.209824,0.001735
31506,1,0.209255,0.001688
31507,1,0.208689,0.001643
31508,1,0.208125,0.001601
31509,1,0.207565,0.001560
31510,1,0.207008,0.001522
31511,1,0.206455,0.001485
31512,1,0.205904,0.001449
31513,1,0.205357,0.001415
31514,1,0.204812,0.001383
31515,1,0.204272,0.001352
31516,1,0.203734,0.001322
31517,1,0.203200,0.001293
31518,1,0.202669,0.001265
31519,1,0.202141,0.001237
31520,1,0.201617,0.001211
31521,1,0.201096,0.001185
31522,1,0.200578,0.001160
31523,1,0.200064,0.001136
31524,1,0.199553,0.001112
31525,1,0.199045,0.001089
31526,1,0.198540,0.001066
31527,1,0.198039,0.001043
31528,1,0.197541,0.001021
31529,1,0.197046,0.000999
31530,1,0.196554,0.000978
31531,1,0.196066,0.000957
31532,1,0.195580,0.000936
31533,1,0.195098,0.000916
31534,1,0.194618,0.000896
31535,1,0.194142,0.000876
31536,1,0.193669,0.000856
31537,1,0.193199,0.000837
31538,1,0.192732,0.000818
31539,1,0.192267,0.000799
31540,1,0.191806,0.000781
31541,1,0.191348,0.000762
31542,1,0.190892,0.000744
31543,1,0.190440,0.000726
31544,1,0.189990,0.000709
31545,1,0.189543,0.000692
31546,1,0.189099,0.000675
31547,1,0.188657,0.000658
31548,1,0.188218,0.000641
31549,1,0.187782,0.000625
31550,1,0.187349,0.000609
31551,1,0.186918,0.000594
31552,1,0.186490,0.000578
31553,1,0.186065,0.000563
31554,1,0.185642,0.000548
31555,1,0.185221,0.000533
31556,1,0.184804,0.000519
31557,1,0.184388,0.000505
31558,1,0.183975,0.000491
31559,1,0.183565,0.000478
31560,1,0.183157,0.000465
31561,1,0.182752,0.000452
31562,1,0.182348,0.000439
31563,1,0.181948,0.000427
31564,1,0.181549,0.000414
31565,1,0.181153,0.000403
31566,1,0.180759,0.000391
31567,1,0.180368,0.000380
31568,1,0.179978,0.000369
31569,1,0.179591,0.000358
31570,1,0.179207,0.000347
31571,1,0.178824,0.000337
31572,1,0.178443,0.000327
31573,1,0.178065,0.000317
31574,1,0.177689,0.000308
31575,1,0.177315,0.000298
31576,1,0.176943,0.000289
31577,1,0.176573,0.000280
31578,1,0.176205,0.000272
31579,1,0.175839,0.000263
31580,1,0.175475,0.000255
31581,1,0.175114,0.000247
31582,1,0.174754,0.000240
31583,1,0.174396,0.000232
31584,1,0.174040,0.000225
31585,1,0.173686,0.000218
31586,1,0.173334,0.000211
31587,1,0.172984,0.000204
31588,1,0.172636,0.000197
31589,1,0.172289,0.000191
31590,1,0.171945,0.000185
31591,1,0.171602,0.000179
31592,1,0.171261,0.000173
31593,1,0.170922,0.000168
31594,1,0.170584,0.000162
31595,1,0.170249,0.000157
31596,1,0.169915,0.000152
31597,1,0.169583,0.000147
31598,0,0.169252,0.000117
31599,1,0.169669,0.000094
31600,1,0.170013,0.000075
31601,1,0.170292,0.000060
31602,1,0.170511,0.000048
31603,1,0.170676,0.000038
31604,1,0.170793,0.000031
31605,1,0.170867,0.000025
31606,1,0.170900,0.000020
31607,1,0.170898,0.000016
31608,1,0.170864,0.000013
31609,1,0.170801,0.000080
31610,1,0.170712,0.000236
31611,1,0.170600,0.000440
31612,1,0.170467,0.000662
31613,1,0.170315,0.000884
31614,1,0.170147,0.001094
31615,1,0.169963,0.001282
31616,1,0.169767,0.001445
31617,1,0.169558,0.001582
31618,1,0.169339,0.001692
31619,1,0.169110,0.001777
31620,1,0.168873,0.001838
31621,1,0.168628,0.001879
31622,1,0.168377,0.001901
31623,1,0.168120,0.001907
31624,1,0.167859,0.001900
31625,1,0.167592,0.001882
31626,1,0.167322,0.001856
31627,1,0.167049,0.001822
31628,1,0.166772,0.001784
31629,1,0.166494,0.001741
31630,1,0.166213,0.001696
31631,1,0.165930,0.001650
31632,1,0.165646,0.001603
31633,1,0.165361,0.001557
31634,1,0.165075,0.001511
31635,1,0.164788,0.001466
31636,1,0.164501,0.001423
31637,1,0.164213,0.001382
31638,1,0.163925,0.001342
31639,1,0.163637,0.001304
31640,1,0.163349,0.001269
31641,1,0.163062,0.001235
31642,1,0.162774,0.001203
31643,1,0.162488,0.001173
31644,1,0.162201,0.001145
31645,1,0.161916,0.001119
31646,1,0.161630,0.001094
31647,1,0.161346,0.001071
31648,1,0.161062,0.001049
31649,1,0.160779,0.001028
31650,1,0.160497,0.001008
31651,1,0.160216,0.000989
31652,1,0.159936,0.000971
31653,1,0.159656,0.000954
31654,1,0.159378,0.000938
31655,1,0.159101,0.000922
31656,1,0.158824,0.000906
31657,1,0.158549,0.000891
31658,1,0.158274,0.000877
31659,1,0.158001,0.000862
31660,1,0.157729,0.000848
31661,1,0.157457,0.000834
31662,1,0.157187,0.000820
31663,1,0.156918,0.000807
31664,1,0.156650,0.000793
31665,1,0.156383,0.000780
31666,1,0.156117,0.000766
31667,1,0.155852,0.000753
31668,1,0.155589,0.000740
31669,1,0.155326,0.000726
31670,1,0.155064,0.000713
31671,1,0.154804,0.000700
31672,1,0.154545,0.000686
31673,1,0.154286,0.000673
31674,1,0.154029,0.000660
31675,1,0.153773,0.000647
31676,1,0.153518,0.000633
31677,1,0.153264,0.000620
31678,1,0.153011,0.000607
31679,1,0.152759,0.000594
31680,1,0.152508,0.000581
31681,1,0.152258,0.000568
31682,1,0.152009,0.000555
31683,1,0.151761,0.000542
31684,1,0.151514,0.000530
31685,1,0.151269,0.000517
31686,1,0.151024,0.000505
31687,1,0.150780,0.000492
31688,1,0.150538,0.000480
31689,1,0.150296,0.000468
31690,1,0.150055,0.000456
31691,1,0.149815,0.000444
31692,1,0.149577,0.000433
31693,1,0.149339,0.000421
31694,1,0.149102,0.000410
31695,1,0.148866,0.000399
31696,1,0.148631,0.000388
31697,1,0.148397,0.000377
31698,1,0.148164,0.000366
31699,1,0.147932,0.000356
31700,1,0.147701,0.000346
31701,1,0.147471,0.000336
31702,1,0.147242,0.000326
31703,1,0.147013,0.000317
31704,1,0.146786,0.000307
31705,1,0.146559,0.000298
31706,1,0.146334,0.000289
31707,1,0.146109,0.000280
31708,1,0.145885,0.000272
31709,1,0.145662,0.000263
31710,1,0.145440,0.000255
31711,1,0.145219,0.000247
31712,1,0.144999,0.000239
31713,1,0.144779,0.000232
31714,1,0.144560,0.000224
31715,1,0.144343,0.000217
31716,1,0.144126,0.000210
31717,1,0.143910,0.000203
31718,1,0.143694,0.000196
31719,1,0.143480,0.000190
31720,1,0.143266,0.000184
31721,1,0.143053,0.000177
31722,1,0.142841,0.000172
31723,1,0.142630,0.000166
31724,1,0.142420,0.000160
31725,1,0.142210,0.000155
31726,1,0.142002,0.000149
31727,1,0.141794,0.000144
31728,1,0.141586,0.000139
31729,1,0.141380,0.000134
31730,1,0.141174,0.000130
31731,1,0.140969,0.000125
31732,1,0.140765,0.000121
31733,1,0.140562,0.000117
31734,1,0.140359,0.000112
31735,1,0.140157,0.000108
31736,1,0.139956,0.000105
31737,1,0.139756,0.000101
31738,1,0.139556,0.000097
31739,1,0.139357,0.000094
31740,1,0.139159,0.000090
31741,1,0.138961,0.000087
31742,1,0.138765,0.000084
31743,1,0.138568,0.000081
31744,1,0.138373,0.000078
31745,1,0.138178,0.000075
31746,1,0.137985,0.000072
31747,1,0.137791,0.000069
31748,1,0.137599,0.000067
31749,1,0.137407,0.000064
31750,1,0.137216,0.000062
31751,1,0.137025,0.000060
31752,1,0.136835,0.000057
31753,1,0.136646,0.000055
31754,1,0.136458,0.000053
31755,1,0.136270,0.000051
31756,1,0.136083,0.000049
31757,1,0.135896,0.000047
31758,1,0.135710,0.000045
31759,1,0.135525,0.000044
31760,1,0.135340,0.000042
31761,1,0.135156,0.000040
31762,1,0.134973,0.000039
31763,1,0.134790,0.000037
31764,1,0.134608,0.000036
31765,1,0.134427,0.000035
31766,1,0.134246,0.000033
31767,1,0.134066,0.000032
31768,1,0.133886,0.000031
31769,1,0.133707,0.000029
31770,1,0.133529,0.000028
31771,1,0.133351,0.000027
31772,1,0.133174,0.000026
31773,1,0.132998,0.000025
31774,1,0.132822,0.000024
31775,1,0.132646,0.000023
31776,1,0.132471,0.000022
31777,1,0.132297,0.000021
31778,1,0.132124,0.000020
31779,1,0.131951,0.000020
31780,1,0.131778,0.000019
31781,1,0.131606,0.000018
31782,1,0.131435,0.000017
31783,1,0.131264,0.000017
31784,1,0.131094,0.000016
31785,1,0.130924,0.000015
31786,1,0.130755,0.000015
31787,1,0.130587,0.000014
31788,1,0.130419,0.000014
31789,1,0.130251,0.000013
31790,1,0.130084,0.000012
31791,1,0.129918,0.000012
31792,1,0.129752,0.000011
31793,1,0.129587,0.000011
31794,1,0.129422,0.000011
31795,1,0.129258,0.000010
31796,1,0.129094,0.000010
31797,1,0.128931,0.000009
31798,1,0.128768,0.000009
31799,1,0.128606,0.000009
31800,1,0.128444,0.000008
31801,1,0.128283,0.000008
31802,1,0.128123,0.000007
31803,1,0.127963,0.000007
31804,1,0.127803,0.000007
31805,1,0.127644,0.000007
31806,1,0.127485,0.000006
31807,1,0.127327,0.000006
31808,1,0.127169,0.000006
31809,1,0.127012,0.000006
31810,1,0.126856,0.000005
31811,1,0.126700,0.000005
31812,1,0.126544,0.000005
31813,1,0.126389,0.000005
31814,1,0.126234,0.000004
31815,1,0.126080,0.000004
31816,1,0.125926,0.000004
31817,1,0.125773,0.000004
31818,1,0.125620,0.000004
31819,1,0.125467,0.000004
31820,1,0.125315,0.000003
31821,1,0.125164,0.000003
31822,1,0.125013,0.000003
31823,1,0.124863,0.000003
31824,1,0.124712,0.000003
31825,1,0.124563,0.000003
31826,1,0.124414,0.000003
31827,1,0.124265,0.000003
31828,1,0.124117,0.000002
31829,1,0.123969,0.000002
31830,1,0.123821,0.000002
31831,1,0.123674,0.000002
31832,1,0.123528,0.000002
31833,1,0.123382,0.000002
31834,1,0.123236,0.000002
31835,1,0.123091,0.000002
31836,1,0.122946,0.000002
31837,1,0.122802,0.000002
31838,1,0.122658,0.000002
31839,1,0.122514,0.000001
31840,1,0.122371,0.000001
31841,1,0.122228,0.000001
31842,1,0.122086,0.000001
31843,1,0.121944,0.000001
31844,1,0.121802,0.000001
31845,1,0.121661,0.000001
31846,1,0.121521,0.000001
31847,1,0.121380,0.000001
31848,1,0.121241,0.000001
31849,1,0.121101,0.000001
31850,1,0.120962,0.000001
31851,1,0.120823,0.000001
31852,1,0.120685,0.000001
31853,1,0.120547,0.000001
31854,1,0.120410,0.000001
31855,1,0.120273,0.000001
31856,1,0.120136,0.000001
31857,1,0.120000,0.000001
31858,1,0.119864,0.000001
31859,1,0.119728,0.000001
31860,1,0.119593,0.000001
31861,1,0.119458,0.000001
31862,1,0.119324,0.000000
31863,1,0.119190,0.000000
31864,1,0.119056,0.000000
31865,1,0.118923,0.000000
31866,1,0.118790,0.000000
31867,1,0.118657,0.000000
31868,1,0.118525,0.000000
31869,1,0.118393,0.000000
31870,1,0.118262,0.000000
31871,1,0.118130,0.000000
31872,1,0.118000,0.000000
31873,1,0.117869,0.000000
31874,1,0.117739,0.000000
31875,1,0.117610,0.000000
31876,1,0.117480,0.000000
31877,1,0.117351,0.000000
31878,1,0.117223,0.000000
31879,1,0.117094,0.000000
31880,1,0.116966,0.000000
31881,1,0.116839,0.000000
31882,1,0.116711,0.000000
31883,1,0.116585,0.000000
31884,1,0.116458,0.000000
31885,1,0.116332,0.000000
31886,1,0.116206,0.000000
31887,1,0.116080,0.000000
31888,1,0.115955,0.000000
31889,1,0.115830,0.000000
31890,1,0.115706,0.000000
31891,1,0.115581,0.000000
31892,1,0.115457,0.000000
31893,1,0.115334,0.000000
31894,1,0.115210,0.000000
31895,1,0.115088,0.000000
31896,1,0.114965,0.000000
31897,1,0.114843,0.000000
31898,1,0.114721,0.000000
31899,1,0.114599,0.000000
31900,1,0.114478,0.000000
31901,1,0.114357,0.000000
31902,1,0.114236,0.000000
31903,1,0.114115,0.000000
31904,1,0.113995,0.000000
31905,1,0.113875,0.000000
31906,1,0.113756,0.000000
31907,1,0.113637,0.000000
31908,1,0.113518,0.000000
31909,1,0.113399,0.000000
31910,1,0.113281,0.000000
31911,1,0.113163,0.000000
31912,1,0.113045,0.000000
31913,1,0.112928,0.000000
31914,1,0.112811,0.000000
31915,1,0.112694,0.000000
31916,1,0.112578,0.000000
31917,1,0.112462,0.000000
31918,1,0.112346,0.000000
31919,1,0.112230,0.000000
31920,1,0.112115,0.000000
31921,1,0.112000,0.000000
31922,1,0.111885,0.000000
31923,1,0.111771,0.000000
31924,1,0.111656,0.000000
31925,1,0.111542,0.000000
31926,1,0.111429,0.000000
31927,1,0.111316,0.000000
31928,1,0.111203,0.000000
31929,1,0.111090,0.000000
31930,1,0.110977,0.000000
31931,1,0.110865,0.000000
31932,1,0.110753,0.000000
31933,1,0.110641,0.000000
31934,1,0.110530,0.000000
31935,1,0.110419,0.000000
31936,1,0.110308,0.000000
31937,1,0.110198,0.000000
31938,1,0.110087,0.000000
31939,1,0.109977,0.000000
31940,1,0.109867,0.000000
31941,1,0.109758,0.000000
31942,1,0.109649,0.000000
31943,1,0.109540,0.000000
31944,1,0.109431,0.000000
31945,1,0.109323,0.000000
31946,1,0.109214,0.000000
31947,1,0.109106,0.000000
31948,1,0.108999,0.000000
31949,1,0.108891,0.000000
31950,1,0.108784,0.000000
31951,1,0.108677,0.000000
31952,0,0.108571,0.000000
31953,1,0.108848,0.000000
31954,1,0.109088,0.000000
31955,1,0.109294,0.000000
31956,1,0.109469,0.000000
31957,1,0.109616,0.000000
31958,1,0.109738,0.000000
31959,1,0.109838,0.000000
31960,1,0.109916,0.000000
31961,1,0.109977,0.000000
31962,1,0.110020,0.000000
31963,1,0.110049,0.000012
31964,1,0.110064,0.000121
31965,1,0.110066,0.000287
31966,1,0.110058,0.000480
31967,1,0.110040,0.000678
31968,1,0.110013,0.000869
31969,0,0.109978,0.000696
31970,1,0.110313,0.000556
31971,1,0.110605,0.000445
31972,1,0.110858,0.000356
31973,1,0.111076,0.000285
31974,1,0.111261,0.000228
31975,1,0.111417,0.000182
31976,1,0.111547,0.000146
31977,1,0.111654,0.000117
31978,1,0.111739,0.000163
31979,1,0.111805,0.000344
31980,1,0.111853,0.000602
31981,1,0.111886,0.000895
31982,1,0.111905,0.001196
31983,1,0.111910,0.001486
31984,1,0.111905,0.001753
31985,1,0.111889,0.001990
31986,1,0.111864,0.002195
31987,1,0.111830,0.002366
31988,1,0.111789,0.002506
31989,1,0.111741,0.002616
31990,1,0.111687,0.002699
31991,1,0.111628,0.002758
31992,1,0.111563,0.002797
31993,1,0.111494,0.002818
31994,1,0.111421,0.002824
31995,1,0.111345,0.002819
31996,1,0.111265,0.002803
31997,1,0.111182,0.002780
31998,1,0.111096,0.002752
31999,1,0.111009,0.002719
32000,1,0.110919,0.002683
32001,1,0.110827,0.002645
32002,1,0.110733,0.002606
32003,1,0.110638,0.002567
32004,1,0.110541,0.002527
32005,1,0.110444,0.002489
32006,1,0.110345,0.002451
32007,1,0.110245,0.002413
32008,1,0.110144,0.002377
32009,1,0.110043,0.002342
32010,1,0.109941,0.002308
32011,1,0.109838,0.002275
32012,1,0.109735,0.002243
32013,1,0.109631,0.002212
32014,1,0.109527,0.002182
32015,1,0.109423,0.002152
32016,1,0.109318,0.002122
32017,1,0.109213,0.002093
32018,1,0.109108,0.002065
32019,1,0.109002,0.002036
32020,1,0.108897,0.002008
32021,1,0.108791,0.001979
32022,1,0.108686,0.001951
32023,1,0.108580,0.001922
32024,1,0.108474,0.001893
32025,1,0.108368,0.001864
32026,1,0.108263,0.001835
32027,0,0.108157,0.001468
32028,1,0.108434,0.001174
32029,1,0.108673,0.000940
32030,1,0.108878,0.000752
32031,1,0.109052,0.000601
32032,1,0.109199,0.000481
32033,1,0.109320,0.000385
32034,1,0.109419,0.000308
32035,1,0.109497,0.000246
32036,1,0.109557,0.000199
32037,1,0.109600,0.000311
32038,0,0.109628,0.000249
32039,1,0.110022,0.000199
32040,1,0.110367,0.000159
32041,1,0.110668,0.000127
32042,1,0.110929,0.000102
32043,1,0.111154,0.000082
32044,1,0.111346,0.000065
32045,1,0.111508,0.000052
32046,1,0.111643,0.000150
32047,1,0.111754,0.000413
32048,1,0.111843,0.000768
32049,1,0.111913,0.001164
32050,1,0.111964,0.001564
32051,1,0.112000,0.001945
32052,1,0.112021,0.002294
32053,1,0.112029,0.002601
32054,1,0.112025,0.002864
32055,1,0.112011,0.003082
32056,1,0.111987,0.003257
32057,1,0.111954,0.003392
32058,1,0.111914,0.003492
32059,1,0.111866,0.003559
32060,1,0.111813,0.003600
32061,1,0.111753,0.003617
32062,1,0.111689,0.003614
32063,1,0.111620,0.003596
32064,1,0.111547,0.003565
32065,1,0.111469,0.003525
32066,1,0.111389,0.003477
32067,1,0.111306,0.003424
32068,1,0.111219,0.003367
32069,1,0.111130,0.003308
32070,1,0.111040,0.003247
32071,1,0.110947,0.003187
32072,1,0.110852,0.003128
32073,1,0.110755,0.003069
32074,1,0.110657,0.003012
32075,1,0.110558,0.002957
32076,1,0.110458,0.002903
32077,1,0.110356,0.002851
32078,1,0.110254,0.002802
32079,1,0.110151,0.002754
32080,1,0.110047,0.002708
32081,1,0.109942,0.002663
32082,1,0.109837,0.002620
32083,1,0.109732,0.002579
32084,1,0.109625,0.002538
32085,1,0.109519,0.002498
32086,1,0.109412,0.002460
32087,1,0.109305,0.002422
32088,1,0.109198,0.002384
32089,1,0.109090,0.002347
32090,1,0.108982,0.002310
32091,1,0.108875,0.002274
32092,1,0.108767,0.002237
32093,1,0.108659,0.002201
32094,1,0.108551,0.002164
32095,1,0.108443,0.002128
32096,1,0.108335,0.002091
32097,1,0.108227,0.002054
32098,1,0.108119,0.002017
32099,1,0.108011,0.001980
32100,1,0.107903,0.001942
32101,1,0.107796,0.001905
32102,1,0.107688,0.001867
32103,1,0.107580,0.001829
32104,1,0.107473,0.001791
32105,1,0.107366,0.001753
32106,1,0.107259,0.001714
32107,1,0.107152,0.001676
32108,1,0.107045,0.001638
32109,1,0.106939,0.001600
32110,1,0.106832,0.001561
32111,1,0.106726,0.001523
32112,1,0.106620,0.001485
32113,1,0.106514,0.001448
32114,1,0.106409,0.001410
32115,1,0.106303,0.001373
32116,1,0.106198,0.001336
32117,1,0.106093,0.001299
32118,1,0.105988,0.001263
32119,1,0.105884,0.001227
32120,1,0.105779,0.001191
32121,1,0.105675,0.001156
32122,1,0.105571,0.001122
32123,1,0.105467,0.001088
32124,1,0.105364,0.001054
32125,1,0.105261,0.001021
32126,1,0.105158,0.000989
32127,1,0.105055,0.000957
32128,1,0.104952,0.000926
32129,1,0.104850,0.000895
32130,1,0.104748,0.000865
32131,1,0.104646,0.000836
32132,1,0.104544,0.000807
32133,1,0.104442,0.000779
32134,1,0.104341,0.000752
32135,1,0.104240,0.000725
32136,1,0.104139,0.000699
32137,1,0.104039,0.000674
32138,1,0.103939,0.000649
32139,1,0.103838,0.000625
32140,1,0.103739,0.000601
32141,1,0.103639,0.000579
32142,1,0.103539,0.000556
32143,1,0.103440,0.000535
32144,1,0.103341,0.000514
32145,1,0.103243,0.000494
32146,1,0.103144,0.000474
32147,1,0.103046,0.000455
32148,1,0.102948,0.000437
32149,1,0.102850,0.000419
32150,1,0.102752,0.000402
32151,1,0.102655,0.000385
32152,1,0.102557,0.000369
32153,1,0.102461,0.000354
32154,1,0.102364,0.000339
32155,1,0.102267,0.000324
32156,1,0.102171,0.000310
32157,1,0.102075,0.000297
32158,1,0.101979,0.000284
32159,1,0.101883,0.000271
32160,1,0.101788,0.000259
32161,1,0.101692,0.000248
32162,1,0.101597,0.000237
32163,1,0.101503,0.000226
32164,1,0.101408,0.000216
32165,1,0.101314,0.000206
32166,1,0.101219,0.000196
32167,1,0.101125,0.000187
32168,1,0.101032,0.000178
32169,1,0.100938,0.000170
32170,1,0.100845,0.000162
32171,1,0.100751,0.000154
32172,1,0.100659,0.000147
32173,1,0.100566,0.000140
32174,1,0.100473,0.000133
32175,1,0.100381,0.000126
32176,1,0.100289,0.000120
32177,1,0.100197,0.000114
32178,1,0.100105,0.000108
32179,1,0.100013,0.000103
32180,1,0.099922,0.000098
32181,1,0.099831,0.000093
32182,1,0.099740,0.000088
32183,1,0.099649,0.000083
32184,1,0.099559,0.000079
32185,1,0.099468,0.000075
32186,1,0.099378,0.000071
32187,1,0.099288,0.000067
32188,1,0.099198,0.000064
32189,1,0.099109,0.000060
32190,1,0.099019,0.000057
32191,1,0.098930,0.000054
32192,1,0.098841,0.000051
32193,1,0.098752,0.000048
32194,1,0.098664,0.000046
32195,1,0.098575,0.000043
32196,1,0.098487,0.000041
32197,1,0.098399,0.000038
32198,1,0.098311,0.000036
32199,1,0.098223,0.000034
32200,1,0.098136,0.000032
32201,1,0.098049,0.000030
32202,1,0.097961,0.000029
32203,0,0.097875,0.000023
32204,1,0.098135,0.000018
32205,1,0.098362,0.000015
32206,1,0.098559,0.000012
32207,1,0.098727,0.000009
32208,1,0.098870,0.000007
32209,1,0.098990,0.000006
32210,1,0.099090,0.000005
32211,1,0.099171,0.000004
32212,1,0.099235,0.000003
32213,1,0.099285,0.000002
32214,1,0.099320,0.000002
32215,1,0.099343,0.000098
32216,1,0.099356,0.000252
32217,1,0.099358,0.000435
32218,1,0.099351,0.000625
32219,1,0.099336,0.000810
32220,1,0.099314,0.000981
32221,1,0.099285,0.001132
32222,1,0.099250,0.001262
32223,1,0.099211,0.001370
32224,1,0.099166,0.001457
32225,1,0.099117,0.001525
32226,1,0.099064,0.001575
32227,1,0.099008,0.001609
32228,1,0.098949,0.001630
32229,1,0.098887,0.001640
32230,1,0.098822,0.001640
32231,1,0.098755,0.001634
32232,1,0.098686,0.001621
32233,1,0.098616,0.001604
32234,1,0.098543,0.001585
32235,1,0.098470,0.001563
32236,1,0.098395,0.001540
32237,1,0.098319,0.001516
32238,1,0.098241,0.001492
32239,1,0.098163,0.001469
32240,1,0.098085,0.001446
32241,1,0.098005,0.001424
32242,1,0.097925,0.001403
32243,1,0.097844,0.001383
32244,1,0.097763,0.001364
32245,1,0.097681,0.001346
32246,1,0.097599,0.001329
32247,1,0.097517,0.001313
32248,1,0.097434,0.001298
32249,1,0.097352,0.001283
32250,1,0.097269,0.001269
32251,1,0.097185,0.001256
32252,1,0.097102,0.001243
32253,1,0.097019,0.001230
32254,0,0.096935,0.000984
32255,1,0.097193,0.000787
32256,1,0.097418,0.000630
32257,1,0.097612,0.000504
32258,1,0.097778,0.000403
32259,1,0.097920,0.000322
32260,1,0.098039,0.000258
32261,1,0.098138,0.000206
32262,1,0.098218,0.000165
32263,1,0.098282,0.000132
32264,1,0.098331,0.000172
32265,1,0.098367,0.000323
32266,1,0.098390,0.000539
32267,1,0.098403,0.000783
32268,1,0.098405,0.001033
32269,1,0.098399,0.001273
32270,1,0.098385,0.001493
32271,1,0.098363,0.001687
32272,1,0.098336,0.001853
32273,1,0.098302,0.001992
32274,1,0.098263,0.002103
32275,1,0.098219,0.002189
32276,1,0.098171,0.002251
32277,1,0.098120,0.002294
32278,1,0.098065,0.002319
32279,1,0.098006,0.002330
32280,1,0.097945,0.002328
32281,1,0.097882,0.002316
32282,1,0.097816,0.002296
32283,1,0.097749,0.002270
32284,1,0.097679,0.002239
32285,1,0.097608,0.002204
32286,1,0.097535,0.002168
32287,1,0.097462,0.002130
32288,1,0.097387,0.002091
32289,1,0.097311,0.002052
32290,1,0.097234,0.002014
32291,1,0.097156,0.001976
32292,1,0.097077,0.001940
32293,1,0.096998,0.001904
32294,1,0.096919,0.001870
32295,1,0.096838,0.001836
32296,1,0.096758,0.001804
32297,1,0.096677,0.001773
32298,1,0.096595,0.001743
32299,1,0.096514,0.001714
32300,1,0.096432,0.001686
32301,1,0.096350,0.001659
32302,1,0.096267,0.001632
32303,1,0.096185,0.001606
32304,1,0.096103,0.001581
32305,1,0.096020,0.001556
32306,1,0.095937,0.001531
32307,1,0.095854,0.001506
32308,1,0.095772,0.001481
32309,1,0.095689,0.001457
32310,1,0.095606,0.001432
32311,1,0.095523,0.001407
32312,1,0.095441,0.001383
32313,1,0.095358,0.001358
32314,1,0.095275,0.001333
32315,1,0.095193,0.001308
32316,1,0.095110,0.001283
32317,1,0.095028,0.001258
32318,1,0.094946,0.001232
32319,1,0.094863,0.001207
32320,1,0.094781,0.001181
32321,1,0.094699,0.001155
32322,1,0.094617,0.001129
32323,1,0.094536,0.001103
32324,1,0.094454,0.001077
32325,1,0.094372,0.001051
32326,1,0.094291,0.001025
32327,1,0.094210,0.000999
32328,1,0.094129,0.000974
32329,1,0.094048,0.000948
32330,1,0.093967,0.000922
32331,1,0.093886,0.000897
32332,1,0.093805,0.000871
32333,1,0.093725,0.000846
32334,1,0.093645,0.000822
32335,1,0.093565,0.000797
32336,1,0.093485,0.000773
32337,1,0.093405,0.000749
32338,1,0.093325,0.000725
32339,1,0.093245,0.000702
32340,1,0.093166,0.000679
32341,1,0.093087,0.000656
32342,1,0.093008,0.000634
32343,1,0.092929,0.000613
32344,1,0.092850,0.000591
32345,1,0.092771,0.000570
32346,1,0.092693,0.000550
32347,1,0.092614,0.000530
32348,1,0.092536,0.000510
32349,1,0.092458,0.000491
32350,1,0.092380,0.000473
32351,1,0.092302,0.000455
32352,1,0.092225,0.000437
32353,1,0.092147,0.000420
32354,1,0.092070,0.000403
32355,1,0.091993,0.000387
32356,1,0.091916,0.000371
32357,1,0.091839,0.000356
32358,1,0.091762,0.000341
32359,1,0.091685,0.000326
32360,1,0.091609,0.000312
32361,1,0.091533,0.000299
32362,1,0.091457,0.000286
32363,1,0.091381,0.000273
32364,1,0.091305,0.000261
32365,1,0.091229,0.000249
32366,1,0.091154,0.000238
32367,1,0.091078,0.000227
32368,1,0.091003,0.000217
32369,1,0.090928,0.000206
32370,1,0.090853,0.000197
32371,1,0.090778,0.000187
32372,1,0.090703,0.000178
32373,1,0.090629,0.000170
32374,1,0.090554,0.000161
32375,1,0.090480,0.000153
32376,1,0.090406,0.000146
32377,1,0.090332,0.000138
32378,1,0.090258,0.000131
32379,1,0.090184,0.000124
32380,1,0.090111,0.000118
32381,1,0.090037,0.000112
32382,1,0.089964,0.000106
32383,1,0.089891,0.000100
32384,1,0.089818,0.000095
32385,1,0.089745,0.000090
32386,0,0.089672,0.000072
32387,1,0.089918,0.000057
32388,1,0.090132,0.000046
32389,1,0.090318,0.000037
32390,1,0.090479,0.000029
32391,1,0.090616,0.000023
32392,1,0.090733,0.000019
32393,1,0.090831,0.000015
32394,1,0.090912,0.000012
32395,1,0.090978,0.000010
32396,1,0.091030,0.000008
32397,1,0.091069,0.000006
32398,1,0.091097,0.000089
32399,1,0.091115,0.000232
32400,1,0.091124,0.000405
32401,1,0.091124,0.000588
32402,1,0.091118,0.000766
32403,1,0.091104,0.000932
32404,1,0.091085,0.001080
32405,1,0.091060,0.001208
32406,1,0.091030,0.001315
32407,1,0.090996,0.001402
32408,1,0.090958,0.001471
32409,1,0.090916,0.001522
32410,1,0.090872,0.001559
32411,1,0.090824,0.001583
32412,1,0.090774,0.001597
32413,1,0.090721,0.001602
32414,1,0.090667,0.001600
32415,1,0.090611,0.001593
32416,1,0.090553,0.001581
32417,1,0.090493,0.001567
32418,1,0.090432,0.001551
32419,1,0.090370,0.001533
32420,1,0.090307,0.001515
32421,1,0.090243,0.001497
32422,1,0.090178,0.001479
32423,1,0.090112,0.001462
32424,1,0.090046,0.001445
32425,1,0.089979,0.001429
32426,1,0.089911,0.001414
32427,1,0.089843,0.001399
32428,1,0.089775,0.001386
32429,1,0.089706,0.001373
32430,1,0.089637,0.001360
32431,1,0.089567,0.001348
32432,1,0.089498,0.001337
32433,1,0.089428,0.001326
32434,1,0.089358,0.001314
32435,1,0.089287,0.001303
32436,1,0.089217,0.001292
32437,1,0.089147,0.001280
32438,1,0.089076,0.001269
32439,1,0.089005,0.001256
32440,1,0.088935,0.001244
32441,1,0.088864,0.001231
32442,1,0.088794,0.001218
32443,1,0.088723,0.001204
32444,1,0.088652,0.001189
32445,1,0.088582,0.001174
32446,1,0.088511,0.001158
32447,1,0.088440,0.001142
32448,1,0.088370,0.001125
32449,1,0.088299,0.001108
32450,1,0.088229,0.001090
32451,1,0.088159,0.001071
32452,1,0.088088,0.001052
32453,1,0.088018,0.001032
32454,1,0.087948,0.001013
32455,1,0.087878,0.000992
32456,1,0.087808,0.000972
32457,1,0.087738,0.000951
32458,1,0.087668,0.000929
32459,1,0.087599,0.000908
32460,1,0.087529,0.000886
32461,1,0.087460,0.000864
32462,1,0.087390,0.000842
32463,1,0.087321,0.000821
32464,1,0.087252,0.000799
32465,1,0.087183,0.000777
32466,1,0.087114,0.000755
32467,1,0.087045,0.000733
32468,1,0.086977,0.000711
32469,1,0.086908,0.000690
32470,1,0.086840,0.000668
32471,1,0.086771,0.000647
32472,1,0.086703,0.000626
32473,1,0.086635,0.000605
32474,1,0.086567,0.000585
32475,1,0.086499,0.000565
32476,1,0.086431,0.000545
32477,1,0.086363,0.000526
32478,1,0.086296,0.000507
32479,1,0.086229,0.000488
32480,1,0.086161,0.000470
32481,1,0.086094,0.000452
32482,1,0.086027,0.000435
32483,1,0.085960,0.000418
32484,1,0.085893,0.000401
32485,1,0.085826,0.000385
32486,1,0.085760,0.000369
32487,1,0.085693,0.000354
32488,1,0.085627,0.000339
32489,1,0.085561,0.000324
32490,1,0.085495,0.000310
32491,1,0.085429,0.000297
32492,1,0.085363,0.000283
32493,1,0.085297,0.000271
32494,1,0.085231,0.000258
32495,1,0.085166,0.000246
32496,1,0.085100,0.000235
32497,1,0.085035,0.000224
32498,1,0.084970,0.000213
32499,1,0.084905,0.000203
32500,1,0.084840,0.000193
32501,1,0.084775,0.000183
32502,1,0.084710,0.000174
32503,1,0.084645,0.000165
32504,1,0.084581,0.000157
32505,1,0.084516,0.000149
32506,1,0.084452,0.000141
32507,1,0.084388,0.000133
32508,1,0.084324,0.000126
32509,1,0.084260,0.000119
32510,1,0.084196,0.000112
32511,1,0.084132,0.000105
32512,1,0.084068,0.000099
32513,1,0.084005,0.000092
32514,1,0.083941,0.000086
32515,1,0.083878,0.000081
32516,1,0.083815,0.000075
32517,1,0.083752,0.000070
32518,1,0.083689,0.000065
32519,1,0.083626,0.000060
32520,1,0.083563,0.000056
32521,1,0.083500,0.000052
32522,1,0.083438,0.000048
32523,1,0.083375,0.000044
32524,1,0.083313,0.000041
32525,1,0.083251,0.000037
32526,1,0.083189,0.000034
32527,1,0.083127,0.000032
32528,1,0.083065,0.000029
32529,1,0.083003,0.000027
32530,1,0.082941,0.000025
32531,1,0.082879,0.000023
32532,1,0.082818,0.000021
32533,1,0.082757,0.000019
32534,1,0.082695,0.000018
32535,1,0.082634,0.000016
32536,1,0.082573,0.000015
32537,1,0.082512,0.000014
32538,1,0.082451,0.000013
32539,1,0.082390,0.000012
32540,1,0.082330,0.000011
32541,1,0.082269,0.000010
32542,1,0.082208,0.000009
32543,1,0.082148,0.000009
32544,1,0.082088,0.000008
32545,1,0.082028,0.000008
32546,1,0.081967,0.000007
32547,1,0.081907,0.000007
32548,1,0.081848,0.000006
32549,1,0.081788,0.000006
32550,1,0.081728,0.000006
32551,1,0.081668,0.000005
32552,1,0.081609,0.000005
32553,1,0.081550,0.000005
32554,1,0.081490,0.000005
32555,1,0.081431,0.000004
32556,1,0.081372,0.000004
32557,1,0.081313,0.000004
32558,1,0.081254,0.000004
32559,1,0.081195,0.000004
32560,1,0.081136,0.000004
32561,1,0.081078,0.000003
32562,1,0.081019,0.000003
32563,1,0.080961,0.000003
32564,1,0.080902,0.000003
32565,1,0.080844,0.000003
32566,1,0.080786,0.000003
32567,1,0.080728,0.000003
32568,1,0.080670,0.000003
32569,1,0.080612,0.000003
32570,1,0.080554,0.000003
32571,1,0.080497,0.000002
32572,1,0.080439,0.000002
32573,1,0.080382,0.000002
32574,1,0.080324,0.000002
32575,1,0.080267,0.000002
32576,1,0.080210,0.000002
32577,1,0.080152,0.000002
32578,1,0.080095,0.000002
32579,1,0.080038,0.000002
32580,1,0.079982,0.000002
32581,1,0.079925,0.000002
32582,1,0.079868,0.000002
32583,1,0.079811,0.000002
32584,1,0.079755,0.000002
32585,1,0.079699,0.000002
32586,1,0.079642,0.000002
32587,1,0.079586,0.000001
32588,1,0.079530,0.000001
32589,1,0.079474,0.000001
32590,1,0.079418,0.000001
32591,1,0.079362,0.000001
32592,1,0.079306,0.000001
32593,1,0.079250,0.000001
32594,1,0.079195,0.000001
32595,1,0.079139,0.000001
32596,1,0.079084,0.000001
32597,1,0.079028,0.000001
32598,1,0.078973,0.000001
32599,1,0.078918,0.000001
32600,1,0.078863,0.000001
32601,1,0.078808,0.000001
32602,1,0.078753,0.000001
32603,1,0.078698,0.000001
32604,1,0.078643,0.000001
32605,1,0.078589,0.000001
32606,1,0.078534,0.000001
32607,1,0.078479,0.000001
32608,1,0.078425,0.000001
32609,1,0.078371,0.000001
32610,1,0.078316,0.000001
32611,1,0.078262,0.000001
32612,1,0.078208,0.000001
32613,1,0.078154,0.000000
32614,1,0.078100,0.000000
32615,1,0.078046,0.000000
32616,1,0.077993,0.000000
32617,1,0.077939,0.000000
32618,1,0.077885,0.000000
32619,1,0.077832,0.000000
32620,1,0.077778,0.000000
32621,1,0.077725,0.000000
32622,1,0.077672,0.000000
32623,1,0.077619,0.000000
32624,1,0.077565,0.000000
32625,1,0.077512,0.000000
32626,1,0.077459,0.000000
32627,1,0.077407,0.000000
32628,1,0.077354,0.000000
32629,1,0.077301,0.000000
32630,1,0.077248,0.000000
32631,1,0.077196,0.000000
32632,1,0.077143,0.000000
32633,1,0.077091,0.000000
32634,1,0.077039,0.000000
32635,1,0.076986,0.000000
32636,1,0.076934,0.000000
32637,1,0.076882,0.000000
32638,1,0.076830,0.000000
32639,1,0.076778,0.000000
32640,1,0.076726,0.000000
32641,1,0.076675,0.000000
32642,1,0.076623,0.000000
32643,1,0.076571,0.000000
32644,1,0.076520,0.000000
32645,1,0.076468,0.000000
32646,1,0.076417,0.000000
32647,1,0.076366,0.000000
32648,1,0.076314,0.000000
32649,1,0.076263,0.000000
32650,1,0.076212,0.000000
32651,1,0.076161,0.000000
32652,1,0.076110,0.000000
32653,1,0.076059,0.000000
32654,1,0.076009,0.000000
32655,1,0.075958,0.000000
32656,1,0.075907,0.000000
32657,1,0.075857,0.000000
32658,1,0.075806,0.000000
32659,1,0.075756,0.000000
32660,1,0.075705,0.000000
32661,1,0.075655,0.000000
32662,1,0.075605,0.000000
32663,1,0.075555,0.000000
32664,1,0.075505,0.000000
32665,1,0.075455,0.000000
32666,1,0.075405,0.000000
32667,1,0.075355,0.000000
32668,1,0.075305,0.000000
32669,1,0.075256,0.000000
32670,1,0.075206,0.000000
32671,1,0.075156,0.000000
32672,1,0.075107,0.000000
32673,1,0.075058,0.000000
32674,1,0.075008,0.000000
32675,1,0.074959,0.000000
32676,1,0.074910,0.000000
32677,1,0.074861,0.000000
32678,1,0.074812,0.000000
32679,1,0.074763,0.000000
32680,1,0.074714,0.000000
32681,1,0.074665,0.000000
32682,1,0.074616,0.000000
32683,1,0.074567,0.000000
32684,1,0.074519,0.000000
32685,1,0.074470,0.000000
32686,1,0.074422,0.000000
32687,1,0.074373,0.000000
32688,1,0.074325,0.000000
32689,1,0.074277,0.000000
32690,1,0.074228,0.000000
32691,1,0.074180,0.000000
32692,1,0.074132,0.000000
32693,1,0.074084,0.000000
32694,1,0.074036,0.000000
32695,1,0.073988,0.000000
32696,1,0.073941,0.000000
32697,1,0.073893,0.000000
32698,1,0.073845,0.000000
32699,1,0.073797,0.000000
32700,1,0.073750,0.000000
32701,1,0.073702,0.000000
32702,1,0.073655,0.000000
32703,1,0.073608,0.000000
32704,1,0.073560,0.000000
32705,1,0.073513,0.000000
32706,1,0.073466,0.000000
32707,1,0.073419,0.000000
32708,1,0.073372,0.000000
32709,1,0.073325,0.000000
32710,1,0.073278,0.000000
32711,1,0.073231,0.000000
32712,1,0.073184,0.000000
32713,1,0.073138,0.000000
32714,1,0.073091,0.000000
32715,1,0.073045,0.000000
32716,1,0.072998,0.000000
32717,1,0.072952,0.000000
32718,1,0.072905,0.000000
32719,1,0.072859,0.000000
32720,1,0.072813,0.000000
32721,1,0.072767,0.000000
32722,1,0.072720,0.000000
32723,1,0.072674,0.000000
32724,1,0.072628,0.000000
32725,1,0.072582,0.000000
32726,1,0.072537,0.000000
32727,1,0.072491,0.000000
32728,1,0.072445,0.000000
32729,1,0.072399,0.000000
32730,1,0.072354,0.000000
32731,1,0.072308,0.000000
32732,1,0.072263,0.000000
32733,1,0.072217,0.000000
32734,1,0.072172,0.000000
32735,1,0.072127,0.000000
32736,1,0.072081,0.000000
32737,1,0.072036,0.000000
32738,1,0.071991,0.000000
32739,1,0.071946,0.000000
32740,1,0.071901,0.000000
32741,1,0.071856,0.000000
32742,1,0.071811,0.000000
32743,1,0.071766,0.000000
32744,1,0.071721,0.000000
32745,1,0.071677,0.000000
32746,1,0.071632,0.000000
32747,1,0.071587,0.000000
32748,1,0.071543,0.000000
32749,1,0.071499,0.000000
32750,1,0.071454,0.000000
32751,1,0.071410,0.000000
32752,1,0.071365,0.000000
32753,1,0.071321,0.000000
32754,1,0.071277,0.000000
32755,1,0.071233,0.000000
32756,1,0.071189,0.000000
32757,1,0.071145,0.000000
32758,1,0.071101,0.000000
32759,1,0.071057,0.000000
32760,1,0.071013,0.000000
32761,1,0.070969,0.000000
32762,1,0.070926,0.000000
32763,1,0.070882,0.000000
32764,1,0.070839,0.000000
32765,1,0.070795,0.000000
32766,1,0.070751,0.000000
32767,1,0.070708,0.000000
32768,1,0.070665,0.000000
32769,1,0.070621,0.000000
32770,1,0.070578,0.000000
32771,1,0.070535,0.000000
32772,1,0.070492,0.000000
32773,1,0.070449,0.000000
32774,1,0.070406,0.000000
32775,1,0.070363,0.000000
32776,1,0.070320,0.000000
32777,1,0.070277,0.000000
32778,1,0.070234,0.000000
32779,1,0.070191,0.000000
32780,1,0.070149,0.000000
32781,1,0.070106,0.000000
32782,1,0.070063,0.000000
32783,1,0.070021,0.000000
32784,1,0.069978,0.000000
32785,1,0.069936,0.000000
32786,1,0.069894,0.000000
32787,1,0.069851,0.000000
32788,1,0.069809,0.000000
32789,1,0.069767,0.000000
32790,1,0.069725,0.000000
32791,1,0.069683,0.000000
32792,1,0.069641,0.000000
32793,1,0.069599,0.000000
32794,0,0.069557,0.000000
32795,0,0.069752,0.000000
32796,1,0.070160,0.000000
32797,1,0.070524,0.000000
32798,1,0.070850,0.000000
32799,1,0.071140,0.000000
32800,1,0.071398,0.000000
32801,1,0.071627,0.000000
32802,1,0.071830,0.000000
32803,1,0.072008,0.000000
32804,1,0.072166,0.000000
32805,1,0.072303,0.000000
32806,1,0.072424,0.000000
32807,1,0.072528,0.000125
32808,1,0.072618,0.000358
32809,1,0.072695,0.000649
32810,1,0.072760,0.000959
32811,1,0.072815,0.001266
32812,1,0.072861,0.001553
32813,1,0.072898,0.001814
32814,1,0.072927,0.002043
32815,1,0.072949,0.002240
32816,1,0.072965,0.002405
32817,1,0.072975,0.002541
32818,1,0.072980,0.002652
32819,1,0.072980,0.002740
32820,1,0.072976,0.002809
32821,1,0.072969,0.002862
32822,1,0.072957,0.002902
32823,1,0.072943,0.002932
32824,1,0.072926,0.002953
32825,1,0.072906,0.002969
32826,1,0.072884,0.002981
32827,1,0.072859,0.002990
32828,1,0.072833,0.002996
32829,1,0.072805,0.003001
32830,1,0.072775,0.003005
32831,1,0.072743,0.003009
32832,1,0.072711,0.003012
32833,1,0.072677,0.003016
32834,1,0.072642,0.003018
32835,1,0.072606,0.003021
32836,1,0.072569,0.003023
32837,1,0.072531,0.003024
32838,1,0.072492,0.003024
32839,1,0.072453,0.003022
32840,1,0.072413,0.003020
32841,1,0.072372,0.003015
32842,1,0.072331,0.003009
32843,1,0.072289,0.003000
32844,1,0.072247,0.002989
32845,1,0.072205,0.002976
32846,1,0.072162,0.002960
32847,1,0.072118,0.002941
32848,1,0.072075,0.002920
32849,1,0.072031,0.002896
32850,1,0.071987,0.002869
32851,1,0.071943,0.002840
32852,1,0.071898,0.002807
32853,1,0.071854,0.002773
32854,1,0.071809,0.002735
32855,1,0.071764,0.002696
32856,1,0.071719,0.002654
32857,1,0.071674,0.002610
32858,1,0.071629,0.002564
32859,1,0.071584,0.002515
32860,1,0.071538,0.002466
32861,1,0.071493,0.002414
32862,1,0.071448,0.002361
32863,1,0.071402,0.002307
32864,1,0.071357,0.002252
32865,1,0.071311,0.002196
32866,1,0.071266,0.002138
32867,1,0.071220,0.002081
32868,0,0.071175,0.001665
32869,1,0.071382,0.001332
32870,1,0.071565,0.001065
32871,1,0.071726,0.000852
32872,1,0.071866,0.000682
32873,1,0.071987,0.000545
32874,1,0.072093,0.000436
32875,1,0.072183,0.000349
32876,1,0.072260,0.000279
32877,1,0.072324,0.000223
32878,1,0.072378,0.000225
32879,1,0.072421,0.000338
32880,1,0.072456,0.000515
32881,1,0.072483,0.000721
32882,1,0.072502,0.000935
32883,1,0.072515,0.001141
32884,1,0.072522,0.001330
32885,1,0.072523,0.001498
32886,1,0.072520,0.001641
32887,1,0.072512,0.001759
32888,1,0.072501,0.001855
32889,1,0.072486,0.001928
32890,1,0.072468,0.001983
32891,1,0.072447,0.002021
32892,1,0.072423,0.002044
32893,1,0.072398,0.002056
32894,1,0.072370,0.002058
32895,1,0.072340,0.002053
32896,1,0.072308,0.002042
32897,1,0.072275,0.002027
32898,1,0.072241,0.002009
32899,1,0.072205,0.001988
32900,1,0.072169,0.001967
32901,1,0.072131,0.001945
32902,1,0.072092,0.001923
32903,1,0.072053,0.001902
32904,1,0.072012,0.001881
32905,1,0.071971,0.001861
32906,1,0.071930,0.001841
32907,1,0.071888,0.001822
32908,1,0.071845,0.001804
32909,1,0.071802,0.001787
32910,1,0.071759,0.001770
32911,1,0.071715,0.001754
32912,1,0.071671,0.001738
32913,1,0.071627,0.001721
32914,1,0.071583,0.001705
32915,1,0.071538,0.001689
32916,1,0.071493,0.001672
32917,1,0.071448,0.001655
32918,1,0.071403,0.001637
32919,1,0.071357,0.001619
32920,1,0.071312,0.001600
32921,1,0.071266,0.001580
32922,1,0.071221,0.001560
32923,1,0.071175,0.001538
32924,1,0.071129,0.001516
32925,1,0.071083,0.001493
32926,1,0.071037,0.001469
32927,1,0.070992,0.001444
32928,1,0.070946,0.001418
32929,1,0.070900,0.001392
32930,1,0.070854,0.001365
32931,1,0.070808,0.001337
32932,1,0.070762,0.001308
32933,1,0.070716,0.001279
32934,1,0.070670,0.001250
32935,1,0.070625,0.001220
32936,1,0.070579,0.001189
32937,1,0.070533,0.001158
32938,1,0.070487,0.001127
32939,1,0.070442,0.001096
32940,1,0.070396,0.001065
32941,1,0.070350,0.001033
32942,1,0.070305,0.001001
32943,1,0.070259,0.000970
32944,1,0.070214,0.000939
32945,1,0.070168,0.000907
32946,1,0.070123,0.000877
32947,1,0.070078,0.000846
32948,1,0.070032,0.000815
32949,1,0.069987,0.000785
32950,1,0.069942,0.000756
32951,1,0.069897,0.000727
32952,1,0.069852,0.000698
32953,1,0.069807,0.000670
32954,1,0.069762,0.000642
32955,1,0.069717,0.000615
32956,1,0.069672,0.000589
32957,1,0.069627,0.000563
32958,1,0.069583,0.000537
32959,1,0.069538,0.000512
32960,1,0.069493,0.000487
32961,1,0.069449,0.000462
32962,1,0.069404,0.000437
32963,1,0.069360,0.000412
32964,1,0.069316,0.000388
32965,1,0.069271,0.000365
32966,1,0.069227,0.000342
32967,1,0.069183,0.000320
32968,1,0.069139,0.000299
32969,1,0.069095,0.000278
32970,1,0.069051,0.000259
32971,1,0.069007,0.000240
32972,1,0.068963,0.000223
32973,1,0.068919,0.000206
32974,1,0.068875,0.000191
32975,1,0.068832,0.000176
32976,1,0.068788,0.000163
32977,1,0.068744,0.000150
32978,1,0.068701,0.000138
32979,1,0.068657,0.000128
32980,1,0.068614,0.000118
32981,1,0.068571,0.000108
32982,1,0.068527,0.000100
32983,1,0.068484,0.000092
32984,1,0.068441,0.000085
32985,1,0.068398,0.000078
32986,1,0.068355,0.000072
32987,1,0.068312,0.000067
32988,1,0.068269,0.000062
32989,1,0.068226,0.000057
32990,1,0.068183,0.000053
32991,1,0.068140,0.000050
32992,1,0.068098,0.000046
32993,1,0.068055,0.000043
32994,1,0.068012,0.000041
32995,1,0.067970,0.000038
32996,1,0.067927,0.000036
32997,1,0.067885,0.000034
32998,1,0.067843,0.000032
32999,1,0.067800,0.000030
33000,1,0.067758,0.000029
33001,1,0.067716,0.000027
33002,1,0.067674,0.000026
33003,1,0.067632,0.000025
33004,1,0.067590,0.000024
33005,1,0.067548,0.000023
33006,1,0.067506,0.000022
33007,1,0.067464,0.000021
33008,1,0.067422,0.000021
33009,1,0.067380,0.000020
33010,1,0.067339,0.000019
33011,1,0.067297,0.000019
33012,1,0.067255,0.000018
33013,1,0.067214,0.000018
33014,1,0.067172,0.000017
33015,1,0.067131,0.000016
33016,1,0.067090,0.000016
33017,1,0.067048,0.000016
33018,1,0.067007,0.000015
33019,1,0.066966,0.000015
33020,1,0.066925,0.000014
33021,1,0.066884,0.000014
33022,1,0.066843,0.000013
33023,1,0.066802,0.000013
33024,1,0.066761,0.000013
33025,1,0.066720,0.000012
33026,1,0.066679,0.000012
33027,1,0.066638,0.000011
33028,1,0.066598,0.000011
33029,1,0.066557,0.000011
33030,1,0.066516,0.000010
33031,1,0.066476,0.000010
33032,1,0.066435,0.000010
33033,1,0.066395,0.000009
33034,1,0.066354,0.000009
33035,1,0.066314,0.000009
33036,1,0.066274,0.000008
33037,1,0.066233,0.000008
33038,1,0.066193,0.000008
33039,1,0.066153,0.000007
33040,1,0.066113,0.000007
33041,1,0.066073,0.000007
33042,1,0.066033,0.000006
33043,1,0.065993,0.000006
33044,1,0.065953,0.000006
33045,1,0.065913,0.000005
33046,1,0.065874,0.000005
33047,1,0.065834,0.000005
33048,1,0.065794,0.000005
33049,1,0.065755,0.000004
33050,1,0.065715,0.000004
33051,1,0.065675,0.000004
33052,1,0.065636,0.000004
33053,1,0.065597,0.000003
33054,1,0.065557,0.000003
33055,1,0.065518,0.000003
33056,1,0.065479,0.000003
33057,1,0.065439,0.000002
33058,1,0.065400,0.000002
33059,1,0.065361,0.000002
33060,1,0.065322,0.000002
33061,1,0.065283,0.000002
33062,1,0.065244,0.000002
33063,1,0.065205,0.000002
33064,1,0.065166,0.000001
33065,1,0.065127,0.000001
33066,1,0.065089,0.000001
33067,1,0.065050,0.000001
33068,1,0.065011,0.000001
33069,1,0.064972,0.000001
33070,1,0.064934,0.000001
33071,1,0.064895,0.000001
33072,1,0.064857,0.000001
33073,1,0.064818,0.000001
33074,1,0.064780,0.000001
33075,1,0.064742,0.000001
33076,1,0.064703,0.000001
33077,1,0.064665,0.000001
33078,1,0.064627,0.000000
33079,1,0.064589,0.000000
33080,1,0.064551,0.000000
33081,1,0.064513,0.000000
33082,1,0.064475,0.000000
33083,1,0.064437,0.000000
33084,1,0.064399,0.000000
33085,1,0.064361,0.000000
33086,1,0.064323,0.000000
33087,1,0.064285,0.000000
33088,1,0.064248,0.000000
33089,1,0.064210,0.000000
33090,1,0.064172,0.000000
33091,1,0.064135,0.000000
33092,1,0.064097,0.000000
33093,1,0.064060,0.000000
33094,1,0.064022,0.000000
33095,1,0.063985,0.000000
33096,1,0.063947,0.000000
33097,1,0.063910,0.000000
33098,1,0.063873,0.000000
33099,1,0.063835,0.000000
33100,1,0.063798,0.000000
33101,1,0.063761,0.000000
33102,1,0.063724,0.000000
33103,1,0.063687,0.000000
33104,1,0.063650,0.000000
33105,1,0.063613,0.000000
33106,1,0.063576,0.000000
33107,1,0.063539,0.000000
33108,1,0.063503,0.000000
33109,1,0.063466,0.000000
33110,1,0.063429,0.000000
33111,1,0.063392,0.000000
33112,1,0.063356,0.000000
33113,1,0.063319,0.000000
33114,1,0.063283,0.000000
33115,1,0.063246,0.000000
33116,1,0.063210,0.000000
33117,1,0.063173,0.000000
33118,1,0.063137,0.000000
33119,1,0.063100,0.000000
33120,1,0.063064,0.000000
33121,1,0.063028,0.000000
33122,1,0.062992,0.000000
33123,1,0.062956,0.000000
33124,1,0.062919,0.000000
33125,1,0.062883,0.000000
33126,1,0.062847,0.000000
33127,1,0.062811,0.000000
33128,1,0.062775,0.000000
33129,1,0.062739,0.000000
33130,1,0.062704,0.000000
33131,1,0.062668,0.000000
33132,1,0.062632,0.000000
33133,1,0.062596,0.000000
33134,1,0.062561,0.000000
33135,1,0.062525,0.000000
33136,1,0.062489,0.000000
33137,1,0.062454,0.000000
33138,1,0.062418,0.000000
33139,1,0.062383,0.000000
33140,1,0.062347,0.000000
33141,1,0.062312,0.000000
33142,1,0.062277,0.000000
33143,1,0.062241,0.000000
33144,1,0.062206,0.000000
33145,1,0.062171,0.000000
33146,1,0.062136,0.000000
33147,1,0.062100,0.000000
33148,1,0.062065,0.000000
33149,1,0.062030,0.000000
33150,1,0.061995,0.000000
33151,1,0.061960,0.000000
33152,1,0.061925,0.000000
33153,1,0.061890,0.000000
33154,1,0.061856,0.000000
33155,1,0.061821,0.000000
33156,1,0.061786,0.000000
33157,1,0.061751,0.000000
33158,1,0.061717,0.000000
33159,1,0.061682,0.000000
33160,1,0.061647,0.000000
33161,1,0.061613,0.000000
33162,1,0.061578,0.000000
33163,1,0.061544,0.000000
33164,1,0.061509,0.000000
33165,1,0.061475,0.000000
33166,1,0.061440,0.000000
33167,1,0.061406,0.000000
33168,1,0.061372,0.000000
33169,1,0.061338,0.000000
33170,1,0.061303,0.000000
33171,1,0.061269,0.000000
33172,1,0.061235,0.000000
33173,1,0.061201,0.000000
33174,1,0.061167,0.000000
33175,1,0.061133,0.000000
33176,1,0.061099,0.000000
33177,1,0.061065,0.000000
33178,1,0.061031,0.000000
33179,1,0.060997,0.000000
33180,1,0.060963,0.000000
33181,1,0.060929,0.000000
33182,1,0.060896,0.000000
33183,1,0.060862,0.000000
33184,1,0.060828,0.000000
33185,1,0.060795,0.000000
33186,1,0.060761,0.000000
33187,1,0.060727,0.000000
33188,1,0.060694,0.000000
33189,1,0.060660,0.000000
33190,1,0.060627,0.000000
33191,1,0.060594,0.000000
33192,1,0.060560,0.000000
33193,1,0.060527,0.000000
33194,1,0.060494,0.000000
33195,1,0.060460,0.000000
33196,1,0.060427,0.000000
33197,1,0.060394,0.000000
33198,1,0.060361,0.000000
33199,1,0.060328,0.000000
33200,1,0.060295,0.000000
33201,1,0.060262,0.000000
33202,1,0.060229,0.000000
33203,1,0.060196,0.000000
33204,1,0.060163,0.000000
33205,1,0.060130,0.000000
33206,1,0.060097,0.000000
33207,1,0.060064,0.000000
33208,1,0.060031,0.000000
33209,1,0.059999,0.000000
33210,1,0.059966,0.000000
33211,1,0.059933,0.000000
33212,1,0.059901,0.000000
33213,1,0.059868,0.000000
33214,1,0.059835,0.000000
33215,1,0.059803,0.000000
33216,1,0.059770,0.000000
33217,1,0.059738,0.000000
33218,1,0.059706,0.000000
33219,1,0.059673,0.000000
33220,1,0.059641,0.000000
33221,1,0.059608,0.000000
33222,1,0.059576,0.000000
33223,1,0.059544,0.000000
33224,1,0.059512,0.000000
33225,1,0.059480,0.000000
33226,1,0.059447,0.000000
33227,1,0.059415,0.000000
33228,1,0.059383,0.000000
33229,1,0.059351,0.000000
33230,1,0.059319,0.000000
33231,1,0.059287,0.000000
33232,1,0.059255,0.000000
33233,1,0.059224,0.000000
33234,1,0.059192,0.000000
33235,1,0.059160,0.000000
33236,1,0.059128,0.000000
33237,1,0.059096,0.000000
33238,1,0.059065,0.000000
33239,1,0.059033,0.000000
33240,1,0.059001,0.000000
33241,1,0.058970,0.000000
33242,1,0.058938,0.000000
33243,1,0.058907,0.000000
33244,1,0.058875,0.000000
33245,1,0.058844,0.000000
33246,1,0.058812,0.000000
33247,1,0.058781,0.000000
33248,1,0.058749,0.000000
33249,1,0.058718,0.000000
33250,1,0.058687,0.000000
33251,1,0.058655,0.000000
33252,1,0.058624,0.000000
33253,1,0.058593,0.000000
33254,1,0.058562,0.000000
33255,1,0.058531,0.000000
33256,1,0.058500,0.000000
33257,1,0.058469,0.000000
33258,1,0.058437,0.000000
33259,1,0.058406,0.000000
33260,1,0.058375,0.000000
33261,1,0.058345,0.000000
33262,1,0.058314,0.000000
33263,1,0.058283,0.000000
33264,1,0.058252,0.000000
33265,1,0.058221,0.000000
33266,1,0.058190,0.000000
33267,1,0.058160,0.000000
33268,1,0.058129,0.000000
33269,1,0.058098,0.000000
33270,1,0.058068,0.000000
33271,1,0.058037,0.000000
33272,1,0.058006,0.000000
33273,1,0.057976,0.000000
33274,1,0.057945,0.000000
33275,1,0.057915,0.000000
33276,1,0.057884,0.000000
33277,1,0.057854,0.000000
33278,1,0.057824,0.000000
33279,1,0.057793,0.000000
33280,1,0.057763,0.000000
33281,1,0.057733,0.000000
33282,1,0.057702,0.000000
33283,1,0.057672,0.000000
33284,1,0.057642,0.000000
33285,1,0.057612,0.000000
33286,1,0.057582,0.000000
33287,1,0.057552,0.000000
33288,1,0.057521,0.000000
33289,1,0.057491,0.000000
33290,1,0.057461,0.000000
33291,1,0.057431,0.000000
33292,1,0.057402,0.000000
33293,1,0.057372,0.000000
33294,1,0.057342,0.000000
33295,1,0.057312,0.000000
33296,1,0.057282,0.000000
33297,1,0.057252,0.000000
33298,1,0.057223,0.000000
33299,1,0.057193,0.000000
33300,1,0.057163,0.000000
33301,1,0.057133,0.000000
33302,1,0.057104,0.000000
33303,1,0.057074,0.000000
33304,1,0.057045,0.000000
33305,1,0.057015,0.000000
33306,1,0.056986,0.000000
33307,1,0.056956,0.000000
33308,1,0.056927,0.000000
33309,1,0.056897,0.000000
33310,1,0.056868,0.000000
33311,1,0.056838,0.000000
33312,1,0.056809,0.000000
33313,1,0.056780,0.000000
33314,1,0.056751,0.000000
33315,1,0.056721,0.000000
33316,1,0.056692,0.000000
33317,1,0.056663,0.000000
33318,1,0.056634,0.000000
33319,1,0.056605,0.000000
33320,1,0.056576,0.000000
33321,1,0.056547,0.000000
33322,1,0.056518,0.000000
33323,1,0.056489,0.000000
33324,1,0.056460,0.000000
33325,1,0.056431,0.000000
33326,1,0.056402,0.000000
33327,1,0.056373,0.000000
33328,1,0.056344,0.000000
33329,1,0.056315,0.000000
33330,1,0.056286,0.000000
33331,1,0.056258,0.000000
33332,1,0.056229,0.000000
33333,1,0.056200,0.000000
33334,1,0.056171,0.000000
33335,1,0.056143,0.000000
33336,1,0.056114,0.000000
33337,1,0.056086,0.000000
33338,1,0.056057,0.000000
33339,1,0.056028,0.000000
33340,1,0.056000,0.000000
33341,1,0.055971,0.000000
33342,1,0.055943,0.000000
33343,1,0.055915,0.000000
33344,1,0.055886,0.000000
33345,1,0.055858,0.000000
33346,1,0.055830,0.000000
33347,1,0.055801,0.000000
33348,1,0.055773,0.000000
33349,1,0.055745,0.000000
33350,1,0.055716,0.000000
33351,1,0.055688,0.000000
33352,1,0.055660,0.000000
33353,1,0.055632,0.000000
33354,1,0.055604,0.000000
33355,1,0.055576,0.000000
33356,1,0.055548,0.000000
33357,1,0.055520,0.000000
33358,1,0.055492,0.000000
33359,1,0.055464,0.000000
33360,1,0.055436,0.000000
33361,1,0.055408,0.000000
33362,1,0.055380,0.000000
33363,1,0.055352,0.000000
33364,1,0.055324,0.000000
33365,1,0.055297,0.000000
33366,1,0.055269,0.000000
33367,1,0.055241,0.000000
33368,1,0.055213,0.000000
33369,1,0.055186,0.000000
33370,1,0.055158,0.000000
33371,1,0.055130,0.000000
33372,1,0.055103,0.000000
33373,1,0.055075,0.000000
33374,1,0.055047,0.000000
33375,1,0.055020,0.000000
33376,1,0.054992,0.000000
33377,1,0.054965,0.000000
33378,1,0.054938,0.000000
33379,1,0.054910,0.000000
33380,1,0.054883,0.000000
33381,1,0.054855,0.000000
33382,1,0.054828,0.000000
33383,1,0.054801,0.000000
33384,1,0.054773,0.000000
33385,1,0.054746,0.000000
33386,1,0.054719,0.000000
33387,1,0.054692,0.000000
33388,1,0.054664,0.000000
33389,1,0.054637,0.000000
33390,1,0.054610,0.000000
33391,1,0.054583,0.000000
33392,1,0.054556,0.000000
33393,1,0.054529,0.000000
33394,1,0.054502,0.000000
33395,1,0.054475,0.000000
33396,1,0.054448,0.000000
33397,1,0.054421,0.000000
33398,1,0.054394,0.000000
33399,1,0.054367,0.000000
33400,1,0.054340,0.000000
33401,1,0.054313,0.000000
33402,1,0.054287,0.000000
33403,1,0.054260,0.000000
33404,1,0.054233,0.000000
33405,1,0.054206,0.000000
33406,1,0.054180,0.000000
33407,1,0.054153,0.000000
33408,1,0.054126,0.000000
33409,1,0.054100,0.000000
33410,1,0.054073,0.000000
33411,1,0.054046,0.000000
33412,1,0.054020,0.000000
33413,1,0.053993,0.000000
33414,1,0.053967,0.000000
33415,1,0.053940,0.000000
33416,1,0.053914,0.000000
33417,1,0.053887,0.000000
33418,1,0.053861,0.000000
33419,1,0.053835,0.000000
33420,1,0.053808,0.000000
33421,1,0.053782,0.000000
33422,1,0.053756,0.000000
33423,1,0.053729,0.000000
33424,1,0.053703,0.000000
33425,1,0.053677,0.000000
33426,1,0.053651,0.000000
33427,1,0.053624,0.000000
33428,1,0.053598,0.000000
33429,1,0.053572,0.000000
33430,1,0.053546,0.000000
33431,1,0.053520,0.000000
33432,1,0.053494,0.000000
33433,1,0.053468,0.000000
33434,1,0.053442,0.000000
33435,1,0.053416,0.000000
33436,1,0.053390,0.000000
33437,1,0.053364,0.000000
33438,1,0.053338,0.000000
33439,1,0.053312,0.000000
33440,1,0.053286,0.000000
33441,1,0.053260,0.000000
33442,1,0.053235,0.000000
33443,1,0.053209,0.000000
33444,1,0.053183,0.000000
33445,1,0.053157,0.000000
33446,1,0.053132,0.000000
33447,1,0.053106,0.000000
33448,1,0.053080,0.000000
33449,1,0.053055,0.000000
33450,1,0.053029,0.000000
33451,1,0.053003,0.000000
33452,1,0.052978,0.000000
33453,1,0.052952,0.000000
33454,1,0.052927,0.000000
33455,1,0.052901,0.000000
33456,1,0.052876,0.000000
33457,1,0.052850,0.000000
33458,1,0.052825,0.000000
33459,1,0.052799,0.000000
33460,1,0.052774,0.000000
33461,1,0.052749,0.000000
33462,1,0.052723,0.000000
33463,1,0.052698,0.000000
33464,1,0.052673,0.000000
33465,1,0.052647,0.000000
33466,1,0.052622,0.000000
33467,1,0.052597,0.000000
33468,1,0.052572,0.000000
33469,1,0.052546,0.000000
33470,1,0.052521,0.000000
33471,1,0.052496,0.000000
33472,1,0.052471,0.000000
33473,1,0.052446,0.000000
33474,1,0.052421,0.000000
33475,1,0.052396,0.000000
33476,1,0.052371,0.000000
33477,1,0.052346,0.000000
33478,1,0.052321,0.000000
33479,1,0.052296,0.000000
33480,1,0.052271,0.000000
33481,1,0.052246,0.000000
33482,1,0.052221,0.000000
33483,1,0.052196,0.000000
33484,1,0.052172,0.000000
33485,1,0.052147,0.000000
33486,1,0.052122,0.000000
33487,1,0.052097,0.000000
33488,1,0.052072,0.000000
33489,1,0.052048,0.000000
33490,1,0.052023,0.000000
33491,1,0.051998,0.000000
33492,1,0.051974,0.000000
33493,1,0.051949,0.000000
33494,1,0.051924,0.000000
33495,1,0.051900,0.000000
33496,1,0.051875,0.000000
33497,1,0.051851,0.000000
33498,1,0.051826,0.000000
33499,1,0.051802,0.000000
33500,1,0.051777,0.000000
33501,1,0.051753,0.000000
33502,1,0.051728,0.000000
33503,1,0.051704,0.000000
33504,1,0.051679,0.000000
33505,1,0.051655,0.000000
33506,1,0.051631,0.000000
33507,1,0.051606,0.000000
33508,1,0.051582,0.000000
33509,1,0.051558,0.000000
33510,1,0.051534,0.000000
33511,1,0.051509,0.000000
33512,1,0.051485,0.000000
33513,1,0.051461,0.000000
33514,1,0.051437,0.000000
33515,1,0.051413,0.000000
33516,1,0.051388,0.000000
33517,1,0.051364,0.000000
33518,1,0.051340,0.000000
33519,1,0.051316,0.000000
33520,1,0.051292,0.000000
33521,1,0.051268,0.000000
33522,1,0.051244,0.000000
33523,1,0.051220,0.000000
33524,1,0.051196,0.000000
33525,1,0.051172,0.000000
33526,1,0.051148,0.000000
33527,1,0.051124,0.000000
33528,1,0.051101,0.000000
33529,1,0.051077,0.000000
33530,1,0.051053,0.000000
33531,1,0.051029,0.000000
33532,1,0.051005,0.000000
33533,1,0.050981,0.000000
33534,1,0.050958,0.000000
33535,1,0.050934,0.000000
33536,1,0.050910,0.000000
33537,1,0.050887,0.000000
33538,1,0.050863,0.000000
33539,1,0.050839,0.000000
33540,1,0.050816,0.000000
33541,1,0.050792,0.000000
33542,1,0.050768,0.000000
33543,1,0.050745,0.000000
33544,1,0.050721,0.000000
33545,1,0.050698,0.000000
33546,1,0.050674,0.000000
33547,1,0.050651,0.000000
33548,1,0.050627,0.000000
33549,1,0.050604,0.000000
33550,1,0.050581,0.000000
33551,1,0.050557,0.000000
33552,1,0.050534,0.000000
33553,1,0.050510,0.000000
33554,1,0.050487,0.000000
33555,1,0.050464,0.000000
33556,1,0.050440,0.000000
33557,1,0.050417,0.000000
33558,1,0.050394,0.000000
33559,1,0.050371,0.000000
33560,1,0.050347,0.000000
33561,1,0.050324,0.000000
33562,1,0.050301,0.000000
33563,1,0.050278,0.000000
33564,1,0.050255,0.000000
33565,1,0.050232,0.000000
33566,1,0.050209,0.000000
33567,1,0.050185,0.000000
33568,1,0.050162,0.000000
33569,1,0.050139,0.000000
33570,1,0.050116,0.000000
33571,1,0.050093,0.000000
33572,1,0.050070,0.000000
33573,1,0.050047,0.000000
33574,1,0.050024,0.000000
33575,1,0.050002,0.000000
33576,1,0.049979,0.000000
33577,1,0.049956,0.000000
33578,1,0.049933,0.000000
33579,1,0.049910,0.000000
33580,1,0.049887,0.000000
33581,1,0.049864,0.000000
33582,1,0.049842,0.000000
33583,1,0.049819,0.000000
33584,1,0.049796,0.000000
33585,1,0.049773,0.000000
33586,1,0.049751,0.000000
33587,1,0.049728,0.000000
33588,1,0.049705,0.000000
33589,1,0.049683,0.000000
33590,1,0.049660,0.000000
33591,1,0.049637,0.000000
33592,1,0.049615,0.000000
33593,1,0.049592,0.000000
33594,1,0.049570,0.000000
33595,1,0.049547,0.000000
33596,1,0.049525,0.000000
33597,1,0.049502,0.000000
33598,1,0.049480,0.000000
33599,1,0.049457,0.000000
33600,1,0.049435,0.000000
33601,1,0.049412,0.000000
33602,1,0.049390,0.000000
33603,1,0.049368,0.000000
33604,1,0.049345,0.000000
33605,1,0.049323,0.000000
33606,1,0.049301,0.000000
33607,1,0.049278,0.000000
33608,1,0.049256,0.000000
33609,1,0.049234,0.000000
33610,1,0.049212,0.000000
33611,1,0.049189,0.000000
33612,1,0.049167,0.000000
33613,1,0.049145,0.000000
33614,1,0.049123,0.000000
33615,1,0.049101,0.000000
33616,1,0.049078,0.000000
33617,1,0.049056,0.000000
33618,1,0.049034,0.000000
33619,1,0.049012,0.000000
33620,1,0.048990,0.000000
33621,1,0.048968,0.000000
33622,1,0.048946,0.000000
33623,1,0.048924,0.000000
33624,1,0.048902,0.000000
33625,1,0.048880,0.000000
33626,1,0.048858,0.000000
33627,1,0.048836,0.000000
33628,1,0.048814,0.000000
33629,1,0.048792,0.000000
33630,1,0.048770,0.000000
33631,1,0.048749,0.000000
33632,1,0.048727,0.000000
33633,1,0.048705,0.000000
33634,1,0.048683,0.000000
33635,1,0.048661,0.000000
33636,1,0.048640,0.000000
33637,1,0.048618,0.000000
33638,1,0.048596,0.000000
33639,1,0.048574,0.000000
33640,1,0.048553,0.000000
33641,1,0.048531,0.000000
33642,1,0.048509,0.000000
33643,1,0.048488,0.000000
33644,1,0.048466,0.000000
33645,1,0.048444,0.000000
33646,1,0.048423,0.000000
33647,1,0.048401,0.000000
33648,1,0.048380,0.000000
33649,1,0.048358,0.000000
33650,1,0.048337,0.000000
33651,1,0.048315,0.000000
33652,1,0.048294,0.000000
33653,1,0.048272,0.000000
33654,1,0.048251,0.000000
33655,1,0.048229,0.000000
33656,1,0.048208,0.000000
33657,1,0.048187,0.000000
33658,1,0.048165,0.000000
33659,1,0.048144,0.000000
33660,1,0.048122,0.000000
33661,1,0.048101,0.000000
33662,1,0.048080,0.000000
33663,1,0.048058,0.000000
33664,1,0.048037,0.000000
33665,1,0.048016,0.000000
33666,1,0.047995,0.000000
33667,1,0.047973,0.000000
33668,1,0.047952,0.000000
33669,1,0.047931,0.000000
33670,1,0.047910,0.000000
33671,1,0.047889,0.000000
33672,1,0.047868,0.000000
33673,1,0.047846,0.000000
33674,1,0.047825,0.000000
33675,1,0.047804,0.000000
33676,1,0.047783,0.000000
33677,1,0.047762,0.000000
33678,1,0.047741,0.000000
33679,1,0.047720,0.000000
33680,1,0.047699,0.000000
33681,1,0.047678,0.000000
33682,1,0.047657,0.000000
33683,1,0.047636,0.000000
33684,1,0.047615,0.000000
33685,1,0.047594,0.000000
33686,1,0.047573,0.000000
33687,1,0.047553,0.000000
33688,1,0.047532,0.000000
33689,1,0.047511,0.000000
33690,1,0.047490,0.000000
33691,1,0.047469,0.000000
33692,1,0.047448,0.000000
33693,1,0.047428,0.000000
33694,1,0.047407,0.000000
33695,1,0.047386,0.000000
33696,1,0.047365,0.000000
33697,1,0.047345,0.000000
33698,1,0.047324,0.000000
33699,1,0.047303,0.000000
33700,1,0.047283,0.000000
33701,1,0.047262,0.000000
33702,1,0.047241,0.000000
33703,1,0.047221,0.000000
33704,1,0.047200,0.000000
33705,1,0.047179,0.000000
33706,1,0.047159,0.000000
33707,1,0.047138,0.000000
33708,1,0.047118,0.000000
33709,1,0.047097,0.000000
33710,1,0.047077,0.000000
33711,1,0.047056,0.000000
33712,1,0.047036,0.000000
33713,1,0.047015,0.000000
33714,1,0.046995,0.000000
33715,1,0.046974,0.000000
33716,1,0.046954,0.000000
33717,1,0.046934,0.000000
33718,1,0.046913,0.000000
33719,1,0.046893,0.000000
33720,1,0.046873,0.000000
33721,1,0.046852,0.000000
33722,1,0.046832,0.000000
33723,1,0.046812,0.000000
33724,1,0.046791,0.000000
33725,1,0.046771,0.000000
33726,1,0.046751,0.000000
33727,1,0.046731,0.000000
33728,1,0.046710,0.000000
33729,1,0.046690,0.000000
33730,1,0.046670,0.000000
33731,1,0.046650,0.000000
33732,1,0.046630,0.000000
33733,1,0.046610,0.000000
33734,1,0.046589,0.000000
33735,1,0.046569,0.000000
33736,1,0.046549,0.000000
33737,1,0.046529,0.000000
33738,1,0.046509,0.000000
33739,1,0.046489,0.000000
33740,1,0.046469,0.000000
33741,1,0.046449,0.000000
33742,1,0.046429,0.000000
33743,1,0.046409,0.000000
33744,1,0.046389,0.000000
33745,1,0.046369,0.000000
33746,1,0.046349,0.000000
33747,1,0.046329,0.000000
33748,1,0.046309,0.000000
33749,1,0.046289,0.000000
33750,1,0.046270,0.000000
33751,1,0.046250,0.000000
33752,1,0.046230,0.000000
33753,1,0.046210,0.000000
33754,1,0.046190,0.000000
33755,1,0.046170,0.000000
33756,1,0.046151,0.000000
33757,1,0.046131,0.000000
33758,1,0.046111,0.000000
33759,1,0.046091,0.000000
33760,1,0.046072,0.000000
33761,1,0.046052,0.000000
33762,1,0.046032,0.000000
33763,1,0.046013,0.000000
33764,1,0.045993,0.000000
33765,1,0.045973,0.000000
33766,1,0.045954,0.000000
33767,1,0.045934,0.000000
33768,1,0.045914,0.000000
33769,1,0.045895,0.000000
33770,1,0.045875,0.000000
33771,1,0.045856,0.000000
33772,1,0.045836,0.000000
33773,1,0.045817,0.000000
33774,1,0.045797,0.000000
33775,1,0.045778,0.000000
33776,1,0.045758,0.000000
33777,1,0.045739,0.000000
33778,1,0.045719,0.000000
33779,1,0.045700,0.000000
33780,1,0.045680,0.000000
33781,1,0.045661,0.000000
33782,1,0.045642,0.000000
33783,1,0.045622,0.000000
33784,1,0.045603,0.000000
33785,1,0.045584,0.000000
33786,1,0.045564,0.000000
33787,1,0.045545,0.000000
33788,1,0.045526,0.000000
33789,1,0.045506,0.000000
33790,1,0.045487,0.000000
33791,1,0.045468,0.000000
33792,1,0.045448,0.000000
33793,1,0.045429,0.000000
33794,1,0.045410,0.000000
33795,1,0.045391,0.000000
33796,1,0.045372,0.000000
33797,1,0.045352,0.000000
33798,1,0.045333,0.000000
33799,1,0.045314,0.000000
33800,1,0.045295,0.000000
33801,1,0.045276,0.000000
33802,1,0.045257,0.000000
33803,1,0.045238,0.000000
33804,1,0.045219,0.000000
33805,1,0.045200,0.000000
33806,1,0.045181,0.000000
33807,1,0.045162,0.000000
33808,1,0.045143,0.000000
33809,1,0.045124,0.000000
33810,1,0.045105,0.000000
33811,1,0.045086,0.000000
33812,1,0.045067,0.000000
33813,1,0.045048,0.000000
33814,1,0.045029,0.000000
33815,1,0.045010,0.000000
33816,1,0.044991,0.000000
33817,1,0.044972,0.000000
33818,1,0.044953,0.000000
33819,1,0.044934,0.000000
33820,1,0.044915,0.000000
33821,1,0.044897,0.000000
33822,1,0.044878,0.000000
33823,1,0.044859,0.000000
33824,1,0.044840,0.000000
33825,1,0.044821,0.000000
33826,1,0.044803,0.000000
33827,1,0.044784,0.000000
33828,1,0.044765,0.000000
33829,1,0.044746,0.000000
33830,1,0.044728,0.000000
33831,1,0.044709,0.000000
33832,1,0.044690,0.000000
33833,1,0.044672,0.000000
33834,1,0.044653,0.000000
33835,1,0.044634,0.000000
33836,1,0.044616,0.000000
33837,1,0.044597,0.000000
33838,1,0.044579,0.000000
33839,1,0.044560,0.000000
33840,1,0.044541,0.000000
33841,1,0.044523,0.000000
33842,1,0.044504,0.000000
33843,1,0.044486,0.000000
33844,1,0.044467,0.000000
33845,1,0.044449,0.000000
33846,1,0.044430,0.000000
33847,1,0.044412,0.000000
33848,1,0.044393,0.000000
33849,1,0.044375,0.000000
33850,1,0.044357,0.000000
33851,1,0.044338,0.000000
33852,1,0.044320,0.000000
33853,1,0.044301,0.000000
33854,1,0.044283,0.000000
33855,1,0.044265,0.000000
33856,1,0.044246,0.000000
33857,1,0.044228,0.000000
33858,1,0.044210,0.000000
33859,1,0.044191,0.000000
33860,1,0.044173,0.000000
33861,1,0.044155,0.000000
33862,1,0.044136,0.000000
33863,1,0.044118,0.000000
33864,1,0.044100,0.000000
33865,1,0.044082,0.000000
33866,1,0.044063,0.000000
33867,1,0.044045,0.000000
33868,1,0.044027,0.000000
33869,1,0.044009,0.000000
33870,1,0.043991,0.000000
33871,1,0.043973,0.000000
33872,1,0.043954,0.000000
33873,1,0.043936,0.000000
33874,1,0.043918,0.000000
33875,1,0.043900,0.000000
33876,1,0.043882,0.000000
33877,1,0.043864,0.000000
33878,1,0.043846,0.000000
33879,1,0.043828,0.000000
33880,1,0.043810,0.000000
33881,1,0.043792,0.000000
33882,1,0.043774,0.000000
33883,1,0.043756,0.000000
33884,1,0.043738,0.000000
33885,1,0.043720,0.000000
33886,1,0.043702,0.000000
33887,1,0.043684,0.000000
33888,1,0.043666,0.000000
33889,1,0.043648,0.000000
33890,1,0.043630,0.000000
33891,1,0.043612,0.000000
33892,1,0.043594,0.000000
33893,1,0.043576,0.000000
33894,1,0.043559,0.000000
33895,1,0.043541,0.000000
33896,1,0.043523,0.000000
33897,1,0.043505,0.000000
33898,1,0.043487,0.000000
33899,1,0.043470,0.000000
33900,1,0.043452,0.000000
33901,1,0.043434,0.000000
33902,1,0.043416,0.000000
33903,1,0.043399,0.000000
33904,1,0.043381,0.000000
33905,1,0.043363,0.000000
33906,1,0.043345,0.000000
33907,1,0.043328,0.000000
33908,1,0.043310,0.000000
33909,1,0.043292,0.000000
33910,1,0.043275,0.000000
33911,1,0.043257,0.000000
33912,1,0.043239,0.000000
33913,1,0.043222,0.000000
33914,1,0.043204,0.000000
33915,1,0.043187,0.000000
33916,1,0.043169,0.000000
33917,1,0.043152,0.000000
33918,1,0.043134,0.000000
33919,1,0.043116,0.000000
33920,1,0.043099,0.000000
33921,1,0.043081,0.000000
33922,1,0.043064,0.000000
33923,1,0.043046,0.000000
33924,1,0.043029,0.000000
33925,1,0.043011,0.000000
33926,1,0.042994,0.000000
33927,1,0.042977,0.000000
33928,1,0.042959,0.000000
33929,1,0.042942,0.000000
33930,1,0.042924,0.000000
33931,1,0.042907,0.000000
33932,1,0.042890,0.000000
33933,1,0.042872,0.000000
33934,1,0.042855,0.000000
33935,1,0.042837,0.000000
33936,1,0.042820,0.000000
33937,1,0.042803,0.000000
33938,1,0.042786,0.000000
33939,1,0.042768,0.000000
33940,1,0.042751,0.000000
33941,1,0.042734,0.000000
33942,1,0.042716,0.000000
33943,1,0.042699,0.000000
33944,1,0.042682,0.000000
33945,1,0.042665,0.000000
33946,1,0.042647,0.000000
33947,1,0.042630,0.000000
33948,1,0.042613,0.000000
33949,1,0.042596,0.000000
33950,1,0.042579,0.000000
33951,1,0.042562,0.000000
33952,1,0.042545,0.000000
33953,1,0.042527,0.000000
33954,1,0.042510,0.000000
33955,1,0.042493,0.000000
33956,1,0.042476,0.000000
33957,1,0.042459,0.000000
33958,1,0.042442,0.000000
33959,1,0.042425,0.000000
33960,1,0.042408,0.000000
33961,1,0.042391,0.000000
33962,1,0.042374,0.000000
33963,1,0.042357,0.000000
33964,1,0.042340,0.000000
33965,1,0.042323,0.000000
33966,1,0.042306,0.000000
33967,1,0.042289,0.000000
33968,1,0.042272,0.000000
33969,1,0.042255,0.000000
33970,1,0.042238,0.000000
33971,1,0.042221,0.000000
33972,1,0.042204,0.000000
33973,1,0.042187,0.000000
33974,1,0.042170,0.000000
33975,1,0.042154,0.000000
33976,1,0.042137,0.000000
33977,1,0.042120,0.000000
33978,1,0.042103,0.000000
33979,1,0.042086,0.000000
33980,1,0.042069,0.000000
33981,1,0.042053,0.000000
33982,1,0.042036,0.000000
33983,1,0.042019,0.000000
33984,1,0.042002,0.000000
33985,1,0.041986,0.000000
33986,1,0.041969,0.000000
33987,1,0.041952,0.000000
33988,1,0.041935,0.000000
33989,1,0.041919,0.000000
33990,1,0.041902,0.000000
33991,1,0.041885,0.000000
33992,1,0.041869,0.000000
33993,1,0.041852,0.000000
33994,1,0.041835,0.000000
33995,1,0.041819,0.000000
33996,1,0.041802,0.000000
33997,1,0.041785,0.000000
33998,1,0.041769,0.000000
33999,1,0.041752,0.000000
34000,1,0.041736,0.000000
34001,1,0.041719,0.000000
34002,1,0.041703,0.000000
34003,1,0.041686,0.000000
34004,1,0.041669,0.000000
34005,1,0.041653,0.000000
34006,1,0.041636,0.000000
34007,1,0.041620,0.000000
34008,1,0.041603,0.000000
34009,1,0.041587,0.000000
34010,1,0.041570,0.000000
34011,1,0.041554,0.000000
34012,1,0.041538,0.000000
34013,1,0.041521,0.000000
34014,1,0.041505,0.000000
34015,1,0.041488,0.000000
34016,1,0.041472,0.000000
34017,1,0.041455,0.000000
34018,1,0.041439,0.000000
34019,1,0.041423,0.000000
34020,1,0.041406,0.000000
34021,1,0.041390,0.000000
34022,1,0.041374,0.000000
34023,1,0.041357,0.000000
34024,1,0.041341,0.000000
34025,1,0.041325,0.000000
34026,1,0.041308,0.000000
34027,1,0.041292,0.000000
34028,1,0.041276,0.000000
34029,1,0.041260,0.000000
34030,1,0.041243,0.000000
34031,1,0.041227,0.000000
34032,1,0.041211,0.000000
34033,1,0.041195,0.000000
34034,1,0.041178,0.000000
34035,1,0.041162,0.000000
34036,1,0.041146,0.000000
34037,1,0.041130,0.000000
34038,1,0.041114,0.000000
34039,1,0.041098,0.000000
34040,1,0.041081,0.000000
34041,1,0.041065,0.000000
34042,1,0.041049,0.000000
34043,1,0.041033,0.000000
34044,1,0.041017,0.000000
34045,1,0.041001,0.000000
34046,1,0.040985,0.000000
34047,1,0.040969,0.000000
34048,1,0.040953,0.000000
34049,1,0.040937,0.000000
34050,1,0.040921,0.000000
34051,1,0.040905,0.000000
34052,1,0.040889,0.000000
34053,1,0.040873,0.000000
34054,1,0.040857,0.000000
34055,1,0.040841,0.000000
34056,1,0.040825,0.000000
34057,1,0.040809,0.000000
34058,1,0.040793,0.000000
34059,1,0.040777,0.000000
34060,1,0.040761,0.000000
34061,1,0.040745,0.000000
34062,1,0.040729,0.000000
34063,1,0.040713,0.000000
34064,1,0.040697,0.000000
34065,1,0.040681,0.000000
34066,1,0.040666,0.000000
34067,1,0.040650,0.000000
34068,1,0.040634,0.000000
34069,1,0.040618,0.000000
34070,1,0.040602,0.000000
34071,1,0.040586,0.000000
34072,1,0.040571,0.000000
34073,1,0.040555,0.000000
34074,1,0.040539,0.000000
34075,1,0.040523,0.000000
34076,1,0.040508,0.000000
34077,1,0.040492,0.000000
34078,1,0.040476,0.000000
34079,1,0.040460,0.000000
34080,1,0.040445,0.000000
34081,1,0.040429,0.000000
34082,1,0.040413,0.000000
34083,1,0.040397,0.000000
34084,1,0.040382,0.000000
34085,1,0.040366,0.000000
34086,1,0.040350,0.000000
34087,1,0.040335,0.000000
34088,1,0.040319,0.000000
34089,1,0.040304,0.000000
34090,1,0.040288,0.000000
34091,1,0.040272,0.000000
34092,1,0.040257,0.000000
34093,1,0.040241,0.000000
34094,1,0.040226,0.000000
34095,1,0.040210,0.000000
34096,1,0.040194,0.000000
34097,1,0.040179,0.000000
34098,1,0.040163,0.000000
34099,1,0.040148,0.000000
34100,1,0.040132,0.000000
34101,1,0.040117,0.000000
34102,1,0.040101,0.000000
34103,1,0.040086,0.000000
34104,1,0.040070,0.000000
34105,1,0.040055,0.000000
34106,1,0.040039,0.000000
34107,1,0.040024,0.000000
34108,1,0.040009,0.000000
34109,1,0.039993,0.000000
34110,1,0.039978,0.000000
34111,1,0.039962,0.000000
34112,1,0.039947,0.000000
34113,1,0.039932,0.000000
34114,1,0.039916,0.000000
34115,1,0.039901,0.000000
34116,1,0.039885,0.000000
34117,1,0.039870,0.000000
34118,1,0.039855,0.000000
34119,1,0.039839,0.000000
34120,1,0.039824,0.000000
34121,1,0.039809,0.000000
34122,1,0.039793,0.000000
34123,1,0.039778,0.000000
34124,1,0.039763,0.000000
34125,1,0.039748,0.000000
34126,1,0.039732,0.000000
34127,1,0.039717,0.000000
34128,1,0.039702,0.000000
34129,1,0.039687,0.000000
34130,1,0.039671,0.000000
34131,1,0.039656,0.000000
34132,1,0.039641,0.000000
34133,1,0.039626,0.000000
34134,1,0.039611,0.000000
34135,1,0.039596,0.000000
34136,1,0.039580,0.000000
34137,1,0.039565,0.000000
34138,1,0.039550,0.000000
34139,1,0.039535,0.000000
34140,1,0.039520,0.000000
34141,1,0.039505,0.000000
34142,1,0.039490,0.000000
34143,1,0.039475,0.000000
34144,1,0.039459,0.000000
34145,1,0.039444,0.000000
34146,1,0.039429,0.000000
34147,1,0.039414,0.000000
34148,1,0.039399,0.000000
34149,1,0.039384,0.000000
34150,1,0.039369,0.000000
34151,1,0.039354,0.000000
34152,1,0.039339,0.000000
34153,1,0.039324,0.000000
34154,1,0.039309,0.000000
34155,1,0.039294,0.000000
34156,1,0.039279,0.000000
34157,1,0.039264,0.000000
34158,1,0.039249,0.000000
34159,1,0.039234,0.000000
34160,1,0.039219,0.000000
34161,1,0.039204,0.000000
34162,1,0.039190,0.000000
34163,1,0.039175,0.000000
34164,1,0.039160,0.000000
34165,1,0.039145,0.000000
34166,1,0.039130,0.000000
34167,1,0.039115,0.000000
34168,1,0.039100,0.000000
34169,1,0.039085,0.000000
34170,1,0.039071,0.000000
34171,1,0.039056,0.000000
34172,1,0.039041,0.000000
34173,1,0.039026,0.000000
34174,1,0.039011,0.000000
34175,1,0.038997,0.000000
34176,1,0.038982,0.000000
34177,1,0.038967,0.000000
34178,1,0.038952,0.000000
34179,1,0.038937,0.000000
34180,1,0.038923,0.000000
34181,1,0.038908,0.000000
34182,1,0.038893,0.000000
34183,1,0.038879,0.000000
34184,1,0.038864,0.000000
34185,1,0.038849,0.000000
34186,1,0.038834,0.000000
34187,1,0.038820,0.000000
34188,1,0.038805,0.000000
34189,1,0.038790,0.000000
34190,1,0.038776,0.000000
34191,1,0.038761,0.000000
34192,1,0.038746,0.000000
34193,1,0.038732,0.000000
34194,1,0.038717,0.000000
34195,1,0.038703,0.000000
34196,1,0.038688,0.000000
34197,1,0.038673,0.000000
34198,1,0.038659,0.000000
34199,1,0.038644,0.000000
34200,1,0.038630,0.000000
34201,1,0.038615,0.000000
34202,1,0.038601,0.000000
34203,1,0.038586,0.000000
34204,1,0.038572,0.000000
34205,1,0.038557,0.000000
34206,1,0.038543,0.000000
34207,1,0.038528,0.000000
34208,1,0.038514,0.000000
34209,1,0.038499,0.000000
34210,1,0.038485,0.000000
34211,1,0.038470,0.000000
34212,0,0.038456,0.000000
34213,1,0.038590,0.000000
34214,1,0.038709,0.000000
34215,1,0.038816,0.000000
34216,1,0.038911,0.000000
34217,1,0.038995,0.000000
34218,1,0.039070,0.000000
34219,1,0.039135,0.000000
34220,1,0.039194,0.000000
34221,1,0.039245,0.000000
34222,1,0.039289,0.000000
34223,1,0.039328,0.000000
34224,1,0.039362,0.000000
34225,1,0.039391,0.000000
34226,1,0.039416,0.000000
34227,1,0.039438,0.000000
34228,1,0.039456,0.000000
34229,1,0.039470,0.000020
34230,1,0.039482,0.000072
34231,1,0.039492,0.000148
34232,1,0.039499,0.000240
34233,1,0.039504,0.000344
34234,1,0.039508,0.000458
34235,1,0.039509,0.000578
34236,1,0.039509,0.000704
34237,1,0.039508,0.000833
34238,1,0.039505,0.000964
34239,1,0.039501,0.001097
34240,1,0.039496,0.001231
34241,1,0.039490,0.001363
34242,1,0.039483,0.001495
34243,1,0.039476,0.001624
34244,1,0.039467,0.001750
34245,1,0.039458,0.001872
34246,1,0.039449,0.001989
34247,1,0.039438,0.002100
34248,1,0.039428,0.002205
34249,1,0.039416,0.002303
34250,1,0.039405,0.002393
34251,1,0.039393,0.002474
34252,1,0.039380,0.002548
34253,1,0.039368,0.002612
34254,1,0.039355,0.002667
34255,1,0.039341,0.002712
34256,1,0.039328,0.002748
34257,1,0.039314,0.002775
34258,1,0.039300,0.002792
34259,1,0.039286,0.002800
34260,1,0.039272,0.002799
34261,1,0.039258,0.002785
34262,1,0.039243,0.002756
34263,1,0.039229,0.002711
34264,1,0.039214,0.002650
34265,1,0.039199,0.002575
34266,1,0.039185,0.002488
34267,1,0.039170,0.002392
34268,1,0.039155,0.002287
34269,1,0.039140,0.002178
34270,1,0.039125,0.002065
34271,1,0.039110,0.001950
34272,1,0.039095,0.001836
34273,1,0.039080,0.001723
34274,1,0.039064,0.001613
34275,1,0.039049,0.001506
34276,1,0.039034,0.001404
34277,1,0.039019,0.001307
34278,1,0.039004,0.001216
34279,1,0.038988,0.001130
34280,1,0.038973,0.001050
34281,1,0.038958,0.000976
34282,1,0.038943,0.000907
34283,1,0.038927,0.000845
34284,1,0.038912,0.000787
34285,1,0.038897,0.000735
34286,1,0.038881,0.000688
34287,1,0.038866,0.000646
34288,1,0.038851,0.000608
34289,1,0.038836,0.000574
34290,1,0.038820,0.000543
34291,1,0.038805,0.000516
34292,1,0.038790,0.000491
34293,1,0.038775,0.000470
34294,1,0.038759,0.000451
34295,1,0.038744,0.000433
34296,1,0.038729,0.000418
34297,1,0.038714,0.000404
34298,1,0.038698,0.000391
34299,1,0.038683,0.000380
34300,1,0.038668,0.000370
34301,1,0.038653,0.000360
34302,1,0.038637,0.000351
34303,1,0.038622,0.000342
34304,1,0.038607,0.000334
34305,1,0.038592,0.000325
34306,1,0.038577,0.000317
34307,1,0.038562,0.000310
34308,1,0.038546,0.000302
34309,1,0.038531,0.000293
34310,1,0.038516,0.000284
34311,1,0.038501,0.000274
34312,1,0.038486,0.000263
34313,1,0.038471,0.000251
34314,1,0.038456,0.000240
34315,1,0.038441,0.000228
34316,1,0.038426,0.000215
34317,1,0.038411,0.000203
34318,1,0.038395,0.000191
34319,1,0.038380,0.000179
34320,1,0.038365,0.000167
34321,1,0.038350,0.000156
34322,1,0.038335,0.000145
34323,1,0.038320,0.000135
34324,1,0.038305,0.000125
34325,1,0.038290,0.000116
34326,1,0.038275,0.000108
34327,1,0.038260,0.000100
34328,1,0.038245,0.000092
34329,1,0.038231,0.000086
34330,1,0.038216,0.000080
34331,1,0.038201,0.000074
34332,1,0.038186,0.000069
34333,1,0.038171,0.000064
34334,1,0.038156,0.000060
34335,1,0.038141,0.000056
34336,1,0.038126,0.000053
34337,1,0.038111,0.000050
34338,1,0.038096,0.000047
34339,1,0.038082,0.000045
34340,1,0.038067,0.000043
34341,1,0.038052,0.000041
34342,1,0.038037,0.000039
34343,1,0.038022,0.000038
34344,1,0.038007,0.000036
34345,1,0.037993,0.000035
34346,1,0.037978,0.000034
34347,1,0.037963,0.000033
34348,1,0.037948,0.000032
34349,1,0.037934,0.000031
34350,1,0.037919,0.000030
34351,1,0.037904,0.000029
34352,1,0.037889,0.000029
34353,1,0.037875,0.000028
34354,1,0.037860,0.000027
34355,1,0.037845,0.000026
34356,1,0.037831,0.000025
34357,1,0.037816,0.000025
34358,1,0.037801,0.000024
34359,1,0.037787,0.000023
34360,1,0.037772,0.000022
34361,1,0.037757,0.000020
34362,1,0.037743,0.000019
34363,1,0.037728,0.000018
34364,1,0.037713,0.000017
34365,1,0.037699,0.000016
34366,1,0.037684,0.000015
34367,1,0.037670,0.000014
34368,1,0.037655,0.000013
34369,1,0.037641,0.000012
34370,1,0.037626,0.000011
34371,1,0.037611,0.000011
34372,1,0.037597,0.000010
34373,1,0.037582,0.000009
34374,1,0.037568,0.000008
34375,1,0.037553,0.000008
34376,1,0.037539,0.000007
34377,1,0.037524,0.000007
34378,1,0.037510,0.000006
34379,1,0.037495,0.000006
34380,1,0.037481,0.000005
34381,1,0.037467,0.000005
34382,1,0.037452,0.000005
34383,1,0.037438,0.000005
34384,1,0.037423,0.000004
34385,1,0.037409,0.000004
34386,1,0.037394,0.000004
34387,1,0.037380,0.000004
34388,1,0.037366,0.000004
34389,1,0.037351,0.000003
34390,1,0.037337,0.000003
34391,1,0.037323,0.000003
34392,1,0.037308,0.000003
34393,1,0.037294,0.000003
34394,1,0.037280,0.000003
34395,1,0.037265,0.000003
34396,1,0.037251,0.000003
34397,1,0.037237,0.000003
34398,1,0.037222,0.000003
34399,1,0.037208,0.000002
34400,1,0.037194,0.000002
34401,1,0.037179,0.000002
34402,1,0.037165,0.000002
34403,1,0.037151,0.000002
34404,1,0.037137,0.000002
34405,1,0.037123,0.000002
34406,1,0.037108,0.000002
34407,1,0.037094,0.000002
34408,1,0.037080,0.000002
34409,1,0.037066,0.000002
34410,1,0.037052,0.000002
34411,1,0.037037,0.000001
34412,1,0.037023,0.000001
34413,1,0.037009,0.000001
34414,1,0.036995,0.000001
34415,1,0.036981,0.000001
34416,1,0.036967,0.000001
34417,1,0.036952,0.000001
34418,1,0.036938,0.000001
34419,1,0.036924,0.000001
34420,1,0.036910,0.000001
34421,1,0.036896,0.000001
34422,1,0.036882,0.000001
34423,1,0.036868,0.000001
34424,1,0.036854,0.000001
34425,1,0.036840,0.000001
34426,1,0.036826,0.000000
34427,1,0.036812,0.000000
34428,1,0.036798,0.000000
34429,1,0.036784,0.000000
34430,1,0.036770,0.000000
34431,1,0.036756,0.000000
34432,1,0.036742,0.000000
34433,1,0.036728,0.000000
34434,1,0.036714,0.000000
34435,1,0.036700,0.000000
34436,1,0.036686,0.000000
34437,1,0.036672,0.000000
34438,1,0.036658,0.000000
34439,1,0.036644,0.000000
34440,1,0.036630,0.000000
34441,1,0.036616,0.000000
34442,1,0.036602,0.000000
34443,1,0.036589,0.000000
34444,1,0.036575,0.000000
34445,1,0.036561,0.000000
34446,1,0.036547,0.000000
34447,1,0.036533,0.000000
34448,1,0.036519,0.000000
34449,1,0.036505,0.000000
34450,1,0.036492,0.000000
34451,1,0.036478,0.000000
34452,1,0.036464,0.000000
34453,1,0.036450,0.000000
34454,1,0.036436,0.000000
34455,1,0.036423,0.000000
34456,1,0.036409,0.000000
34457,1,0.036395,0.000000
34458,1,0.036381,0.000000
34459,1,0.036367,0.000000
34460,1,0.036354,0.000000
34461,1,0.036340,0.000000
34462,1,0.036326,0.000000
34463,1,0.036313,0.000000
34464,1,0.036299,0.000000
34465,1,0.036285,0.000000
34466,1,0.036271,0.000000
34467,1,0.036258,0.000000
34468,1,0.036244,0.000000
34469,1,0.036230,0.000000
34470,1,0.036217,0.000000
34471,1,0.036203,0.000000
34472,1,0.036189,0.000000
34473,1,0.036176,0.000000
34474,1,0.036162,0.000000
34475,1,0.036149,0.000000
34476,1,0.036135,0.000000
34477,1,0.036121,0.000000
34478,1,0.036108,0.000000
34479,1,0.036094,0.000000
34480,1,0.036081,0.000000
34481,1,0.036067,0.000000
34482,1,0.036054,0.000000
34483,1,0.036040,0.000000
34484,1,0.036026,0.000000
34485,1,0.036013,0.000000
34486,1,0.035999,0.000000
34487,1,0.035986,0.000000
34488,1,0.035972,0.000000
34489,1,0.035959,0.000000
34490,1,0.035945,0.000000
34491,1,0.035932,0.000000
34492,1,0.035918,0.000000
34493,1,0.035905,0.000000
34494,1,0.035892,0.000000
34495,1,0.035878,0.000000
34496,1,0.035865,0.000000
34497,1,0.035851,0.000000
34498,1,0.035838,0.000000
34499,1,0.035824,0.000000
34500,1,0.035811,0.000000
34501,1,0.035798,0.000000
34502,1,0.035784,0.000000
34503,1,0.035771,0.000000
34504,1,0.035757,0.000000
34505,1,0.035744,0.000000
34506,0,0.035731,0.000000
34507,1,0.035865,0.000000
34508,1,0.035985,0.000000
34509,1,0.036092,0.000000
34510,1,0.036187,0.000000
34511,1,0.036272,0.000000
34512,1,0.036347,0.000000
34513,1,0.036414,0.000000
34514,1,0.036473,0.000000
34515,1,0.036524,0.000000
34516,1,0.036570,0.000000
34517,1,0.036610,0.000000
34518,1,0.036645,0.000000
34519,1,0.036675,0.000000
34520,1,0.036701,0.000000
34521,1,0.036723,0.000000
34522,1,0.036742,0.000000
34523,1,0.036758,0.000001
34524,1,0.036771,0.000040
34525,1,0.036782,0.000108
34526,1,0.036790,0.000196
34527,1,0.036797,0.000300
34528,1,0.036801,0.000417
34529,1,0.036804,0.000542
34530,1,0.036805,0.000675
34531,1,0.036804,0.000812
34532,1,0.036803,0.000954
34533,1,0.036800,0.001097
34534,1,0.036796,0.001242
34535,1,0.036791,0.001386
34536,1,0.036786,0.001530
34537,1,0.036779,0.001670
34538,1,0.036772,0.001807
34539,1,0.036764,0.001940
34540,1,0.036755,0.002066
34541,1,0.036746,0.002187
34542,1,0.036737,0.002300
34543,1,0.036726,0.002405
34544,1,0.036716,0.002501
34545,1,0.036705,0.002589
34546,1,0.036694,0.002666
34547,1,0.036682,0.002734
34548,1,0.036670,0.002791
34549,1,0.036658,0.002838
34550,1,0.036645,0.002874
34551,1,0.036633,0.002900
34552,1,0.036620,0.002916
34553,1,0.036607,0.002920
34554,1,0.036594,0.002907
34555,1,0.036581,0.002876
34556,1,0.036567,0.002827
34557,1,0.036554,0.002761
34558,1,0.036540,0.002680
34559,1,0.036527,0.002586
34560,1,0.036513,0.002483
34561,1,0.036499,0.002371
34562,1,0.036485,0.002255
34563,1,0.036471,0.002135
34564,1,0.036457,0.002014
34565,1,0.036443,0.001894
34566,1,0.036429,0.001776
34567,1,0.036415,0.001661
34568,1,0.036401,0.001550
34569,1,0.036387,0.001445
34570,1,0.036373,0.001345
34571,1,0.036359,0.001251
34572,1,0.036345,0.001163
34573,1,0.036330,0.001082
34574,1,0.036316,0.001007
34575,1,0.036302,0.000938
34576,1,0.036288,0.000875
34577,1,0.036274,0.000817
34578,1,0.036259,0.000765
34579,1,0.036245,0.000719
34580,1,0.036231,0.000677
34581,1,0.036217,0.000639
34582,1,0.036203,0.000606
34583,1,0.036188,0.000576
34584,1,0.036174,0.000549
34585,1,0.036160,0.000526
34586,1,0.036146,0.000505
34587,1,0.036131,0.000486
34588,1,0.036117,0.000469
34589,1,0.036103,0.000454
34590,1,0.036089,0.000440
34591,1,0.036075,0.000428
34592,1,0.036061,0.000417
34593,1,0.036046,0.000406
34594,1,0.036032,0.000396
34595,1,0.036018,0.000386
34596,1,0.036004,0.000377
34597,1,0.035990,0.000368
34598,1,0.035976,0.000359
34599,1,0.035961,0.000350
34600,1,0.035947,0.000341
34601,1,0.035933,0.000330
34602,1,0.035919,0.000319
34603,1,0.035905,0.000306
34604,1,0.035891,0.000293
34605,1,0.035877,0.000280
34606,1,0.035863,0.000266
34607,1,0.035849,0.000251
34608,1,0.035835,0.000237
34609,1,0.035821,0.000223
34610,1,0.035807,0.000209
34611,1,0.035793,0.000195
34612,1,0.035779,0.000182
34613,1,0.035765,0.000170
34614,1,0.035751,0.000158
34615,1,0.035737,0.000146
34616,1,0.035723,0.000136
34617,1,0.035709,0.000126
34618,1,0.035695,0.000117
34619,1,0.035681,0.000108
34620,1,0.035667,0.000101
34621,1,0.035653,0.000093
34622,1,0.035639,0.000087
34623,1,0.035625,0.000081
34624,1,0.035611,0.000076
34625,1,0.035597,0.000071
34626,1,0.035583,0.000067
34627,1,0.035569,0.000063
34628,1,0.035556,0.000059
34629,1,0.035542,0.000056
34630,1,0.035528,0.000054
34631,1,0.035514,0.000051
34632,1,0.035500,0.000049
34633,1,0.035486,0.000047
34634,1,0.035473,0.000045
34635,1,0.035459,0.000044
34636,1,0.035445,0.000042
34637,1,0.035431,0.000041
34638,1,0.035417,0.000040
34639,1,0.035404,0.000039
34640,1,0.035390,0.000038
34641,1,0.035376,0.000037
34642,1,0.035362,0.000036
34643,1,0.035349,0.000035
34644,1,0.035335,0.000034
34645,1,0.035321,0.000033
34646,1,0.035307,0.000032
34647,1,0.035294,0.000030
34648,1,0.035280,0.000029
34649,1,0.035266,0.000028
34650,1,0.035253,0.000027
34651,1,0.035239,0.000025
34652,1,0.035225,0.000024
34653,1,0.035212,0.000023
34654,1,0.035198,0.000021
34655,1,0.035184,0.000020
34656,1,0.035171,0.000019
34657,1,0.035157,0.000017
34658,1,0.035144,0.000016
34659,1,0.035130,0.000015
34660,1,0.035116,0.000014
34661,1,0.035103,0.000013
34662,1,0.035089,0.000012
34663,1,0.035076,0.000011
34664,1,0.035062,0.000010
34665,1,0.035049,0.000010
34666,1,0.035035,0.000009
34667,1,0.035022,0.000008
34668,1,0.035008,0.000008
34669,1,0.034995,0.000007
34670,1,0.034981,0.000007
34671,1,0.034968,0.000006
34672,1,0.034954,0.000006
34673,1,0.034941,0.000006
34674,1,0.034927,0.000005
34675,1,0.034914,0.000005
34676,1,0.034900,0.000005
34677,1,0.034887,0.000005
34678,1,0.034873,0.000004
34679,1,0.034860,0.000004
34680,1,0.034847,0.000004
34681,1,0.034833,0.000004
34682,1,0.034820,0.000004
34683,1,0.034806,0.000004
34684,1,0.034793,0.000004
34685,1,0.034780,0.000004
34686,1,0.034766,0.000003
34687,1,0.034753,0.000003
34688,1,0.034740,0.000003
34689,1,0.034726,0.000003
34690,1,0.034713,0.000003
34691,1,0.034700,0.000003
34692,1,0.034686,0.000003
34693,1,0.034673,0.000003
34694,1,0.034660,0.000003
34695,1,0.034647,0.000002
34696,1,0.034633,0.000002
34697,1,0.034620,0.000002
34698,1,0.034607,0.000002
34699,1,0.034593,0.000002
34700,1,0.034580,0.000002
34701,1,0.034567,0.000002
34702,1,0.034554,0.000002
34703,1,0.034541,0.000001
34704,1,0.034527,0.000001
34705,1,0.034514,0.000001
34706,1,0.034501,0.000001
34707,1,0.034488,0.000001
34708,1,0.034475,0.000001
34709,1,0.034461,0.000001
34710,1,0.034448,0.000001
34711,1,0.034435,0.000001
34712,1,0.034422,0.000001
34713,1,0.034409,0.000001
34714,1,0.034396,0.000001
34715,1,0.034383,0.000001
34716,1,0.034370,0.000001
34717,1,0.034356,0.000001
34718,1,0.034343,0.000001
34719,1,0.034330,0.000000
34720,1,0.034317,0.000000
34721,1,0.034304,0.000000
34722,1,0.034291,0.000000
34723,1,0.034278,0.000000
34724,1,0.034265,0.000000
34725,1,0.034252,0.000000
34726,1,0.034239,0.000000
34727,1,0.034226,0.000000
34728,1,0.034213,0.000000
34729,1,0.034200,0.000000
34730,1,0.034187,0.000000
34731,1,0.034174,0.000000
34732,1,0.034161,0.000000
34733,1,0.034148,0.000000
34734,1,0.034135,0.000000
34735,1,0.034122,0.000000
34736,1,0.034109,0.000000
34737,1,0.034096,0.000000
34738,1,0.034083,0.000000
34739,1,0.034070,0.000000
34740,1,0.034058,0.000000
34741,1,0.034045,0.000000
34742,1,0.034032,0.000000
34743,1,0.034019,0.000000
34744,1,0.034006,0.000000
34745,1,0.033993,0.000000
34746,1,0.033980,0.000000
34747,1,0.033967,0.000000
34748,1,0.033955,0.000000
34749,1,0.033942,0.000000
34750,1,0.033929,0.000000
34751,1,0.033916,0.000000
34752,1,0.033903,0.000000
34753,1,0.033890,0.000000
34754,1,0.033878,0.000000
34755,1,0.033865,0.000000
34756,1,0.033852,0.000000
34757,1,0.033839,0.000000
34758,1,0.033827,0.000000
34759,1,0.033814,0.000000
34760,1,0.033801,0.000000
34761,1,0.033788,0.000000
34762,1,0.033776,0.000000
34763,1,0.033763,0.000000
34764,1,0.033750,0.000000
34765,1,0.033737,0.000000
34766,1,0.033725,0.000000
34767,1,0.033712,0.000000
34768,1,0.033699,0.000000
34769,1,0.033687,0.000000
34770,1,0.033674,0.000000
34771,1,0.033661,0.000000
34772,1,0.033649,0.000000
34773,1,0.033636,0.000000
34774,1,0.033624,0.000000
34775,1,0.033611,0.000000
34776,1,0.033598,0.000000
34777,1,0.033586,0.000000
34778,1,0.033573,0.000000
34779,1,0.033560,0.000000
34780,1,0.033548,0.000000
34781,1,0.033535,0.000000
34782,1,0.033523,0.000000
34783,1,0.033510,0.000000
34784,1,0.033498,0.000000
34785,1,0.033485,0.000000
34786,1,0.033472,0.000000
34787,1,0.033460,0.000000
34788,1,0.033447,0.000000
34789,1,0.033435,0.000000
34790,1,0.033422,0.000000
34791,1,0.033410,0.000000
34792,1,0.033397,0.000000
34793,1,0.033385,0.000000
34794,1,0.033372,0.000000
34795,1,0.033360,0.000000
34796,1,0.033347,0.000000
34797,1,0.033335,0.000000
34798,1,0.033323,0.000000
34799,1,0.033310,0.000000
34800,1,0.033298,0.000000
34801,1,0.033285,0.000000
34802,1,0.033273,0.000000
34803,1,0.033260,0.000000
34804,1,0.033248,0.000000
34805,1,0.033236,0.000000
34806,1,0.033223,0.000000
34807,1,0.033211,0.000000
34808,1,0.033198,0.000000
34809,1,0.033186,0.000000
34810,1,0.033174,0.000000
34811,1,0.033161,0.000000
34812,1,0.033149,0.000000
34813,1,0.033137,0.000000
34814,1,0.033124,0.000000
34815,1,0.033112,0.000000
34816,1,0.033100,0.000000
34817,1,0.033087,0.000000
34818,1,0.033075,0.000000
34819,1,0.033063,0.000000
34820,1,0.033051,0.000000
34821,1,0.033038,0.000000
34822,1,0.033026,0.000000
34823,1,0.033014,0.000000
34824,1,0.033002,0.000000
34825,1,0.032989,0.000000
34826,1,0.032977,0.000000
34827,1,0.032965,0.000000
34828,1,0.032953,0.000000
34829,1,0.032940,0.000000
34830,1,0.032928,0.000000
34831,1,0.032916,0.000000
34832,1,0.032904,0.000000
34833,1,0.032892,0.000000
34834,1,0.032879,0.000000
34835,1,0.032867,0.000000
34836,1,0.032855,0.000000
34837,1,0.032843,0.000000
34838,1,0.032831,0.000000
34839,1,0.032819,0.000000
34840,1,0.032806,0.000000
34841,1,0.032794,0.000000
34842,1,0.032782,0.000000
34843,1,0.032770,0.000000
34844,1,0.032758,0.000000
34845,1,0.032746,0.000000
34846,1,0.032734,0.000000
34847,1,0.032722,0.000000
34848,1,0.032710,0.000000
34849,1,0.032698,0.000000
34850,1,0.032685,0.000000
34851,1,0.032673,0.000000
34852,1,0.032661,0.000000
34853,1,0.032649,0.000000
34854,1,0.032637,0.000000
34855,1,0.032625,0.000000
34856,1,0.032613,0.000000
34857,1,0.032601,0.000000
34858,1,0.032589,0.000000
34859,1,0.032577,0.000000
34860,1,0.032565,0.000000
34861,1,0.032553,0.000000
34862,1,0.032541,0.000000
34863,1,0.032529,0.000000
34864,1,0.032517,0.000000
34865,1,0.032505,0.000000
34866,1,0.032493,0.000000
34867,1,0.032481,0.000000
34868,1,0.032470,0.000000
34869,1,0.032458,0.000000
34870,1,0.032446,0.000000
34871,1,0.032434,0.000000
34872,1,0.032422,0.000000
34873,1,0.032410,0.000000
34874,1,0.032398,0.000000
34875,1,0.032386,0.000000
34876,1,0.032374,0.000000
34877,1,0.032362,0.000000
34878,1,0.032351,0.000000
34879,1,0.032339,0.000000
34880,1,0.032327,0.000000
34881,1,0.032315,0.000000
34882,1,0.032303,0.000000
34883,1,0.032291,0.000000
34884,1,0.032280,0.000000
34885,1,0.032268,0.000000
34886,1,0.032256,0.000000
34887,1,0.032244,0.000000
34888,1,0.032232,0.000000
34889,1,0.032221,0.000000
34890,1,0.032209,0.000000
34891,1,0.032197,0.000000
34892,1,0.032185,0.000000
34893,1,0.032173,0.000000
34894,1,0.032162,0.000000
34895,1,0.032150,0.000000
34896,1,0.032138,0.000000
34897,1,0.032126,0.000000
34898,1,0.032115,0.000000
34899,1,0.032103,0.000000
34900,1,0.032091,0.000000
34901,1,0.032080,0.000000
34902,1,0.032068,0.000000
34903,1,0.032056,0.000000
34904,1,0.032045,0.000000
34905,1,0.032033,0.000000
34906,1,0.032021,0.000000
34907,1,0.032010,0.000000
34908,1,0.031998,0.000000
34909,1,0.031986,0.000000
34910,1,0.031975,0.000000
34911,1,0.031963,0.000000
34912,1,0.031951,0.000000
34913,1,0.031940,0.000000
34914,1,0.031928,0.000000
34915,1,0.031916,0.000000
34916,1,0.031905,0.000000
34917,1,0.031893,0.000000
34918,1,0.031882,0.000000
34919,1,0.031870,0.000000
34920,1,0.031859,0.000000
34921,1,0.031847,0.000000
34922,1,0.031835,0.000000
34923,1,0.031824,0.000000
34924,1,0.031812,0.000000
34925,1,0.031801,0.000000
34926,1,0.031789,0.000000
34927,1,0.031778,0.000000
34928,1,0.031766,0.000000
34929,1,0.031755,0.000000
34930,1,0.031743,0.000000
34931,1,0.031732,0.000000
34932,1,0.031720,0.000000
34933,1,0.031709,0.000000
34934,1,0.031697,0.000000
34935,1,0.031686,0.000000
34936,1,0.031674,0.000000
34937,1,0.031663,0.000000
34938,1,0.031651,0.000000
34939,1,0.031640,0.000000
34940,1,0.031628,0.000000
34941,1,0.031617,0.000000
34942,1,0.031606,0.000000
34943,1,0.031594,0.000000
34944,1,0.031583,0.000000
34945,1,0.031571,0.000000
34946,1,0.031560,0.000000
34947,1,0.031549,0.000000
34948,1,0.031537,0.000000
34949,1,0.031526,0.000000
34950,1,0.031514,0.000000
34951,1,0.031503,0.000000
34952,1,0.031492,0.000000
34953,1,0.031480,0.000000
34954,1,0.031469,0.000000
34955,1,0.031458,0.000000
34956,1,0.031446,0.000000
34957,1,0.031435,0.000000
34958,1,0.031424,0.000000
34959,1,0.031412,0.000000
34960,1,0.031401,0.000000
34961,1,0.031390,0.000000
34962,1,0.031378,0.000000
34963,1,0.031367,0.000000
34964,1,0.031356,0.000000
34965,1,0.031345,0.000000
34966,1,0.031333,0.000000
34967,1,0.031322,0.000000
34968,1,0.031311,0.000000
34969,1,0.031299,0.000000
34970,1,0.031288,0.000000
34971,1,0.031277,0.000000
34972,1,0.031266,0.000000
34973,1,0.031255,0.000000
34974,1,0.031243,0.000000
34975,1,0.031232,0.000000
34976,1,0.031221,0.000000
34977,1,0.031210,0.000000
34978,1,0.031198,0.000000
34979,1,0.031187,0.000000
34980,1,0.031176,0.000000
34981,1,0.031165,0.000000
34982,1,0.031154,0.000000
34983,1,0.031143,0.000000
34984,1,0.031131,0.000000
34985,1,0.031120,0.000000
34986,1,0.031109,0.000000
34987,1,0.031098,0.000000
34988,1,0.031087,0.000000
34989,1,0.031076,0.000000
34990,1,0.031065,0.000000
34991,1,0.031053,0.000000
34992,1,0.031042,0.000000
34993,1,0.031031,0.000000
34994,1,0.031020,0.000000
34995,1,0.031009,0.000000
34996,1,0.030998,0.000000
34997,1,0.030987,0.000000
34998,1,0.030976,0.000000
34999,1,0.030965,0.000000
35000,1,0.030954,0.000000
35001,1,0.030943,0.000000
35002,1,0.030932,0.000000
35003,1,0.030921,0.000000
35004,1,0.030910,0.000000
35005,1,0.030899,0.000000
35006,1,0.030888,0.000000
35007,1,0.030877,0.000000
35008,1,0.030866,0.000000
35009,1,0.030855,0.000000
35010,1,0.030844,0.000000
35011,1,0.030833,0.000000
35012,1,0.030822,0.000000
35013,1,0.030811,0.000000
35014,1,0.030800,0.000000
35015,1,0.030789,0.000000
35016,1,0.030778,0.000000
35017,1,0.030767,0.000000
35018,1,0.030756,0.000000
35019,1,0.030745,0.000000
35020,1,0.030734,0.000000
35021,1,0.030723,0.000000
35022,1,0.030712,0.000000
35023,1,0.030701,0.000000
35024,1,0.030690,0.000000
35025,1,0.030679,0.000000
35026,1,0.030668,0.000000
35027,1,0.030658,0.000000
35028,1,0.030647,0.000000
35029,1,0.030636,0.000000
35030,1,0.030625,0.000000
35031,1,0.030614,0.000000
35032,1,0.030603,0.000000
35033,1,0.030592,0.000000
35034,1,0.030582,0.000000
35035,1,0.030571,0.000000
35036,1,0.030560,0.000000
35037,1,0.030549,0.000000
35038,1,0.030538,0.000000
35039,1,0.030527,0.000000
35040,1,0.030517,0.000000
35041,1,0.030506,0.000000
35042,1,0.030495,0.000000
35043,1,0.030484,0.000000
35044,1,0.030473,0.000000
35045,1,0.030463,0.000000
35046,1,0.030452,0.000000
35047,1,0.030441,0.000000
35048,1,0.030430,0.000000
35049,1,0.030420,0.000000
35050,1,0.030409,0.000000
35051,1,0.030398,0.000000
35052,1,0.030387,0.000000
35053,1,0.030377,0.000000
35054,1,0.030366,0.000000
35055,1,0.030355,0.000000
35056,1,0.030344,0.000000
35057,1,0.030334,0.000000
35058,1,0.030323,0.000000
35059,1,0.030312,0.000000
35060,1,0.030302,0.000000
35061,1,0.030291,0.000000
35062,1,0.030280,0.000000
35063,1,0.030270,0.000000
35064,1,0.030259,0.000000
35065,1,0.030248,0.000000
35066,1,0.030238,0.000000
35067,1,0.030227,0.000000
35068,1,0.030216,0.000000
35069,1,0.030206,0.000000
35070,1,0.030195,0.000000
35071,1,0.030184,0.000000
35072,1,0.030174,0.000000
35073,1,0.030163,0.000000
35074,1,0.030153,0.000000
35075,1,0.030142,0.000000
35076,1,0.030131,0.000000
35077,1,0.030121,0.000000
35078,1,0.030110,0.000000
35079,1,0.030100,0.000000
35080,1,0.030089,0.000000
35081,1,0.030078,0.000000
35082,1,0.030068,0.000000
35083,1,0.030057,0.000000
35084,1,0.030047,0.000000
35085,1,0.030036,0.000000
35086,1,0.030026,0.000000
35087,1,0.030015,0.000000
35088,1,0.030005,0.000000
35089,1,0.029994,0.000000
35090,1,0.029984,0.000000
35091,1,0.029973,0.000000
35092,1,0.029963,0.000000
35093,1,0.029952,0.000000
35094,1,0.029942,0.000000
35095,1,0.029931,0.000000
35096,1,0.029921,0.000000
35097,1,0.029910,0.000000
35098,1,0.029900,0.000000
35099,1,0.029889,0.000000
35100,1,0.029879,0.000000
35101,1,0.029868,0.000000
35102,1,0.029858,0.000000
35103,1,0.029847,0.000000
35104,1,0.029837,0.000000
35105,1,0.029826,0.000000
35106,1,0.029816,0.000000
35107,1,0.029806,0.000000
35108,1,0.029795,0.000000
35109,1,0.029785,0.000000
35110,1,0.029774,0.000000
35111,1,0.029764,0.000000
35112,1,0.029754,0.000000
35113,1,0.029743,0.000000
35114,1,0.029733,0.000000
35115,1,0.029722,0.000000
35116,1,0.029712,0.000000
35117,1,0.029702,0.000000
35118,1,0.029691,0.000000
35119,1,0.029681,0.000000
35120,1,0.029671,0.000000
35121,1,0.029660,0.000000
35122,1,0.029650,0.000000
35123,1,0.029640,0.000000
35124,1,0.029629,0.000000
35125,1,0.029619,0.000000
35126,1,0.029609,0.000000
35127,1,0.029598,0.000000
35128,1,0.029588,0.000000
35129,1,0.029578,0.000000
35130,1,0.029567,0.000000
35131,1,0.029557,0.000000
35132,1,0.029547,0.000000
35133,1,0.029537,0.000000
35134,1,0.029526,0.000000
35135,1,0.029516,0.000000
35136,1,0.029506,0.000000
35137,1,0.029496,0.000000
35138,1,0.029485,0.000000
35139,1,0.029475,0.000000
35140,1,0.029465,0.000000
35141,1,0.029455,0.000000
35142,1,0.029444,0.000000
35143,1,0.029434,0.000000
35144,1,0.029424,0.000000
35145,1,0.029414,0.000000
35146,1,0.029404,0.000000
35147,1,0.029393,0.000000
35148,1,0.029383,0.000000
35149,1,0.029373,0.000000
35150,1,0.029363,0.000000
35151,1,0.029353,0.000000
35152,1,0.029342,0.000000
35153,1,0.029332,0.000000
35154,1,0.029322,0.000000
35155,1,0.029312,0.000000
35156,1,0.029302,0.000000
35157,1,0.029292,0.000000
35158,1,0.029282,0.000000
35159,1,0.029271,0.000000
35160,1,0.029261,0.000000
35161,1,0.029251,0.000000
35162,1,0.029241,0.000000
35163,1,0.029231,0.000000
35164,1,0.029221,0.000000
35165,1,0.029211,0.000000
35166,1,0.029201,0.000000
35167,1,0.029191,0.000000
35168,1,0.029180,0.000000
35169,1,0.029170,0.000000
35170,1,0.029160,0.000000
35171,1,0.029150,0.000000
35172,1,0.029140,0.000000
35173,1,0.029130,0.000000
35174,1,0.029120,0.000000
35175,1,0.029110,0.000000
35176,1,0.029100,0.000000
35177,1,0.029090,0.000000
35178,1,0.029080,0.000000
35179,1,0.029070,0.000000
35180,1,0.029060,0.000000
35181,1,0.029050,0.000000
35182,1,0.029040,0.000000
35183,1,0.029030,0.000000
35184,1,0.029020,0.000000
35185,1,0.029010,0.000000
35186,1,0.029000,0.000000
35187,1,0.028990,0.000000
35188,1,0.028980,0.000000
35189,1,0.028970,0.000000
35190,1,0.028960,0.000000
35191,1,0.028950,0.000000
35192,1,0.028940,0.000000
35193,1,0.028930,0.000000
35194,1,0.028920,0.000000
35195,1,0.028910,0.000000
35196,1,0.028900,0.000000
35197,1,0.028890,0.000000
35198,1,0.028880,0.000000
35199,1,0.028870,0.000000
35200,1,0.028861,0.000000
35201,1,0.028851,0.000000
35202,1,0.028841,0.000000
35203,1,0.028831,0.000000
35204,1,0.028821,0.000000
35205,1,0.028811,0.000000
35206,1,0.028801,0.000000
35207,1,0.028791,0.000000
35208,1,0.028781,0.000000
35209,1,0.028771,0.000000
35210,1,0.028762,0.000000
35211,1,0.028752,0.000000
35212,1,0.028742,0.000000
35213,1,0.028732,0.000000
35214,1,0.028722,0.000000
35215,1,0.028712,0.000000
35216,1,0.028703,0.000000
35217,1,0.028693,0.000000
35218,1,0.028683,0.000000
35219,1,0.028673,0.000000
35220,1,0.028663,0.000000
35221,1,0.028653,0.000000
35222,1,0.028644,0.000000
35223,1,0.028634,0.000000
35224,1,0.028624,0.000000
35225,1,0.028614,0.000000
35226,1,0.028604,0.000000
35227,1,0.028595,0.000000
35228,1,0.028585,0.000000
35229,1,0.028575,0.000000
35230,1,0.028565,0.000000
35231,1,0.028556,0.000000
35232,1,0.028546,0.000000
35233,1,0.028536,0.000000
35234,1,0.028526,0.000000
35235,1,0.028517,0.000000
35236,1,0.028507,0.000000
35237,1,0.028497,0.000000
35238,1,0.028487,0.000000
35239,1,0.028478,0.000000
35240,1,0.028468,0.000000
35241,1,0.028458,0.000000
35242,1,0.028449,0.000000
35243,1,0.028439,0.000000
35244,1,0.028429,0.000000
35245,1,0.028420,0.000000
35246,1,0.028410,0.000000
35247,1,0.028400,0.000000
35248,1,0.028391,0.000000
35249,1,0.028381,0.000000
35250,1,0.028371,0.000000
35251,1,0.028362,0.000000
35252,1,0.028352,0.000000
35253,1,0.028342,0.000000
35254,1,0.028333,0.000000
35255,1,0.028323,0.000000
35256,1,0.028313,0.000000
35257,1,0.028304,0.000000
35258,1,0.028294,0.000000
35259,1,0.028284,0.000000
35260,1,0.028275,0.000000
35261,1,0.028265,0.000000
35262,1,0.028256,0.000000
35263,1,0.028246,0.000000
35264,1,0.028236,0.000000
35265,1,0.028227,0.000000
35266,1,0.028217,0.000000
35267,1,0.028208,0.000000
35268,1,0.028198,0.000000
35269,1,0.028189,0.000000
35270,1,0.028179,0.000000
35271,1,0.028169,0.000000
35272,1,0.028160,0.000000
35273,1,0.028150,0.000000
35274,1,0.028141,0.000000
35275,1,0.028131,0.000000
35276,1,0.028122,0.000000
35277,1,0.028112,0.000000
35278,1,0.028103,0.000000
35279,1,0.028093,0.000000
35280,1,0.028084,0.000000
35281,1,0.028074,0.000000
35282,1,0.028065,0.000000
35283,1,0.028055,0.000000
35284,1,0.028046,0.000000
35285,1,0.028036,0.000000
35286,1,0.028027,0.000000
35287,1,0.028017,0.000000
35288,1,0.028008,0.000000
35289,1,0.027998,0.000000
35290,1,0.027989,0.000000
35291,1,0.027979,0.000000
35292,1,0.027970,0.000000
35293,1,0.027960,0.000000
35294,1,0.027951,0.000000
35295,1,0.027942,0.000000
35296,1,0.027932,0.000000
35297,1,0.027923,0.000000
35298,1,0.027913,0.000000
35299,1,0.027904,0.000000
35300,1,0.027894,0.000000
35301,1,0.027885,0.000000
35302,1,0.027876,0.000000
35303,1,0.027866,0.000000
35304,1,0.027857,0.000000
35305,1,0.027847,0.000000
35306,1,0.027838,0.000000
35307,1,0.027829,0.000000
35308,1,0.027819,0.000000
35309,1,0.027810,0.000000
35310,1,0.027800,0.000000
35311,1,0.027791,0.000000
35312,1,0.027782,0.000000
35313,1,0.027772,0.000000
35314,1,0.027763,0.000000
35315,1,0.027754,0.000000
35316,1,0.027744,0.000000
35317,1,0.027735,0.000000
35318,1,0.027726,0.000000
35319,1,0.027716,0.000000
35320,1,0.027707,0.000000
35321,1,0.027698,0.000000
35322,1,0.027688,0.000000
35323,1,0.027679,0.000000
35324,1,0.027670,0.000000
35325,1,0.027660,0.000000
35326,1,0.027651,0.000000
35327,1,0.027642,0.000000
35328,1,0.027633,0.000000
35329,1,0.027623,0.000000
35330,1,0.027614,0.000000
35331,1,0.027605,0.000000
35332,1,0.027596,0.000000
35333,1,0.027586,0.000000
35334,1,0.027577,0.000000
35335,1,0.027568,0.000000
35336,1,0.027558,0.000000
35337,1,0.027549,0.000000
35338,1,0.027540,0.000000
35339,1,0.027531,0.000000
35340,1,0.027522,0.000000
35341,1,0.027512,0.000000
35342,1,0.027503,0.000000
35343,1,0.027494,0.000000
35344,1,0.027485,0.000000
35345,1,0.027475,0.000000
35346,1,0.027466,0.000000
35347,1,0.027457,0.000000
35348,1,0.027448,0.000000
35349,1,0.027439,0.000000
35350,1,0.027429,0.000000
35351,1,0.027420,0.000000
35352,1,0.027411,0.000000
35353,1,0.027402,0.000000
35354,1,0.027393,0.000000
35355,1,0.027384,0.000000
35356,1,0.027374,0.000000
35357,1,0.027365,0.000000
35358,1,0.027356,0.000000
35359,1,0.027347,0.000000
35360,1,0.027338,0.000000
35361,1,0.027329,0.000000
35362,1,0.027320,0.000000
35363,1,0.027311,0.000000
35364,1,0.027301,0.000000
35365,1,0.027292,0.000000
35366,1,0.027283,0.000000
35367,1,0.027274,0.000000
35368,1,0.027265,0.000000
35369,1,0.027256,0.000000
35370,1,0.027247,0.000000
35371,1,0.027238,0.000000
35372,1,0.027229,0.000000
35373,1,0.027220,0.000000
35374,1,0.027210,0.000000
35375,1,0.027201,0.000000
35376,1,0.027192,0.000000
35377,1,0.027183,0.000000
35378,1,0.027174,0.000000
35379,1,0.027165,0.000000
35380,1,0.027156,0.000000
35381,1,0.027147,0.000000
35382,1,0.027138,0.000000
35383,1,0.027129,0.000000
35384,1,0.027120,0.000000
35385,1,0.027111,0.000000
35386,1,0.027102,0.000000
35387,1,0.027093,0.000000
35388,1,0.027084,0.000000
35389,1,0.027075,0.000000
35390,1,0.027066,0.000000
35391,1,0.027057,0.000000
35392,1,0.027048,0.000000
35393,1,0.027039,0.000000
35394,1,0.027030,0.000000
35395,1,0.027021,0.000000
35396,1,0.027012,0.000000
35397,1,0.027003,0.000000
35398,1,0.026994,0.000000
35399,1,0.026985,0.000000
35400,1,0.026976,0.000000
35401,1,0.026967,0.000000
35402,1,0.026958,0.000000
35403,1,0.026949,0.000000
35404,1,0.026940,0.000000
35405,1,0.026931,0.000000
35406,1,0.026922,0.000000
35407,1,0.026913,0.000000
35408,1,0.026905,0.000000
35409,1,0.026896,0.000000
35410,1,0.026887,0.000000
35411,1,0.026878,0.000000
35412,1,0.026869,0.000000
35413,1,0.026860,0.000000
35414,1,0.026851,0.000000
35415,1,0.026842,0.000000
35416,1,0.026833,0.000000
35417,1,0.026824,0.000000
35418,1,0.026816,0.000000
35419,1,0.026807,0.000000
35420,1,0.026798,0.000000
35421,1,0.026789,0.000000
35422,1,0.026780,0.000000
35423,1,0.026771,0.000000
35424,1,0.026762,0.000000
35425,1,0.026753,0.000000
35426,1,0.026745,0.000000
35427,1,0.026736,0.000000
35428,1,0.026727,0.000000
35429,1,0.026718,0.000000
35430,1,0.026709,0.000000
35431,1,0.026700,0.000000
35432,1,0.026692,0.000000
35433,1,0.026683,0.000000
35434,1,0.026674,0.000000
35435,1,0.026665,0.000000
35436,1,0.026656,0.000000
35437,1,0.026648,0.000000
35438,1,0.026639,0.000000
35439,1,0.026630,0.000000
35440,1,0.026621,0.000000
35441,1,0.026612,0.000000
35442,1,0.026604,0.000000
35443,1,0.026595,0.000000
35444,1,0.026586,0.000000
35445,1,0.026577,0.000000
35446,1,0.026569,0.000000
35447,1,0.026560,0.000000
35448,1,0.026551,0.000000
35449,1,0.026542,0.000000
35450,1,0.026534,0.000000
35451,1,0.026525,0.000000
35452,1,0.026516,0.000000
35453,1,0.026507,0.000000
35454,1,0.026499,0.000000
35455,1,0.026490,0.000000
35456,1,0.026481,0.000000
35457,1,0.026473,0.000000
35458,1,0.026464,0.000000
35459,1,0.026455,0.000000
35460,1,0.026446,0.000000
35461,1,0.026438,0.000000
35462,1,0.026429,0.000000
35463,1,0.026420,0.000000
35464,1,0.026412,0.000000
35465,1,0.026403,0.000000
35466,1,0.026394,0.000000
35467,1,0.026386,0.000000
35468,1,0.026377,0.000000
35469,1,0.026368,0.000000
35470,1,0.026360,0.000000
35471,1,0.026351,0.000000
35472,1,0.026342,0.000000
35473,1,0.026334,0.000000
35474,1,0.026325,0.000000
35475,1,0.026316,0.000000
35476,1,0.026308,0.000000
35477,1,0.026299,0.000000
35478,1,0.026290,0.000000
35479,1,0.026282,0.000000
35480,1,0.026273,0.000000
35481,1,0.026265,0.000000
35482,1,0.026256,0.000000
35483,1,0.026247,0.000000
35484,1,0.026239,0.000000
35485,1,0.026230,0.000000
35486,1,0.026222,0.000000
35487,1,0.026213,0.000000
35488,1,0.026204,0.000000
35489,1,0.026196,0.000000
35490,1,0.026187,0.000000
35491,1,0.026179,0.000000
35492,0,0.026170,0.000000
35493,1,0.026291,0.000000
35494,1,0.026399,0.000000
35495,1,0.026495,0.000000
35496,1,0.026582,0.000000
35497,1,0.026660,0.000000
35498,1,0.026729,0.000000
35499,1,0.026791,0.000000
35500,1,0.026846,0.000000
35501,1,0.026895,0.000000
35502,1,0.026939,0.000000
35503,1,0.026978,0.000000
35504,1,0.027012,0.000000
35505,1,0.027043,0.000000
35506,1,0.027070,0.000000
35507,1,0.027093,0.000000
35508,1,0.027114,0.000000
35509,1,0.027132,0.000000
35510,1,0.027148,0.000000
35511,1,0.027161,0.000000
35512,1,0.027173,0.000042
35513,1,0.027182,0.000134
35514,1,0.027190,0.000267
35515,1,0.027197,0.000432
35516,1,0.027202,0.000623
35517,1,0.027205,0.000832
35518,1,0.027208,0.001055
35519,1,0.027209,0.001287
35520,1,0.027209,0.001524
35521,1,0.027208,0.001763
35522,1,0.027207,0.001998
35523,1,0.027204,0.002229
35524,1,0.027201,0.002451
35525,1,0.027198,0.002663
35526,1,0.027194,0.002863
35527,1,0.027189,0.003047
35528,1,0.027184,0.003216
35529,1,0.027178,0.003368
35530,1,0.027172,0.003498
35531,1,0.027165,0.003597
35532,1,0.027159,0.003659
35533,1,0.027152,0.003681
35534,1,0.027144,0.003667
35535,1,0.027137,0.003618
35536,1,0.027129,0.003540
35537,1,0.027121,0.003436
35538,1,0.027113,0.003313
35539,1,0.027105,0.003175
35540,1,0.027097,0.003025
35541,1,0.027088,0.002870
35542,1,0.027080,0.002711
35543,1,0.027071,0.002553
35544,1,0.027062,0.002397
35545,1,0.027053,0.002247
35546,1,0.027044,0.002103
35547,1,0.027036,0.001967
35548,1,0.027027,0.001840
35549,1,0.027017,0.001722
35550,1,0.027008,0.001613
35551,1,0.026999,0.001515
35552,1,0.026990,0.001425
35553,1,0.026981,0.001345
35554,1,0.026972,0.001274
35555,1,0.026962,0.001211
35556,1,0.026953,0.001155
35557,1,0.026944,0.001107
35558,1,0.026935,0.001064
35559,1,0.026925,0.001027
35560,1,0.026916,0.000995
35561,1,0.026907,0.000967
35562,1,0.026897,0.000942
35563,1,0.026888,0.000920
35564,1,0.026878,0.000900
35565,1,0.026869,0.000883
35566,1,0.026860,0.000866
35567,1,0.026850,0.000850
35568,1,0.026841,0.000833
35569,1,0.026831,0.000814
35570,1,0.026822,0.000792
35571,1,0.026813,0.000767
35572,1,0.026803,0.000739
35573,1,0.026794,0.000709
35574,1,0.026784,0.000677
35575,1,0.026775,0.000644
35576,1,0.026766,0.000609
35577,1,0.026756,0.000575
35578,1,0.026747,0.000540
35579,1,0.026737,0.000506
35580,1,0.026728,0.000473
35581,1,0.026719,0.000441
35582,1,0.026709,0.000411
35583,0,0.026700,0.000329
35584,1,0.026829,0.000263
35585,1,0.026944,0.000211
35586,1,0.027048,0.000168
35587,1,0.027141,0.000135
35588,1,0.027224,0.000108
35589,1,0.027298,0.000086
35590,1,0.027364,0.000069
35591,1,0.027423,0.000055
35592,1,0.027475,0.000044
35593,1,0.027522,0.000035
35594,1,0.027563,0.000028
35595,1,0.027599,0.000023
35596,1,0.027632,0.000018
35597,1,0.027660,0.000014
35598,1,0.027685,0.000012
35599,1,0.027707,0.000009
35600,1,0.027725,0.000007
35601,1,0.027742,0.000006
35602,1,0.027756,0.000044
35603,1,0.027767,0.000121
35604,1,0.027777,0.000231
35605,1,0.027785,0.000365
35606,1,0.027791,0.000519
35607,1,0.027796,0.000689
35608,1,0.027799,0.000870
35609,1,0.027801,0.001059
35610,1,0.027802,0.001254
35611,1,0.027802,0.001452
35612,1,0.027801,0.001649
35613,1,0.027799,0.001845
35614,1,0.027797,0.002037
35615,1,0.027793,0.002222
35616,1,0.027789,0.002400
35617,1,0.027784,0.002568
35618,1,0.027779,0.002726
35619,1,0.027773,0.002871
35620,1,0.027766,0.003003
35621,1,0.027760,0.003122
35622,1,0.027752,0.003226
35623,1,0.027745,0.003314
35624,1,0.027737,0.003387
35625,1,0.027729,0.003434
35626,1,0.027721,0.003452
35627,1,0.027712,0.003441
35628,1,0.027704,0.003401
35629,1,0.027695,0.003334
35630,1,0.027686,0.003245
35631,1,0.027676,0.003138
35632,1,0.027667,0.003015
35633,1,0.027658,0.002881
35634,1,0.027648,0.002740
35635,1,0.027638,0.002594
35636,1,0.027629,0.002447
35637,1,0.027619,0.002301
35638,1,0.027609,0.002157
35639,1,0.027599,0.002019
35640,1,0.027589,0.001886
35641,1,0.027579,0.001760
35642,1,0.027569,0.001642
35643,1,0.027559,0.001532
35644,1,0.027549,0.001430
35645,1,0.027539,0.001337
35646,1,0.027528,0.001251
35647,1,0.027518,0.001174
35648,1,0.027508,0.001105
35649,1,0.027498,0.001043
35650,1,0.027487,0.000987
35651,1,0.027477,0.000938
35652,1,0.027467,0.000894
35653,1,0.027457,0.000856
35654,1,0.027446,0.000822
35655,1,0.027436,0.000792
35656,1,0.027426,0.000766
35657,1,0.027415,0.000743
35658,1,0.027405,0.000722
35659,1,0.027395,0.000703
35660,1,0.027384,0.000687
35661,1,0.027374,0.000671
35662,1,0.027364,0.000657
35663,1,0.027353,0.000643
35664,1,0.027343,0.000629
35665,1,0.027333,0.000615
35666,1,0.027322,0.000600
35667,1,0.027312,0.000583
35668,1,0.027302,0.000564
35669,1,0.027292,0.000543
35670,1,0.027281,0.000521
35671,1,0.027271,0.000497
35672,1,0.027261,0.000472
35673,1,0.027250,0.000447
35674,1,0.027240,0.000421
35675,1,0.027230,0.000396
35676,1,0.027219,0.000371
35677,1,0.027209,0.000347
35678,1,0.027199,0.000324
35679,1,0.027189,0.000302
35680,1,0.027178,0.000280
35681,1,0.027168,0.000261
35682,1,0.027158,0.000242
35683,1,0.027148,0.000225
35684,1,0.027137,0.000209
35685,1,0.027127,0.000194
35686,1,0.027117,0.000181
35687,1,0.027107,0.000169
35688,1,0.027096,0.000158
35689,1,0.027086,0.000148
35690,1,0.027076,0.000140
35691,1,0.027066,0.000132
35692,1,0.027056,0.000125
35693,1,0.027045,0.000119
35694,1,0.027035,0.000113
35695,1,0.027025,0.000108
35696,1,0.027015,0.000104
35697,1,0.027005,0.000100
35698,1,0.026995,0.000097
35699,1,0.026984,0.000094
35700,1,0.026974,0.000091
35701,1,0.026964,0.000088
35702,1,0.026954,0.000086
35703,1,0.026944,0.000084
35704,1,0.026934,0.000082
35705,1,0.026924,0.000079
35706,1,0.026914,0.000077
35707,1,0.026903,0.000075
35708,1,0.026893,0.000072
35709,1,0.026883,0.000069
35710,1,0.026873,0.000066
35711,1,0.026863,0.000063
35712,1,0.026853,0.000060
35713,1,0.026843,0.000056
35714,1,0.026833,0.000053
35715,1,0.026823,0.000050
35716,1,0.026813,0.000046
35717,1,0.026803,0.000043
35718,1,0.026793,0.000040
35719,1,0.026783,0.000038
35720,1,0.026773,0.000035
35721,1,0.026763,0.000032
35722,1,0.026753,0.000030
35723,1,0.026743,0.000028
35724,1,0.026733,0.000026
35725,1,0.026723,0.000024
35726,1,0.026713,0.000023
35727,1,0.026703,0.000021
35728,1,0.026693,0.000020
35729,1,0.026683,0.000018
35730,1,0.026673,0.000017
35731,1,0.026663,0.000016
35732,1,0.026653,0.000016
35733,1,0.026643,0.000015
35734,1,0.026633,0.000014
35735,1,0.026623,0.000014
35736,1,0.026613,0.000013
35737,1,0.026603,0.000013
35738,1,0.026593,0.000012
35739,1,0.026584,0.000012
35740,1,0.026574,0.000011
35741,1,0.026564,0.000011
35742,1,0.026554,0.000011
35743,1,0.026544,0.000010
35744,1,0.026534,0.000010
35745,1,0.026524,0.000010
35746,1,0.026514,0.000010
35747,1,0.026505,0.000009
35748,1,0.026495,0.000009
35749,1,0.026485,0.000008
35750,1,0.026475,0.000008
35751,1,0.026465,0.000008
35752,1,0.026455,0.000007
35753,1,0.026445,0.000007
35754,1,0.026436,0.000006
35755,1,0.026426,0.000006
35756,1,0.026416,0.000006
35757,1,0.026406,0.000005
35758,1,0.026396,0.000005
35759,1,0.026387,0.000005
35760,1,0.026377,0.000004
35761,1,0.026367,0.000004
35762,1,0.026357,0.000004
35763,1,0.026348,0.000003
35764,1,0.026338,0.000003
35765,1,0.026328,0.000003
35766,1,0.026318,0.000003
35767,1,0.026309,0.000003
35768,1,0.026299,0.000002
35769,1,0.026289,0.000002
35770,1,0.026279,0.000002
35771,1,0.026270,0.000002
35772,1,0.026260,0.000002
35773,1,0.026250,0.000002
35774,1,0.026241,0.000002
35775,1,0.026231,0.000002
35776,1,0.026221,0.000002
35777,1,0.026212,0.000002
35778,1,0.026202,0.000002
35779,1,0.026192,0.000001
35780,1,0.026183,0.000001
35781,1,0.026173,0.000001
35782,1,0.026163,0.000001
35783,1,0.026154,0.000001
35784,1,0.026144,0.000001
35785,1,0.026134,0.000001
35786,1,0.026125,0.000001
35787,1,0.026115,0.000001
35788,1,0.026106,0.000001
35789,1,0.026096,0.000001
35790,1,0.026086,0.000001
35791,1,0.026077,0.000001
35792,1,0.026067,0.000001
35793,1,0.026058,0.000001
35794,1,0.026048,0.000001
35795,1,0.026038,0.000001
35796,1,0.026029,0.000001
35797,1,0.026019,0.000001
35798,1,0.026010,0.000001
35799,1,0.026000,0.000001
35800,1,0.025991,0.000000
35801,1,0.025981,0.000000
35802,1,0.025972,0.000000
35803,1,0.025962,0.000000
35804,1,0.025952,0.000000
35805,1,0.025943,0.000000
35806,1,0.025933,0.000000
35807,1,0.025924,0.000000
35808,1,0.025914,0.000000
35809,1,0.025905,0.000000
35810,1,0.025895,0.000000
35811,1,0.025886,0.000000
35812,1,0.025876,0.000000
35813,1,0.025867,0.000000
35814,1,0.025858,0.000000
35815,1,0.025848,0.000000
35816,1,0.025839,0.000000
35817,1,0.025829,0.000000
35818,1,0.025820,0.000000
35819,1,0.025810,0.000000
35820,1,0.025801,0.000000
35821,1,0.025791,0.000000
35822,1,0.025782,0.000000
35823,1,0.025773,0.000000
35824,1,0.025763,0.000000
35825,1,0.025754,0.000000
35826,1,0.025744,0.000000
35827,1,0.025735,0.000000
35828,1,0.025726,0.000000
35829,1,0.025716,0.000000
35830,1,0.025707,0.000000
35831,1,0.025697,0.000000
35832,1,0.025688,0.000000
35833,1,0.025679,0.000000
35834,1,0.025669,0.000000
35835,1,0.025660,0.000000
35836,1,0.025651,0.000000
35837,1,0.025641,0.000000
35838,1,0.025632,0.000000
35839,1,0.025623,0.000000
35840,1,0.025613,0.000000
35841,1,0.025604,0.000000
35842,1,0.025595,0.000000
35843,1,0.025585,0.000000
35844,1,0.025576,0.000000
35845,1,0.025567,0.000000
35846,1,0.025558,0.000000
35847,1,0.025548,0.000000
35848,1,0.025539,0.000000
35849,1,0.025530,0.000000
35850,1,0.025520,0.000000
35851,1,0.025511,0.000000
35852,1,0.025502,0.000000
35853,1,0.025493,0.000000
35854,1,0.025483,0.000000
35855,1,0.025474,0.000000
35856,1,0.025465,0.000000
35857,1,0.025456,0.000000
35858,1,0.025447,0.000000
35859,1,0.025437,0.000000
35860,1,0.025428,0.000000
35861,1,0.025419,0.000000
35862,1,0.025410,0.000000
35863,1,0.025400,0.000000
35864,1,0.025391,0.000000
35865,1,0.025382,0.000000
35866,1,0.025373,0.000000
35867,1,0.025364,0.000000
35868,1,0.025355,0.000000
35869,1,0.025345,0.000000
35870,1,0.025336,0.000000
35871,1,0.025327,0.000000
35872,1,0.025318,0.000000
35873,1,0.025309,0.000000
35874,1,0.025300,0.000000
35875,1,0.025290,0.000000
35876,1,0.025281,0.000000
35877,1,0.025272,0.000000
35878,1,0.025263,0.000000
35879,1,0.025254,0.000000
35880,1,0.025245,0.000000
35881,1,0.025236,0.000000
35882,1,0.025227,0.000000
35883,1,0.025218,0.000000
35884,1,0.025209,0.000000
35885,1,0.025199,0.000000
35886,1,0.025190,0.000000
35887,1,0.025181,0.000000
35888,1,0.025172,0.000000
35889,1,0.025163,0.000000
35890,1,0.025154,0.000000
35891,1,0.025145,0.000000
35892,1,0.025136,0.000000
35893,1,0.025127,0.000000
35894,1,0.025118,0.000000
35895,1,0.025109,0.000000
35896,1,0.025100,0.000000
35897,1,0.025091,0.000000
35898,1,0.025082,0.000000
35899,1,0.025073,0.000000
35900,1,0.025064,0.000000
35901,1,0.025055,0.000000
35902,1,0.025046,0.000000
35903,1,0.025037,0.000000
35904,1,0.025028,0.000000
35905,1,0.025019,0.000000
35906,1,0.025010,0.000000
35907,1,0.025001,0.000000
35908,1,0.024992,0.000000
35909,1,0.024983,0.000000
35910,1,0.024974,0.000000
35911,1,0.024965,0.000000
35912,1,0.024956,0.000000
35913,1,0.024947,0.000000
35914,1,0.024938,0.000000
35915,1,0.024929,0.000000
35916,1,0.024921,0.000000
35917,1,0.024912,0.000000
35918,1,0.024903,0.000000
35919,1,0.024894,0.000000
35920,1,0.024885,0.000000
35921,1,0.024876,0.000000
35922,1,0.024867,0.000000
35923,1,0.024858,0.000000
35924,1,0.024849,0.000000
35925,1,0.024840,0.000000
35926,1,0.024832,0.000000
35927,1,0.024823,0.000000
35928,1,0.024814,0.000000
35929,1,0.024805,0.000000
35930,1,0.024796,0.000000
35931,1,0.024787,0.000000
35932,1,0.024778,0.000000
35933,1,0.024770,0.000000
35934,1,0.024761,0.000000
35935,1,0.024752,0.000000
35936,1,0.024743,0.000000
35937,1,0.024734,0.000000
35938,1,0.024726,0.000000
35939,1,0.024717,0.000000
35940,1,0.024708,0.000000
35941,1,0.024699,0.000000
35942,1,0.024690,0.000000
35943,1,0.024682,0.000000
35944,1,0.024673,0.000000
35945,1,0.024664,0.000000
35946,1,0.024655,0.000000
35947,1,0.024646,0.000000
35948,1,0.024638,0.000000
35949,1,0.024629,0.000000
35950,1,0.024620,0.000000
35951,1,0.024611,0.000000
35952,1,0.024603,0.000000
35953,1,0.024594,0.000000
35954,1,0.024585,0.000000
35955,1,0.024576,0.000000
35956,1,0.024568,0.000000
35957,1,0.024559,0.000000
35958,1,0.024550,0.000000
35959,1,0.024542,0.000000
35960,1,0.024533,0.000000
35961,1,0.024524,0.000000
35962,1,0.024516,0.000000
35963,1,0.024507,0.000000
35964,1,0.024498,0.000000
35965,1,0.024489,0.000000
35966,1,0.024481,0.000000
35967,1,0.024472,0.000000
35968,1,0.024463,0.000000
35969,1,0.024455,0.000000
35970,1,0.024446,0.000000
35971,1,0.024438,0.000000
35972,1,0.024429,0.000000
35973,1,0.024420,0.000000
35974,1,0.024412,0.000000
35975,1,0.024403,0.000000
35976,1,0.024394,0.000000
35977,1,0.024386,0.000000
35978,1,0.024377,0.000000
35979,1,0.024369,0.000000
35980,1,0.024360,0.000000
35981,1,0.024351,0.000000
35982,1,0.024343,0.000000
35983,1,0.024334,0.000000
35984,1,0.024326,0.000000
35985,1,0.024317,0.000000
35986,1,0.024308,0.000000
35987,1,0.024300,0.000000
35988,1,0.024291,0.000000
35989,1,0.024283,0.000000
35990,1,0.024274,0.000000
35991,1,0.024266,0.000000
35992,1,0.024257,0.000000
35993,1,0.024248,0.000000
35994,1,0.024240,0.000000
35995,1,0.024231,0.000000
35996,1,0.024223,0.000000
35997,1,0.024214,0.000000
35998,1,0.024206,0.000000
35999,1,0.024197,0.000000
36000,1,0.024189,0.000000
36001,1,0.024180,0.000000
36002,1,0.024172,0.000000
36003,1,0.024163,0.000000
36004,1,0.024155,0.000000
36005,1,0.024146,0.000000
36006,1,0.024138,0.000000
36007,1,0.024129,0.000000
36008,1,0.024121,0.000000
36009,1,0.024112,0.000000
36010,1,0.024104,0.000000
36011,1,0.024095,0.000000
36012,1,0.024087,0.000000
36013,1,0.024079,0.000000
36014,1,0.024070,0.000000
36015,1,0.024062,0.000000
36016,1,0.024053,0.000000
36017,1,0.024045,0.000000
36018,1,0.024036,0.000000
36019,1,0.024028,0.000000
36020,1,0.024020,0.000000
36021,1,0.024011,0.000000
36022,1,0.024003,0.000000
36023,1,0.023994,0.000000
36024,1,0.023986,0.000000
36025,1,0.023978,0.000000
36026,1,0.023969,0.000000
36027,1,0.023961,0.000000
36028,1,0.023952,0.000000
36029,1,0.023944,0.000000
36030,1,0.023936,0.000000
36031,1,0.023927,0.000000
36032,1,0.023919,0.000000
36033,1,0.023911,0.000000
36034,1,0.023902,0.000000
36035,1,0.023894,0.000000
36036,1,0.023885,0.000000
36037,1,0.023877,0.000000
36038,1,0.023869,0.000000
36039,1,0.023860,0.000000
36040,1,0.023852,0.000000
36041,1,0.023844,0.000000
36042,1,0.023835,0.000000
36043,1,0.023827,0.000000
36044,1,0.023819,0.000000
36045,1,0.023811,0.000000
36046,1,0.023802,0.000000
36047,1,0.023794,0.000000
36048,1,0.023786,0.000000
36049,1,0.023777,0.000000
36050,1,0.023769,0.000000
36051,1,0.023761,0.000000
36052,1,0.023753,0.000000
36053,1,0.023744,0.000000
36054,1,0.023736,0.000000
36055,1,0.023728,0.000000
36056,1,0.023720,0.000000
36057,1,0.023711,0.000000
36058,1,0.023703,0.000000
36059,1,0.023695,0.000000
36060,1,0.023687,0.000000
36061,1,0.023678,0.000000
36062,1,0.023670,0.000000
36063,1,0.023662,0.000000
36064,1,0.023654,0.000000
36065,1,0.023645,0.000000
36066,1,0.023637,0.000000
36067,1,0.023629,0.000000
36068,1,0.023621,0.000000
36069,1,0.023613,0.000000
36070,1,0.023604,0.000000
36071,1,0.023596,0.000000
36072,1,0.023588,0.000000
36073,1,0.023580,0.000000
36074,1,0.023572,0.000000
36075,1,0.023564,0.000000
36076,1,0.023555,0.000000
36077,1,0.023547,0.000000
36078,1,0.023539,0.000000
36079,1,0.023531,0.000000
36080,1,0.023523,0.000000
36081,1,0.023515,0.000000
36082,1,0.023506,0.000000
36083,1,0.023498,0.000000
36084,1,0.023490,0.000000
36085,1,0.023482,0.000000
36086,1,0.023474,0.000000
36087,1,0.023466,0.000000
36088,1,0.023458,0.000000
36089,1,0.023450,0.000000
36090,1,0.023441,0.000000
36091,1,0.023433,0.000000
36092,1,0.023425,0.000000
36093,1,0.023417,0.000000
36094,1,0.023409,0.000000
36095,1,0.023401,0.000000
36096,1,0.023393,0.000000
36097,1,0.023385,0.000000
36098,1,0.023377,0.000000
36099,1,0.023369,0.000000
36100,1,0.023361,0.000000
36101,1,0.023353,0.000000
36102,1,0.023345,0.000000
36103,1,0.023336,0.000000
36104,1,0.023328,0.000000
36105,1,0.023320,0.000000
36106,1,0.023312,0.000000
36107,1,0.023304,0.000000
36108,1,0.023296,0.000000
36109,1,0.023288,0.000000
36110,1,0.023280,0.000000
36111,1,0.023272,0.000000
36112,1,0.023264,0.000000
36113,1,0.023256,0.000000
36114,1,0.023248,0.000000
36115,1,0.023240,0.000000
36116,1,0.023232,0.000000
36117,1,0.023224,0.000000
36118,1,0.023216,0.000000
36119,1,0.023208,0.000000
36120,1,0.023200,0.000000
36121,1,0.023192,0.000000
36122,1,0.023184,0.000000
36123,1,0.023176,0.000000
36124,1,0.023168,0.000000
36125,1,0.023160,0.000000
36126,1,0.023153,0.000000
36127,1,0.023145,0.000000
36128,1,0.023137,0.000000
36129,1,0.023129,0.000000
36130,1,0.023121,0.000000
36131,1,0.023113,0.000000
36132,1,0.023105,0.000000
36133,1,0.023097,0.000000
36134,1,0.023089,0.000000
36135,1,0.023081,0.000000
36136,1,0.023073,0.000000
36137,1,0.023065,0.000000
36138,1,0.023057,0.000000
36139,1,0.023050,0.000000
36140,1,0.023042,0.000000
36141,1,0.023034,0.000000
36142,1,0.023026,0.000000
36143,1,0.023018,0.000000
36144,1,0.023010,0.000000
36145,1,0.023002,0.000000
36146,1,0.022994,0.000000
36147,1,0.022986,0.000000
36148,1,0.022979,0.000000
36149,1,0.022971,0.000000
36150,1,0.022963,0.000000
36151,1,0.022955,0.000000
36152,1,0.022947,0.000000
36153,1,0.022939,0.000000
36154,1,0.022932,0.000000
36155,1,0.022924,0.000000
36156,1,0.022916,0.000000
36157,1,0.022908,0.000000
36158,1,0.022900,0.000000
36159,1,0.022892,0.000000
36160,1,0.022885,0.000000
36161,1,0.022877,0.000000
36162,1,0.022869,0.000000
36163,1,0.022861,0.000000
36164,1,0.022853,0.000000
36165,1,0.022846,0.000000
36166,1,0.022838,0.000000
36167,1,0.022830,0.000000
36168,1,0.022822,0.000000
36169,1,0.022815,0.000000
36170,1,0.022807,0.000000
36171,1,0.022799,0.000000
36172,1,0.022791,0.000000
36173,1,0.022783,0.000000
36174,1,0.022776,0.000000
36175,1,0.022768,0.000000
36176,1,0.022760,0.000000
36177,1,0.022752,0.000000
36178,1,0.022745,0.000000
36179,1,0.022737,0.000000
36180,1,0.022729,0.000000
36181,1,0.022722,0.000000
36182,1,0.022714,0.000000
36183,1,0.022706,0.000000
36184,1,0.022698,0.000000
36185,1,0.022691,0.000000
36186,1,0.022683,0.000000
36187,1,0.022675,0.000000
36188,1,0.022668,0.000000
36189,1,0.022660,0.000000
36190,1,0.022652,0.000000
36191,1,0.022644,0.000000
36192,1,0.022637,0.000000
36193,1,0.022629,0.000000
36194,1,0.022621,0.000000
36195,1,0.022614,0.000000
36196,1,0.022606,0.000000
36197,1,0.022598,0.000000
36198,1,0.022591,0.000000
36199,1,0.022583,0.000000
36200,1,0.022575,0.000000
36201,1,0.022568,0.000000
36202,1,0.022560,0.000000
36203,1,0.022553,0.000000
36204,1,0.022545,0.000000
36205,1,0.022537,0.000000
36206,1,0.022530,0.000000
36207,1,0.022522,0.000000
36208,1,0.022514,0.000000
36209,1,0.022507,0.000000
36210,1,0.022499,0.000000
36211,1,0.022492,0.000000
36212,1,0.022484,0.000000
36213,1,0.022476,0.000000
36214,1,0.022469,0.000000
36215,1,0.022461,0.000000
36216,1,0.022454,0.000000
36217,1,0.022446,0.000000
36218,1,0.022438,0.000000
36219,1,0.022431,0.000000
36220,1,0.022423,0.000000
36221,1,0.022416,0.000000
36222,1,0.022408,0.000000
36223,1,0.022401,0.000000
36224,1,0.022393,0.000000
36225,1,0.022385,0.000000
36226,1,0.022378,0.000000
36227,1,0.022370,0.000000
36228,1,0.022363,0.000000
36229,1,0.022355,0.000000
36230,1,0.022348,0.000000
36231,1,0.022340,0.000000
36232,1,0.022333,0.000000
36233,1,0.022325,0.000000
36234,1,0.022318,0.000000
36235,1,0.022310,0.000000
36236,1,0.022303,0.000000
36237,1,0.022295,0.000000
36238,1,0.022288,0.000000
36239,1,0.022280,0.000000
36240,1,0.022273,0.000000
36241,1,0.022265,0.000000
36242,1,0.022258,0.000000
36243,1,0.022250,0.000000
36244,1,0.022243,0.000000
36245,1,0.022235,0.000000
36246,1,0.022228,0.000000
36247,1,0.022220,0.000000
36248,1,0.022213,0.000000
36249,1,0.022205,0.000000
36250,1,0.022198,0.000000
36251,1,0.022190,0.000000
36252,1,0.022183,0.000000
36253,1,0.022175,0.000000
36254,1,0.022168,0.000000
36255,1,0.022161,0.000000
36256,1,0.022153,0.000000
36257,1,0.022146,0.000000
36258,1,0.022138,0.000000
36259,1,0.022131,0.000000
36260,1,0.022123,0.000000
36261,1,0.022116,0.000000
36262,1,0.022109,0.000000
36263,1,0.022101,0.000000
36264,1,0.022094,0.000000
36265,1,0.022086,0.000000
36266,1,0.022079,0.000000
36267,1,0.022072,0.000000
36268,1,0.022064,0.000000
36269,1,0.022057,0.000000
36270,1,0.022049,0.000000
36271,1,0.022042,0.000000
36272,1,0.022035,0.000000
36273,1,0.022027,0.000000
36274,1,0.022020,0.000000
36275,1,0.022012,0.000000
36276,1,0.022005,0.000000
36277,1,0.021998,0.000000
36278,1,0.021990,0.000000
36279,1,0.021983,0.000000
36280,1,0.021976,0.000000
36281,1,0.021968,0.000000
36282,1,0.021961,0.000000
36283,1,0.021954,0.000000
36284,1,0.021946,0.000000
36285,1,0.021939,0.000000
36286,1,0.021932,0.000000
36287,1,0.021924,0.000000
36288,1,0.021917,0.000000
36289,1,0.021910,0.000000
36290,1,0.021902,0.000000
36291,1,0.021895,0.000000
36292,1,0.021888,0.000000
36293,1,0.021881,0.000000
36294,1,0.021873,0.000000
36295,1,0.021866,0.000000
36296,1,0.021859,0.000000
36297,1,0.021851,0.000000
36298,1,0.021844,0.000000
36299,1,0.021837,0.000000
36300,1,0.021830,0.000000
36301,1,0.021822,0.000000
36302,1,0.021815,0.000000
36303,1,0.021808,0.000000
36304,1,0.021800,0.000000
36305,1,0.021793,0.000000
36306,1,0.021786,0.000000
36307,1,0.021779,0.000000
36308,1,0.021771,0.000000
36309,1,0.021764,0.000000
36310,1,0.021757,0.000000
36311,1,0.021750,0.000000
36312,1,0.021742,0.000000
36313,1,0.021735,0.000000
36314,1,0.021728,0.000000
36315,1,0.021721,0.000000
36316,1,0.021714,0.000000
36317,1,0.021706,0.000000
36318,1,0.021699,0.000000
36319,1,0.021692,0.000000
36320,1,0.021685,0.000000
36321,1,0.021678,0.000000
36322,1,0.021670,0.000000
36323,1,0.021663,0.000000
36324,1,0.021656,0.000000
36325,1,0.021649,0.000000
36326,1,0.021642,0.000000
36327,1,0.021634,0.000000
36328,1,0.021627,0.000000
36329,1,0.021620,0.000000
36330,1,0.021613,0.000000
36331,1,0.021606,0.000000
36332,1,0.021599,0.000000
36333,1,0.021591,0.000000
36334,1,0.021584,0.000000
36335,1,0.021577,0.000000
36336,1,0.021570,0.000000
36337,1,0.021563,0.000000
36338,1,0.021556,0.000000
36339,1,0.021549,0.000000
36340,1,0.021541,0.000000
36341,1,0.021534,0.000000
36342,1,0.021527,0.000000
36343,1,0.021520,0.000000
36344,1,0.021513,0.000000
36345,1,0.021506,0.000000
36346,1,0.021499,0.000000
36347,1,0.021492,0.000000
36348,1,0.021485,0.000000
36349,1,0.021477,0.000000
36350,1,0.021470,0.000000
36351,1,0.021463,0.000000
36352,1,0.021456,0.000000
36353,1,0.021449,0.000000
36354,1,0.021442,0.000000
36355,1,0.021435,0.000000
36356,1,0.021428,0.000000
36357,1,0.021421,0.000000
36358,1,0.021414,0.000000
36359,1,0.021407,0.000000
36360,1,0.021400,0.000000
36361,1,0.021392,0.000000
36362,1,0.021385,0.000000
36363,1,0.021378,0.000000
36364,1,0.021371,0.000000
36365,1,0.021364,0.000000
36366,1,0.021357,0.000000
36367,1,0.021350,0.000000
36368,1,0.021343,0.000000
36369,1,0.021336,0.000000
36370,1,0.021329,0.000000
36371,1,0.021322,0.000000
36372,1,0.021315,0.000000
36373,1,0.021308,0.000000
36374,1,0.021301,0.000000
36375,1,0.021294,0.000000
36376,1,0.021287,0.000000
36377,1,0.021280,0.000000
36378,1,0.021273,0.000000
36379,1,0.021266,0.000000
36380,1,0.021259,0.000000
36381,1,0.021252,0.000000
36382,1,0.021245,0.000000
36383,1,0.021238,0.000000
36384,1,0.021231,0.000000
36385,1,0.021224,0.000000
36386,1,0.021217,0.000000
36387,1,0.021210,0.000000
36388,1,0.021203,0.000000
36389,1,0.021196,0.000000
36390,1,0.021189,0.000000
36391,1,0.021182,0.000000
36392,1,0.021175,0.000000
36393,1,0.021168,0.000000
36394,1,0.021161,0.000000
36395,1,0.021154,0.000000
36396,1,0.021148,0.000000
36397,1,0.021141,0.000000
36398,1,0.021134,0.000000
36399,1,0.021127,0.000000
36400,1,0.021120,0.000000
36401,1,0.021113,0.000000
36402,1,0.021106,0.000000
36403,1,0.021099,0.000000
36404,1,0.021092,0.000000
36405,1,0.021085,0.000000
36406,1,0.021078,0.000000
36407,1,0.021071,0.000000
36408,1,0.021064,0.000000
36409,1,0.021058,0.000000
36410,1,0.021051,0.000000
36411,1,0.021044,0.000000
36412,1,0.021037,0.000000
36413,1,0.021030,0.000000
36414,1,0.021023,0.000000
36415,1,0.021016,0.000000
36416,1,0.021009,0.000000
36417,1,0.021003,0.000000
36418,1,0.020996,0.000000
36419,1,0.020989,0.000000
36420,1,0.020982,0.000000
36421,1,0.020975,0.000000
36422,1,0.020968,0.000000
36423,1,0.020961,0.000000
36424,1,0.020954,0.000000
36425,1,0.020948,0.000000
36426,1,0.020941,0.000000
36427,1,0.020934,0.000000
36428,1,0.020927,0.000000
36429,1,0.020920,0.000000
36430,1,0.020913,0.000000
36431,1,0.020907,0.000000
36432,1,0.020900,0.000000
36433,1,0.020893,0.000000
36434,1,0.020886,0.000000
36435,1,0.020879,0.000000
36436,1,0.020873,0.000000
36437,1,0.020866,0.000000
36438,1,0.020859,0.000000
36439,1,0.020852,0.000000
36440,1,0.020845,0.000000
36441,1,0.020839,0.000000
36442,1,0.020832,0.000000
36443,1,0.020825,0.000000
36444,1,0.020818,0.000000
36445,1,0.020811,0.000000
36446,1,0.020805,0.000000
36447,1,0.020798,0.000000
36448,1,0.020791,0.000000
36449,1,0.020784,0.000000
36450,1,0.020778,0.000000
36451,1,0.020771,0.000000
36452,1,0.020764,0.000000
36453,1,0.020757,0.000000
36454,1,0.020751,0.000000
36455,1,0.020744,0.000000
36456,1,0.020737,0.000000
36457,1,0.020730,0.000000
36458,1,0.020724,0.000000
36459,1,0.020717,0.000000
36460,1,0.020710,0.000000
36461,1,0.020703,0.000000
36462,1,0.020697,0.000000
36463,1,0.020690,0.000000
36464,1,0.020683,0.000000
36465,1,0.020676,0.000000
36466,1,0.020670,0.000000
36467,1,0.020663,0.000000
36468,1,0.020656,0.000000
36469,1,0.020650,0.000000
36470,1,0.020643,0.000000
36471,1,0.020636,0.000000
36472,1,0.020630,0.000000
36473,1,0.020623,0.000000
36474,1,0.020616,0.000000
36475,1,0.020609,0.000000
36476,1,0.020603,0.000000
36477,1,0.020596,0.000000
36478,1,0.020589,0.000000
36479,1,0.020583,0.000000
36480,1,0.020576,0.000000
36481,1,0.020569,0.000000
36482,1,0.020563,0.000000
36483,1,0.020556,0.000000
36484,1,0.020549,0.000000
36485,1,0.020543,0.000000
36486,1,0.020536,0.000000
36487,1,0.020530,0.000000
36488,1,0.020523,0.000000
36489,1,0.020516,0.000000
36490,1,0.020510,0.000000
36491,1,0.020503,0.000000
36492,1,0.020496,0.000000
36493,1,0.020490,0.000000
36494,1,0.020483,0.000000
36495,1,0.020476,0.000000
36496,1,0.020470,0.000000
36497,1,0.020463,0.000000
36498,1,0.020457,0.000000
36499,1,0.020450,0.000000
36500,1,0.020443,0.000000
36501,1,0.020437,0.000000
36502,1,0.020430,0.000000
36503,1,0.020424,0.000000
36504,1,0.020417,0.000000
36505,1,0.020410,0.000000
36506,1,0.020404,0.000000
36507,1,0.020397,0.000000
36508,1,0.020391,0.000000
36509,1,0.020384,0.000000
36510,1,0.020377,0.000000
36511,1,0.020371,0.000000
36512,1,0.020364,0.000000
36513,1,0.020358,0.000000
36514,1,0.020351,0.000000
36515,1,0.020345,0.000000
36516,1,0.020338,0.000000
36517,1,0.020332,0.000000
36518,1,0.020325,0.000000
36519,1,0.020318,0.000000
36520,1,0.020312,0.000000
36521,1,0.020305,0.000000
36522,1,0.020299,0.000000
36523,1,0.020292,0.000000
36524,1,0.020286,0.000000
36525,1,0.020279,0.000000
36526,1,0.020273,0.000000
36527,1,0.020266,0.000000
36528,1,0.020260,0.000000
36529,1,0.020253,0.000000
36530,1,0.020247,0.000000
36531,1,0.020240,0.000000
36532,1,0.020234,0.000000
36533,1,0.020227,0.000000
36534,1,0.020221,0.000000
36535,1,0.020214,0.000000
36536,1,0.020208,0.000000
36537,1,0.020201,0.000000
36538,1,0.020195,0.000000
36539,1,0.020188,0.000000
36540,1,0.020182,0.000000
36541,1,0.020175,0.000000
36542,1,0.020169,0.000000
36543,1,0.020162,0.000000
36544,1,0.020156,0.000000
36545,1,0.020149,0.000000
36546,1,0.020143,0.000000
36547,1,0.020136,0.000000
36548,1,0.020130,0.000000
36549,1,0.020123,0.000000
36550,1,0.020117,0.000000
36551,1,0.020110,0.000000
36552,1,0.020104,0.000000
36553,1,0.020098,0.000000
36554,1,0.020091,0.000000
36555,1,0.020085,0.000000
36556,1,0.020078,0.000000
36557,1,0.020072,0.000000
36558,1,0.020065,0.000000
36559,1,0.020059,0.000000
36560,1,0.020053,0.000000
36561,1,0.020046,0.000000
36562,1,0.020040,0.000000
36563,1,0.020033,0.000000
36564,1,0.020027,0.000000
36565,1,0.020020,0.000000
36566,1,0.020014,0.000000
36567,1,0.020008,0.000000
36568,1,0.020001,0.000000
36569,1,0.019995,0.000000
36570,1,0.019988,0.000000
36571,1,0.019982,0.000000
36572,1,0.019976,0.000000
36573,1,0.019969,0.000000
36574,1,0.019963,0.000000
36575,1,0.019956,0.000000
36576,1,0.019950,0.000000
36577,1,0.019944,0.000000
36578,1,0.019937,0.000000
36579,1,0.019931,0.000000
36580,1,0.019925,0.000000
36581,1,0.019918,0.000000
36582,1,0.019912,0.000000
36583,1,0.019906,0.000000
36584,1,0.019899,0.000000
36585,1,0.019893,0.000000
36586,1,0.019886,0.000000
36587,1,0.019880,0.000000
36588,1,0.019874,0.000000
36589,1,0.019867,0.000000
36590,1,0.019861,0.000000
36591,1,0.019855,0.000000
36592,1,0.019848,0.000000
36593,1,0.019842,0.000000
36594,1,0.019836,0.000000
36595,1,0.019829,0.000000
36596,1,0.019823,0.000000
36597,1,0.019817,0.000000
36598,1,0.019810,0.000000
36599,1,0.019804,0.000000
36600,1,0.019798,0.000000
36601,1,0.019792,0.000000
36602,1,0.019785,0.000000
36603,1,0.019779,0.000000
36604,1,0.019773,0.000000
36605,1,0.019766,0.000000
36606,1,0.019760,0.000000
36607,1,0.019754,0.000000
36608,1,0.019747,0.000000
36609,1,0.019741,0.000000
36610,1,0.019735,0.000000
36611,1,0.019729,0.000000
36612,1,0.019722,0.000000
36613,1,0.019716,0.000000
36614,1,0.019710,0.000000
36615,1,0.019704,0.000000
36616,1,0.019697,0.000000
36617,1,0.019691,0.000000
36618,1,0.019685,0.000000
36619,1,0.019679,0.000000
36620,1,0.019672,0.000000
36621,1,0.019666,0.000000
36622,1,0.019660,0.000000
36623,1,0.019654,0.000000
36624,1,0.019647,0.000000
36625,1,0.019641,0.000000
36626,1,0.019635,0.000000
36627,1,0.019629,0.000000
36628,1,0.019622,0.000000
36629,1,0.019616,0.000000
36630,1,0.019610,0.000000
36631,1,0.019604,0.000000
36632,1,0.019597,0.000000
36633,1,0.019591,0.000000
36634,1,0.019585,0.000000
36635,1,0.019579,0.000000
36636,1,0.019573,0.000000
36637,1,0.019566,0.000000
36638,1,0.019560,0.000000
36639,1,0.019554,0.000000
36640,1,0.019548,0.000000
36641,1,0.019542,0.000000
36642,1,0.019535,0.000000
36643,1,0.019529,0.000000
36644,1,0.019523,0.000000
36645,1,0.019517,0.000000
36646,1,0.019511,0.000000
36647,1,0.019504,0.000000
36648,1,0.019498,0.000000
36649,1,0.019492,0.000000
36650,1,0.019486,0.000000
36651,1,0.019480,0.000000
36652,1,0.019474,0.000000
36653,1,0.019467,0.000000
36654,1,0.019461,0.000000
36655,1,0.019455,0.000000
36656,1,0.019449,0.000000
36657,1,0.019443,0.000000
36658,1,0.019437,0.000000
36659,1,0.019431,0.000000
36660,1,0.019424,0.000000
36661,1,0.019418,0.000000
36662,1,0.019412,0.000000
36663,1,0.019406,0.000000
36664,1,0.019400,0.000000
36665,1,0.019394,0.000000
36666,1,0.019388,0.000000
36667,1,0.019382,0.000000
36668,1,0.019375,0.000000
36669,1,0.019369,0.000000
36670,1,0.019363,0.000000
36671,1,0.019357,0.000000
36672,1,0.019351,0.000000
36673,1,0.019345,0.000000
36674,1,0.019339,0.000000
36675,1,0.019333,0.000000
36676,1,0.019327,0.000000
36677,1,0.019320,0.000000
36678,1,0.019314,0.000000
36679,1,0.019308,0.000000
36680,1,0.019302,0.000000
36681,1,0.019296,0.000000
36682,1,0.019290,0.000000
36683,1,0.019284,0.000000
36684,1,0.019278,0.000000
36685,1,0.019272,0.000000
36686,1,0.019266,0.000000
36687,1,0.019260,0.000000
36688,1,0.019254,0.000000
36689,1,0.019248,0.000000
36690,1,0.019241,0.000000
36691,1,0.019235,0.000000
36692,1,0.019229,0.000000
36693,1,0.019223,0.000000
36694,1,0.019217,0.000000
36695,1,0.019211,0.000000
36696,1,0.019205,0.000000
36697,1,0.019199,0.000000
36698,1,0.019193,0.000000
36699,1,0.019187,0.000000
36700,1,0.019181,0.000000
36701,1,0.019175,0.000000
36702,1,0.019169,0.000000
36703,1,0.019163,0.000000
36704,1,0.019157,0.000000
36705,1,0.019151,0.000000
36706,1,0.019145,0.000000
36707,1,0.019139,0.000000
36708,1,0.019133,0.000000
36709,1,0.019127,0.000000
36710,1,0.019121,0.000000
36711,1,0.019115,0.000000
36712,1,0.019109,0.000000
36713,1,0.019103,0.000000
36714,1,0.019097,0.000000
36715,1,0.019091,0.000000
36716,1,0.019085,0.000000
36717,1,0.019079,0.000000
36718,1,0.019073,0.000000
36719,1,0.019067,0.000000
36720,1,0.019061,0.000000
36721,1,0.019055,0.000000
36722,1,0.019049,0.000000
36723,1,0.019043,0.000000
36724,1,0.019037,0.000000
36725,1,0.019031,0.000000
36726,1,0.019025,0.000000
36727,1,0.019019,0.000000
36728,1,0.019013,0.000000
36729,1,0.019007,0.000000
36730,1,0.019001,0.000000
36731,1,0.018995,0.000000
36732,1,0.018989,0.000000
36733,1,0.018983,0.000000
36734,1,0.018977,0.000000
36735,1,0.018972,0.000000
36736,1,0.018966,0.000000
36737,1,0.018960,0.000000
36738,1,0.018954,0.000000
36739,1,0.018948,0.000000
36740,1,0.018942,0.000000
36741,1,0.018936,0.000000
36742,1,0.018930,0.000000
36743,1,0.018924,0.000000
36744,1,0.018918,0.000000
36745,1,0.018912,0.000000
36746,1,0.018906,0.000000
36747,1,0.018900,0.000000
36748,1,0.018895,0.000000
36749,1,0.018889,0.000000
36750,1,0.018883,0.000000
36751,1,0.018877,0.000000
36752,1,0.018871,0.000000
36753,1,0.018865,0.000000
36754,1,0.018859,0.000000
36755,1,0.018853,0.000000
36756,1,0.018847,0.000000
36757,1,0.018841,0.000000
36758,1,0.018836,0.000000
36759,1,0.018830,0.000000
36760,1,0.018824,0.000000
36761,1,0.018818,0.000000
36762,1,0.018812,0.000000
36763,1,0.018806,0.000000
36764,1,0.018800,0.000000
36765,1,0.018794,0.000000
36766,1,0.018789,0.000000
36767,1,0.018783,0.000000
36768,1,0.018777,0.000000
36769,1,0.018771,0.000000
36770,1,0.018765,0.000000
36771,1,0.018759,0.000000
36772,1,0.018754,0.000000
36773,1,0.018748,0.000000
36774,1,0.018742,0.000000
36775,1,0.018736,0.000000
36776,1,0.018730,0.000000
36777,1,0.018724,0.000000
36778,1,0.018718,0.000000
36779,1,0.018713,0.000000
36780,1,0.018707,0.000000
36781,1,0.018701,0.000000
36782,1,0.018695,0.000000
36783,1,0.018689,0.000000
36784,1,0.018684,0.000000
36785,1,0.018678,0.000000
36786,1,0.018672,0.000000
36787,1,0.018666,0.000000
36788,1,0.018660,0.000000
36789,1,0.018655,0.000000
36790,1,0.018649,0.000000
36791,1,0.018643,0.000000
36792,1,0.018637,0.000000
36793,1,0.018631,0.000000
36794,1,0.018626,0.000000
36795,1,0.018620,0.000000
36796,1,0.018614,0.000000
36797,1,0.018608,0.000000
36798,1,0.018602,0.000000
36799,1,0.018597,0.000000
36800,1,0.018591,0.000000
36801,1,0.018585,0.000000
36802,1,0.018579,0.000000
36803,1,0.018574,0.000000
36804,1,0.018568,0.000000
36805,1,0.018562,0.000000
36806,1,0.018556,0.000000
36807,1,0.018550,0.000000
36808,1,0.018545,0.000000
36809,1,0.018539,0.000000
36810,1,0.018533,0.000000
36811,1,0.018527,0.000000
36812,1,0.018522,0.000000
36813,1,0.018516,0.000000
36814,1,0.018510,0.000000
36815,1,0.018504,0.000000
36816,1,0.018499,0.000000
36817,1,0.018493,0.000000
36818,1,0.018487,0.000000
36819,1,0.018482,0.000000
36820,1,0.018476,0.000000
36821,1,0.018470,0.000000
36822,1,0.018464,0.000000
36823,1,0.018459,0.000000
36824,1,0.018453,0.000000
36825,1,0.018447,0.000000
36826,1,0.018442,0.000000
36827,1,0.018436,0.000000
36828,1,0.018430,0.000000
36829,1,0.018424,0.000000
36830,1,0.018419,0.000000
36831,1,0.018413,0.000000
36832,1,0.018407,0.000000
36833,1,0.018402,0.000000
36834,1,0.018396,0.000000
36835,1,0.018390,0.000000
36836,1,0.018385,0.000000
36837,1,0.018379,0.000000
36838,1,0.018373,0.000000
36839,1,0.018367,0.000000
36840,1,0.018362,0.000000
36841,1,0.018356,0.000000
36842,1,0.018350,0.000000
36843,1,0.018345,0.000000
36844,1,0.018339,0.000000
36845,1,0.018333,0.000000
36846,1,0.018328,0.000000
36847,1,0.018322,0.000000
36848,1,0.018316,0.000000
36849,1,0.018311,0.000000
36850,1,0.018305,0.000000
36851,1,0.018300,0.000000
36852,1,0.018294,0.000000
36853,1,0.018288,0.000000
36854,1,0.018283,0.000000
36855,1,0.018277,0.000000
36856,1,0.018271,0.000000
36857,1,0.018266,0.000000
36858,1,0.018260,0.000000
36859,1,0.018254,0.000000
36860,1,0.018249,0.000000
36861,1,0.018243,0.000000
36862,1,0.018238,0.000000
36863,1,0.018232,0.000000
36864,1,0.018226,0.000000
36865,1,0.018221,0.000000
36866,1,0.018215,0.000000
36867,1,0.018209,0.000000
36868,1,0.018204,0.000000
36869,1,0.018198,0.000000
36870,1,0.018193,0.000000
36871,1,0.018187,0.000000
36872,1,0.018181,0.000000
36873,1,0.018176,0.000000
36874,1,0.018170,0.000000
36875,1,0.018165,0.000000
36876,1,0.018159,0.000000
36877,1,0.018153,0.000000
36878,1,0.018148,0.000000
36879,1,0.018142,0.000000
36880,1,0.018137,0.000000
36881,1,0.018131,0.000000
36882,1,0.018126,0.000000
36883,1,0.018120,0.000000
36884,1,0.018114,0.000000
36885,1,0.018109,0.000000
36886,1,0.018103,0.000000
36887,1,0.018098,0.000000
36888,1,0.018092,0.000000
36889,1,0.018087,0.000000
36890,1,0.018081,0.000000
36891,1,0.018075,0.000000
36892,1,0.018070,0.000000
36893,1,0.018064,0.000000
36894,1,0.018059,0.000000
36895,1,0.018053,0.000000
36896,1,0.018048,0.000000
36897,1,0.018042,0.000000
36898,1,0.018037,0.000000
36899,1,0.018031,0.000000
36900,1,0.018026,0.000000
36901,1,0.018020,0.000000
36902,1,0.018014,0.000000
36903,1,0.018009,0.000000
36904,1,0.018003,0.000000
36905,1,0.017998,0.000000
36906,1,0.017992,0.000000
36907,1,0.017987,0.000000
36908,1,0.017981,0.000000
36909,1,0.017976,0.000000
36910,1,0.017970,0.000000
36911,1,0.017965,0.000000
36912,1,0.017959,0.000000
36913,1,0.017954,0.000000
36914,1,0.017948,0.000000
36915,1,0.017943,0.000000
36916,1,0.017937,0.000000
36917,1,0.017932,0.000000
36918,1,0.017926,0.000000
36919,1,0.017921,0.000000
36920,1,0.017915,0.000000
36921,1,0.017910,0.000000
36922,1,0.017904,0.000000
36923,1,0.017899,0.000000
36924,1,0.017893,0.000000
36925,1,0.017888,0.000000
36926,1,0.017882,0.000000
36927,1,0.017877,0.000000
36928,1,0.017871,0.000000
36929,1,0.017866,0.000000
36930,1,0.017861,0.000000
36931,1,0.017855,0.000000
36932,1,0.017850,0.000000
36933,1,0.017844,0.000000
36934,1,0.017839,0.000000
36935,1,0.017833,0.000000
36936,1,0.017828,0.000000
36937,1,0.017822,0.000000
36938,1,0.017817,0.000000
36939,1,0.017811,0.000000
36940,1,0.017806,0.000000
36941,1,0.017801,0.000000
36942,1,0.017795,0.000000
36943,1,0.017790,0.000000
36944,1,0.017784,0.000000
36945,1,0.017779,0.000000
36946,1,0.017773,0.000000
36947,1,0.017768,0.000000
36948,1,0.017763,0.000000
36949,1,0.017757,0.000000
36950,1,0.017752,0.000000
36951,1,0.017746,0.000000
36952,1,0.017741,0.000000
36953,1,0.017735,0.000000
36954,1,0.017730,0.000000
36955,1,0.017725,0.000000
36956,1,0.017719,0.000000
36957,1,0.017714,0.000000
36958,1,0.017708,0.000000
36959,1,0.017703,0.000000
36960,1,0.017698,0.000000
36961,1,0.017692,0.000000
36962,1,0.017687,0.000000
36963,1,0.017681,0.000000
36964,1,0.017676,0.000000
36965,1,0.017671,0.000000
36966,1,0.017665,0.000000
36967,1,0.017660,0.000000
36968,1,0.017654,0.000000
36969,1,0.017649,0.000000
36970,1,0.017644,0.000000
36971,1,0.017638,0.000000
36972,1,0.017633,0.000000
36973,1,0.017628,0.000000
36974,1,0.017622,0.000000
36975,1,0.017617,0.000000
36976,1,0.017612,0.000000
36977,1,0.017606,0.000000
36978,1,0.017601,0.000000
36979,1,0.017595,0.000000
36980,1,0.017590,0.000000
36981,1,0.017585,0.000000
36982,1,0.017579,0.000000
36983,1,0.017574,0.000000
36984,1,0.017569,0.000000
36985,1,0.017563,0.000000
36986,1,0.017558,0.000000
36987,1,0.017553,0.000000
36988,1,0.017547,0.000000
36989,1,0.017542,0.000000
36990,1,0.017537,0.000000
36991,1,0.017531,0.000000
36992,1,0.017526,0.000000
36993,1,0.017521,0.000000
36994,1,0.017515,0.000000
36995,1,0.017510,0.000000
36996,1,0.017505,0.000000
36997,1,0.017499,0.000000
36998,1,0.017494,0.000000
36999,1,0.017489,0.000000
37000,1,0.017483,0.000000
37001,1,0.017478,0.000000
37002,1,0.017473,0.000000
37003,1,0.017468,0.000000
37004,1,0.017462,0.000000
37005,1,0.017457,0.000000
37006,1,0.017452,0.000000
37007,1,0.017446,0.000000
37008,1,0.017441,0.000000
37009,1,0.017436,0.000000
37010,1,0.017430,0.000000
37011,1,0.017425,0.000000
37012,1,0.017420,0.000000
37013,1,0.017415,0.000000
37014,1,0.017409,0.000000
37015,1,0.017404,0.000000
37016,1,0.017399,0.000000
37017,1,0.017394,0.000000
37018,1,0.017388,0.000000
37019,1,0.017383,0.000000
37020,1,0.017378,0.000000
37021,1,0.017372,0.000000
37022,1,0.017367,0.000000
37023,1,0.017362,0.000000
37024,1,0.017357,0.000000
37025,1,0.017351,0.000000
37026,1,0.017346,0.000000
37027,1,0.017341,0.000000
37028,1,0.017336,0.000000
37029,1,0.017330,0.000000
37030,1,0.017325,0.000000
37031,1,0.017320,0.000000
37032,1,0.017315,0.000000
37033,1,0.017309,0.000000
37034,1,0.017304,0.000000
37035,1,0.017299,0.000000
37036,1,0.017294,0.000000
37037,1,0.017288,0.000000
37038,1,0.017283,0.000000
37039,1,0.017278,0.000000
37040,1,0.017273,0.000000
37041,1,0.017268,0.000000
37042,1,0.017262,0.000000
37043,1,0.017257,0.000000
37044,1,0.017252,0.000000
37045,1,0.017247,0.000000
37046,1,0.017241,0.000000
37047,1,0.017236,0.000000
37048,1,0.017231,0.000000
37049,1,0.017226,0.000000
37050,1,0.017221,0.000000
37051,1,0.017215,0.000000
37052,1,0.017210,0.000000
37053,1,0.017205,0.000000
37054,1,0.017200,0.000000
37055,1,0.017195,0.000000
37056,1,0.017189,0.000000
37057,1,0.017184,0.000000
37058,1,0.017179,0.000000
37059,1,0.017174,0.000000
37060,1,0.017169,0.000000
37061,1,0.017164,0.000000
37062,1,0.017158,0.000000
37063,1,0.017153,0.000000
37064,1,0.017148,0.000000
37065,1,0.017143,0.000000
37066,1,0.017138,0.000000
37067,1,0.017133,0.000000
37068,1,0.017127,0.000000
37069,1,0.017122,0.000000
37070,1,0.017117,0.000000
37071,1,0.017112,0.000000
37072,1,0.017107,0.000000
37073,1,0.017102,0.000000
37074,1,0.017096,0.000000
37075,1,0.017091,0.000000
37076,1,0.017086,0.000000
37077,1,0.017081,0.000000
37078,1,0.017076,0.000000
37079,1,0.017071,0.000000
37080,1,0.017066,0.000000
37081,1,0.017060,0.000000
37082,1,0.017055,0.000000
37083,1,0.017050,0.000000
37084,1,0.017045,0.000000
37085,1,0.017040,0.000000
37086,1,0.017035,0.000000
37087,1,0.017030,0.000000
37088,1,0.017024,0.000000
37089,1,0.017019,0.000000
37090,1,0.017014,0.000000
37091,1,0.017009,0.000000
37092,1,0.017004,0.000000
37093,1,0.016999,0.000000
37094,1,0.016994,0.000000
37095,1,0.016989,0.000000
37096,1,0.016984,0.000000
37097,1,0.016978,0.000000
37098,1,0.016973,0.000000
37099,1,0.016968,0.000000
37100,1,0.016963,0.000000
37101,1,0.016958,0.000000
37102,1,0.016953,0.000000
37103,1,0.016948,0.000000
37104,1,0.016943,0.000000
37105,1,0.016938,0.000000
37106,1,0.016933,0.000000
37107,1,0.016928,0.000000
37108,1,0.016922,0.000000
37109,1,0.016917,0.000000
37110,1,0.016912,0.000000
37111,1,0.016907,0.000000
37112,1,0.016902,0.000000
37113,1,0.016897,0.000000
37114,1,0.016892,0.000000
37115,1,0.016887,0.000000
37116,1,0.016882,0.000000
37117,1,0.016877,0.000000
37118,1,0.016872,0.000000
37119,1,0.016867,0.000000
37120,1,0.016862,0.000000
37121,1,0.016857,0.000000
37122,1,0.016851,0.000000
37123,1,0.016846,0.000000
37124,1,0.016841,0.000000
37125,1,0.016836,0.000000
37126,1,0.016831,0.000000
37127,1,0.016826,0.000000
37128,1,0.016821,0.000000
37129,1,0.016816,0.000000
37130,1,0.016811,0.000000
37131,1,0.016806,0.000000
37132,1,0.016801,0.000000
37133,1,0.016796,0.000000
37134,1,0.016791,0.000000
37135,1,0.016786,0.000000
37136,1,0.016781,0.000000
37137,1,0.016776,0.000000
37138,1,0.016771,0.000000
37139,1,0.016766,0.000000
37140,1,0.016761,0.000000
37141,1,0.016756,0.000000
37142,1,0.016751,0.000000
37143,1,0.016746,0.000000
37144,1,0.016741,0.000000
37145,1,0.016736,0.000000
37146,1,0.016731,0.000000
37147,1,0.016726,0.000000
37148,1,0.016721,0.000000
37149,1,0.016716,0.000000
37150,1,0.016711,0.000000
37151,1,0.016706,0.000000
37152,1,0.016701,0.000000
37153,1,0.016696,0.000000
37154,1,0.016691,0.000000
37155,1,0.016686,0.000000
37156,1,0.016681,0.000000
37157,1,0.016676,0.000000
37158,1,0.016671,0.000000
37159,1,0.016666,0.000000
37160,1,0.016661,0.000000
37161,1,0.016656,0.000000
37162,1,0.016651,0.000000
37163,1,0.016646,0.000000
37164,1,0.016641,0.000000
37165,1,0.016636,0.000000
37166,1,0.016631,0.000000
37167,1,0.016626,0.000000
37168,1,0.016621,0.000000
37169,1,0.016616,0.000000
37170,1,0.016611,0.000000
37171,1,0.016606,0.000000
37172,1,0.016601,0.000000
37173,1,0.016596,0.000000
37174,1,0.016591,0.000000
37175,1,0.016586,0.000000
37176,1,0.016581,0.000000
37177,1,0.016577,0.000000
37178,1,0.016572,0.000000
37179,1,0.016567,0.000000
37180,1,0.016562,0.000000
37181,1,0.016557,0.000000
37182,1,0.016552,0.000000
37183,1,0.016547,0.000000
37184,1,0.016542,0.000000
37185,1,0.016537,0.000000
37186,1,0.016532,0.000000
37187,1,0.016527,0.000000
37188,1,0.016522,0.000000
37189,1,0.016517,0.000000
37190,1,0.016512,0.000000
37191,1,0.016508,0.000000
37192,1,0.016503,0.000000
37193,1,0.016498,0.000000
37194,1,0.016493,0.000000
37195,1,0.016488,0.000000
37196,1,0.016483,0.000000
37197,1,0.016478,0.000000
37198,1,0.016473,0.000000
37199,1,0.016468,0.000000
37200,1,0.016463,0.000000
37201,1,0.016458,0.000000
37202,1,0.016454,0.000000
37203,1,0.016449,0.000000
37204,1,0.016444,0.000000
37205,1,0.016439,0.000000
37206,1,0.016434,0.000000
37207,1,0.016429,0.000000
37208,1,0.016424,0.000000
37209,1,0.016419,0.000000
37210,1,0.016414,0.000000
37211,1,0.016410,0.000000
37212,1,0.016405,0.000000
37213,1,0.016400,0.000000
37214,1,0.016395,0.000000
37215,1,0.016390,0.000000
37216,1,0.016385,0.000000
37217,1,0.016380,0.000000
37218,1,0.016375,0.000000
37219,1,0.016371,0.000000
37220,1,0.016366,0.000000
37221,1,0.016361,0.000000
37222,1,0.016356,0.000000
37223,1,0.016351,0.000000
37224,1,0.016346,0.000000
37225,1,0.016341,0.000000
37226,1,0.016337,0.000000
37227,1,0.016332,0.000000
37228,1,0.016327,0.000000
37229,1,0.016322,0.000000
37230,1,0.016317,0.000000
37231,1,0.016312,0.000000
37232,1,0.016308,0.000000
37233,1,0.016303,0.000000
37234,1,0.016298,0.000000
37235,1,0.016293,0.000000
37236,1,0.016288,0.000000
37237,1,0.016283,0.000000
37238,1,0.016279,0.000000
37239,1,0.016274,0.000000
37240,1,0.016269,0.000000
37241,1,0.016264,0.000000
37242,1,0.016259,0.000000
37243,1,0.016254,0.000000
37244,1,0.016250,0.000000
37245,1,0.016245,0.000000
37246,1,0.016240,0.000000
37247,1,0.016235,0.000000
37248,1,0.016230,0.000000
37249,1,0.016226,0.000000
37250,1,0.016221,0.000000
37251,1,0.016216,0.000000
37252,1,0.016211,0.000000
37253,1,0.016206,0.000000
37254,1,0.016201,0.000000
37255,1,0.016197,0.000000
37256,1,0.016192,0.000000
37257,1,0.016187,0.000000
37258,1,0.016182,0.000000
37259,1,0.016178,0.000000
37260,1,0.016173,0.000000
37261,1,0.016168,0.000000
37262,1,0.016163,0.000000
37263,1,0.016158,0.000000
37264,1,0.016154,0.000000
37265,1,0.016149,0.000000
37266,1,0.016144,0.000000
37267,1,0.016139,0.000000
37268,1,0.016135,0.000000
37269,1,0.016130,0.000000
37270,1,0.016125,0.000000
37271,1,0.016120,0.000000
37272,1,0.016115,0.000000
37273,1,0.016111,0.000000
37274,1,0.016106,0.000000
37275,1,0.016101,0.000000
37276,1,0.016096,0.000000
37277,1,0.016092,0.000000
37278,1,0.016087,0.000000
37279,1,0.016082,0.000000
37280,1,0.016077,0.000000
37281,1,0.016073,0.000000
37282,1,0.016068,0.000000
37283,1,0.016063,0.000000
37284,1,0.016058,0.000000
37285,1,0.016054,0.000000
37286,1,0.016049,0.000000
37287,1,0.016044,0.000000
37288,1,0.016039,0.000000
37289,1,0.016035,0.000000
37290,1,0.016030,0.000000
37291,1,0.016025,0.000000
37292,1,0.016021,0.000000
37293,1,0.016016,0.000000
37294,1,0.016011,0.000000
37295,1,0.016006,0.000000
37296,1,0.016002,0.000000
37297,1,0.015997,0.000000
37298,1,0.015992,0.000000
37299,1,0.015987,0.000000
37300,1,0.015983,0.000000
37301,1,0.015978,0.000000
37302,1,0.015973,0.000000
37303,1,0.015969,0.000000
37304,1,0.015964,0.000000
37305,1,0.015959,0.000000
37306,1,0.015954,0.000000
37307,1,0.015950,0.000000
37308,1,0.015945,0.000000
37309,1,0.015940,0.000000
37310,1,0.015936,0.000000
37311,1,0.015931,0.000000
37312,1,0.015926,0.000000
37313,1,0.015922,0.000000
37314,1,0.015917,0.000000
37315,1,0.015912,0.000000
37316,1,0.015908,0.000000
37317,1,0.015903,0.000000
37318,1,0.015898,0.000000
37319,1,0.015894,0.000000
37320,1,0.015889,0.000000
37321,1,0.015884,0.000000
37322,1,0.015879,0.000000
37323,1,0.015875,0.000000
37324,1,0.015870,0.000000
37325,1,0.015865,0.000000
37326,1,0.015861,0.000000
37327,1,0.015856,0.000000
37328,1,0.015851,0.000000
37329,1,0.015847,0.000000
37330,1,0.015842,0.000000
37331,1,0.015837,0.000000
37332,1,0.015833,0.000000
37333,1,0.015828,0.000000
37334,1,0.015824,0.000000
37335,1,0.015819,0.000000
37336,1,0.015814,0.000000
37337,1,0.015810,0.000000
37338,1,0.015805,0.000000
37339,1,0.015800,0.000000
37340,1,0.015796,0.000000
37341,1,0.015791,0.000000
37342,1,0.015786,0.000000
37343,1,0.015782,0.000000
37344,1,0.015777,0.000000
37345,1,0.015772,0.000000
37346,1,0.015768,0.000000
37347,1,0.015763,0.000000
37348,1,0.015759,0.000000
37349,1,0.015754,0.000000
37350,1,0.015749,0.000000
37351,1,0.015745,0.000000
37352,1,0.015740,0.000000
37353,1,0.015735,0.000000
37354,1,0.015731,0.000000
37355,1,0.015726,0.000000
37356,1,0.015722,0.000000
37357,1,0.015717,0.000000
37358,1,0.015712,0.000000
37359,1,0.015708,0.000000
37360,1,0.015703,0.000000
37361,1,0.015699,0.000000
37362,1,0.015694,0.000000
37363,1,0.015689,0.000000
37364,1,0.015685,0.000000
37365,1,0.015680,0.000000
37366,1,0.015676,0.000000
37367,1,0.015671,0.000000
37368,1,0.015666,0.000000
37369,1,0.015662,0.000000
37370,1,0.015657,0.000000
37371,1,0.015653,0.000000
37372,1,0.015648,0.000000
37373,1,0.015643,0.000000
37374,1,0.015639,0.000000
37375,1,0.015634,0.000000
37376,1,0.015630,0.000000
37377,1,0.015625,0.000000
37378,1,0.015621,0.000000
37379,1,0.015616,0.000000
37380,1,0.015611,0.000000
37381,1,0.015607,0.000000
37382,1,0.015602,0.000000
37383,1,0.015598,0.000000
37384,1,0.015593,0.000000
37385,1,0.015589,0.000000
37386,1,0.015584,0.000000
37387,1,0.015579,0.000000
37388,1,0.015575,0.000000
37389,1,0.015570,0.000000
37390,1,0.015566,0.000000
37391,1,0.015561,0.000000
37392,1,0.015557,0.000000
37393,1,0.015552,0.000000
37394,1,0.015548,0.000000
37395,1,0.015543,0.000000
37396,1,0.015538,0.000000
37397,1,0.015534,0.000000
37398,1,0.015529,0.000000
37399,1,0.015525,0.000000
37400,1,0.015520,0.000000
37401,1,0.015516,0.000000
37402,1,0.015511,0.000000
37403,1,0.015507,0.000000
37404,1,0.015502,0.000000
37405,1,0.015498,0.000000
37406,1,0.015493,0.000000
37407,1,0.015489,0.000000
37408,1,0.015484,0.000000
37409,1,0.015479,0.000000
37410,1,0.015475,0.000000
37411,1,0.015470,0.000000
37412,1,0.015466,0.000000
37413,1,0.015461,0.000000
37414,1,0.015457,0.000000
37415,1,0.015452,0.000000
37416,1,0.015448,0.000000
37417,1,0.015443,0.000000
37418,1,0.015439,0.000000
37419,1,0.015434,0.000000
37420,1,0.015430,0.000000
37421,1,0.015425,0.000000
37422,1,0.015421,0.000000
37423,1,0.015416,0.000000
37424,1,0.015412,0.000000
37425,1,0.015407,0.000000
37426,1,0.015403,0.000000
37427,1,0.015398,0.000000
37428,1,0.015394,0.000000
37429,1,0.015389,0.000000
37430,1,0.015385,0.000000
37431,1,0.015380,0.000000
37432,1,0.015376,0.000000
37433,1,0.015371,0.000000
37434,1,0.015367,0.000000
37435,1,0.015363,0.000000
37436,1,0.015358,0.000000
37437,1,0.015354,0.000000
37438,1,0.015349,0.000000
37439,1,0.015345,0.000000
37440,1,0.015340,0.000000
37441,1,0.015336,0.000000
37442,1,0.015331,0.000000
37443,1,0.015327,0.000000
37444,1,0.015322,0.000000
37445,1,0.015318,0.000000
37446,1,0.015313,0.000000
37447,1,0.015309,0.000000
37448,1,0.015304,0.000000
37449,1,0.015300,0.000000
37450,1,0.015296,0.000000
37451,1,0.015291,0.000000
37452,1,0.015287,0.000000
37453,1,0.015282,0.000000
37454,1,0.015278,0.000000
37455,1,0.015273,0.000000
37456,1,0.015269,0.000000
37457,1,0.015264,0.000000
37458,1,0.015260,0.000000
37459,1,0.015256,0.000000
37460,1,0.015251,0.000000
37461,1,0.015247,0.000000
37462,1,0.015242,0.000000
37463,1,0.015238,0.000000
37464,1,0.015233,0.000000
37465,1,0.015229,0.000000
37466,1,0.015224,0.000000
37467,1,0.015220,0.000000
37468,1,0.015216,0.000000
37469,1,0.015211,0.000000
37470,1,0.015207,0.000000
37471,1,0.015202,0.000000
37472,1,0.015198,0.000000
37473,1,0.015194,0.000000
37474,1,0.015189,0.000000
37475,1,0.015185,0.000000
37476,1,0.015180,0.000000
37477,1,0.015176,0.000000
37478,1,0.015171,0.000000
37479,1,0.015167,0.000000
37480,1,0.015163,0.000000
37481,1,0.015158,0.000000
37482,1,0.015154,0.000000
37483,1,0.015149,0.000000
37484,1,0.015145,0.000000
37485,1,0.015141,0.000000
37486,1,0.015136,0.000000
37487,1,0.015132,0.000000
37488,1,0.015127,0.000000
37489,1,0.015123,0.000000
37490,1,0.015119,0.000000
37491,1,0.015114,0.000000
37492,1,0.015110,0.000000
37493,1,0.015106,0.000000
37494,0,0.015101,0.000000
37495,1,0.015209,0.000000
37496,1,0.015307,0.000000
37497,1,0.015395,0.000000
37498,1,0.015475,0.000000
37499,1,0.015547,0.000000
37500,1,0.015611,0.000000
37501,1,0.015670,0.000000
37502,1,0.015722,0.000000
37503,1,0.015770,0.000000
37504,1,0.015813,0.000000
37505,1,0.015852,0.000000
37506,1,0.015887,0.000000
37507,1,0.015918,0.000000
37508,1,0.015947,0.000000
37509,1,0.015973,0.000000
37510,1,0.015996,0.000000
37511,1,0.016017,0.000000
37512,1,0.016035,0.000000
37513,1,0.016052,0.000000
37514,1,0.016067,0.000030
37515,1,0.016080,0.000156
37516,1,0.016091,0.000358
37517,1,0.016101,0.000621
37518,1,0.016109,0.000929
37519,1,0.016116,0.001269
37520,1,0.016122,0.001631
37521,1,0.016127,0.002005
37522,1,0.016131,0.002382
37523,1,0.016134,0.002754
37524,1,0.016136,0.003114
37525,1,0.016137,0.003449
37526,1,0.016138,0.003735
37527,1,0.016138,0.003959
37528,1,0.016138,0.004115
37529,1,0.016137,0.004205
37530,1,0.016136,0.004233
37531,1,0.016134,0.004208
37532,1,0.016132,0.004136
37533,1,0.016130,0.004026
37534,1,0.016127,0.003888
37535,1,0.016124,0.003729
37536,1,0.016121,0.003556
37537,1,0.016118,0.003376
37538,1,0.016114,0.003195
37539,1,0.016111,0.003017
37540,1,0.016107,0.002846
37541,1,0.016103,0.002685
37542,1,0.016099,0.002535
37543,1,0.016095,0.002399
37544,1,0.016091,0.002277
37545,1,0.016086,0.002168
37546,1,0.016082,0.002074
37547,1,0.016078,0.001993
37548,1,0.016073,0.001924
37549,1,0.016068,0.001867
37550,1,0.016064,0.001820
37551,1,0.016059,0.001781
37552,1,0.016054,0.001750
37553,1,0.016049,0.001725
37554,1,0.016044,0.001704
37555,1,0.016040,0.001687
37556,1,0.016035,0.001668
37557,1,0.016030,0.001643
37558,1,0.016025,0.001610
37559,1,0.016020,0.001568
37560,1,0.016015,0.001519
37561,1,0.016010,0.001463
37562,1,0.016004,0.001401
37563,1,0.015999,0.001335
37564,1,0.015994,0.001266
37565,1,0.015989,0.001196
37566,1,0.015984,0.001125
37567,1,0.015979,0.001056
37568,1,0.015974,0.000988
37569,1,0.015969,0.000924
37570,1,0.015963,0.000862
37571,1,0.015958,0.000805
37572,1,0.015953,0.000752
37573,1,0.015948,0.000704
37574,1,0.015943,0.000660
37575,1,0.015938,0.000620
37576,1,0.015933,0.000585
37577,1,0.015927,0.000554
37578,1,0.015922,0.000526
37579,1,0.015917,0.000502
37580,1,0.015912,0.000481
37581,1,0.015907,0.000463
37582,1,0.015901,0.000448
37583,1,0.015896,0.000434
37584,1,0.015891,0.000423
37585,1,0.015886,0.000412
37586,1,0.015881,0.000402
37587,1,0.015876,0.000392
37588,1,0.015870,0.000381
37589,1,0.015865,0.000368
37590,1,0.015860,0.000354
37591,1,0.015855,0.000339
37592,1,0.015850,0.000323
37593,1,0.015845,0.000307
37594,1,0.015839,0.000290
37595,1,0.015834,0.000273
37596,1,0.015829,0.000256
37597,1,0.015824,0.000240
37598,1,0.015819,0.000224
37599,1,0.015814,0.000209
37600,1,0.015809,0.000195
37601,1,0.015803,0.000181
37602,1,0.015798,0.000169
37603,1,0.015793,0.000158
37604,1,0.015788,0.000148
37605,1,0.015783,0.000138
37606,1,0.015778,0.000130
37607,1,0.015773,0.000123
37608,1,0.015767,0.000116
37609,1,0.015762,0.000111
37610,1,0.015757,0.000106
37611,1,0.015752,0.000101
37612,1,0.015747,0.000098
37613,1,0.015742,0.000094
37614,1,0.015737,0.000092
37615,1,0.015732,0.000089
37616,1,0.015726,0.000087
37617,1,0.015721,0.000084
37618,1,0.015716,0.000082
37619,1,0.015711,0.000079
37620,1,0.015706,0.000075
37621,1,0.015701,0.000072
37622,1,0.015696,0.000069
37623,1,0.015691,0.000065
37624,1,0.015686,0.000061
37625,1,0.015681,0.000058
37626,1,0.015675,0.000054
37627,1,0.015670,0.000051
37628,1,0.015665,0.000047
37629,1,0.015660,0.000044
37630,1,0.015655,0.000041
37631,1,0.015650,0.000038
37632,1,0.015645,0.000036
37633,1,0.015640,0.000033
37634,1,0.015635,0.000031
37635,1,0.015630,0.000029
37636,1,0.015625,0.000027
37637,1,0.015620,0.000026
37638,1,0.015615,0.000024
37639,1,0.015610,0.000023
37640,1,0.015605,0.000022
37641,1,0.015599,0.000021
37642,1,0.015594,0.000021
37643,1,0.015589,0.000020
37644,1,0.015584,0.000019
37645,1,0.015579,0.000019
37646,1,0.015574,0.000018
37647,1,0.015569,0.000018
37648,1,0.015564,0.000017
37649,1,0.015559,0.000016
37650,1,0.015554,0.000016
37651,1,0.015549,0.000015
37652,1,0.015544,0.000014
37653,1,0.015539,0.000013
37654,1,0.015534,0.000013
37655,1,0.015529,0.000012
37656,1,0.015524,0.000011
37657,1,0.015519,0.000010
37658,1,0.015514,0.000010
37659,1,0.015509,0.000009
37660,1,0.015504,0.000008
37661,1,0.015499,0.000008
37662,1,0.015494,0.000007
37663,1,0.015489,0.000007
37664,1,0.015484,0.000006
37665,1,0.015479,0.000006
37666,1,0.015474,0.000006
37667,1,0.015469,0.000005
37668,1,0.015464,0.000005
37669,1,0.015459,0.000005
37670,1,0.015454,0.000005
37671,1,0.015449,0.000004
37672,1,0.015444,0.000004
37673,1,0.015439,0.000004
37674,1,0.015434,0.000004
37675,1,0.015429,0.000004
37676,1,0.015424,0.000004
37677,1,0.015419,0.000004
37678,1,0.015414,0.000004
37679,1,0.015409,0.000003
37680,1,0.015404,0.000003
37681,1,0.015399,0.000003
37682,1,0.015394,0.000003
37683,1,0.015389,0.000003
37684,1,0.015384,0.000003
37685,1,0.015379,0.000002
37686,1,0.015375,0.000002
37687,1,0.015370,0.000002
37688,1,0.015365,0.000002
37689,1,0.015360,0.000002
37690,1,0.015355,0.000002
37691,1,0.015350,0.000002
37692,1,0.015345,0.000002
37693,1,0.015340,0.000001
37694,1,0.015335,0.000001
37695,1,0.015330,0.000001
37696,1,0.015325,0.000001
37697,1,0.015320,0.000001
37698,1,0.015315,0.000001
37699,1,0.015310,0.000001
37700,1,0.015305,0.000001
37701,1,0.015301,0.000001
37702,1,0.015296,0.000001
37703,1,0.015291,0.000001
37704,1,0.015286,0.000001
37705,1,0.015281,0.000001
37706,1,0.015276,0.000001
37707,1,0.015271,0.000001
37708,1,0.015266,0.000001
37709,1,0.015261,0.000001
37710,1,0.015256,0.000001
37711,1,0.015252,0.000001
37712,1,0.015247,0.000001
37713,1,0.015242,0.000001
37714,1,0.015237,0.000001
37715,1,0.015232,0.000000
37716,1,0.015227,0.000000
37717,1,0.015222,0.000000
37718,1,0.015217,0.000000
37719,1,0.015213,0.000000
37720,1,0.015208,0.000000
37721,1,0.015203,0.000000
37722,1,0.015198,0.000000
37723,1,0.015193,0.000000
37724,1,0.015188,0.000000
37725,1,0.015183,0.000000
37726,1,0.015178,0.000000
37727,1,0.015174,0.000000
37728,1,0.015169,0.000000
37729,1,0.015164,0.000000
37730,1,0.015159,0.000000
37731,1,0.015154,0.000000
37732,1,0.015149,0.000000
37733,1,0.015145,0.000000
37734,1,0.015140,0.000000
37735,1,0.015135,0.000000
37736,1,0.015130,0.000000
37737,1,0.015125,0.000000
37738,1,0.015120,0.000000
37739,1,0.015116,0.000000
37740,1,0.015111,0.000000
37741,1,0.015106,0.000000
37742,1,0.015101,0.000000
37743,1,0.015096,0.000000
37744,1,0.015091,0.000000
37745,1,0.015087,0.000000
37746,1,0.015082,0.000000
37747,1,0.015077,0.000000
37748,1,0.015072,0.000000
37749,1,0.015067,0.000000
37750,1,0.015063,0.000000
37751,1,0.015058,0.000000
37752,1,0.015053,0.000000
37753,1,0.015048,0.000000
37754,1,0.015043,0.000000
37755,1,0.015039,0.000000
37756,1,0.015034,0.000000
37757,1,0.015029,0.000000
37758,1,0.015024,0.000000
37759,1,0.015019,0.000000
37760,1,0.015015,0.000000
37761,1,0.015010,0.000000
37762,1,0.015005,0.000000
37763,1,0.015000,0.000000
37764,1,0.014996,0.000000
37765,1,0.014991,0.000000
37766,1,0.014986,0.000000
37767,1,0.014981,0.000000
37768,1,0.014977,0.000000
37769,1,0.014972,0.000000
37770,1,0.014967,0.000000
37771,1,0.014962,0.000000
37772,1,0.014957,0.000000
37773,1,0.014953,0.000000
37774,1,0.014948,0.000000
37775,1,0.014943,0.000000
37776,1,0.014938,0.000000
37777,1,0.014934,0.000000
37778,1,0.014929,0.000000
37779,1,0.014924,0.000000
37780,1,0.014920,0.000000
37781,1,0.014915,0.000000
37782,1,0.014910,0.000000
37783,1,0.014905,0.000000
37784,1,0.014901,0.000000
37785,1,0.014896,0.000000
37786,1,0.014891,0.000000
37787,1,0.014886,0.000000
37788,1,0.014882,0.000000
37789,1,0.014877,0.000000
37790,1,0.014872,0.000000
37791,1,0.014868,0.000000
37792,1,0.014863,0.000000
37793,1,0.014858,0.000000
37794,1,0.014853,0.000000
37795,1,0.014849,0.000000
37796,1,0.014844,0.000000
37797,1,0.014839,0.000000
37798,1,0.014835,0.000000
37799,1,0.014830,0.000000
37800,1,0.014825,0.000000
37801,1,0.014821,0.000000
37802,1,0.014816,0.000000
37803,1,0.014811,0.000000
37804,1,0.014806,0.000000
37805,1,0.014802,0.000000
37806,1,0.014797,0.000000
37807,1,0.014792,0.000000
37808,1,0.014788,0.000000
37809,1,0.014783,0.000000
37810,1,0.014778,0.000000
37811,1,0.014774,0.000000
37812,1,0.014769,0.000000
37813,1,0.014764,0.000000
37814,1,0.014760,0.000000
37815,1,0.014755,0.000000
37816,1,0.014750,0.000000
37817,1,0.014746,0.000000
37818,1,0.014741,0.000000
37819,1,0.014736,0.000000
37820,1,0.014732,0.000000
37821,1,0.014727,0.000000
37822,1,0.014722,0.000000
37823,1,0.014718,0.000000
37824,1,0.014713,0.000000
37825,1,0.014708,0.000000
37826,1,0.014704,0.000000
37827,1,0.014699,0.000000
37828,1,0.014695,0.000000
37829,1,0.014690,0.000000
37830,1,0.014685,0.000000
37831,1,0.014681,0.000000
37832,1,0.014676,0.000000
37833,1,0.014671,0.000000
37834,1,0.014667,0.000000
37835,1,0.014662,0.000000
37836,1,0.014658,0.000000
37837,1,0.014653,0.000000
37838,1,0.014648,0.000000
37839,1,0.014644,0.000000
37840,1,0.014639,0.000000
37841,1,0.014634,0.000000
37842,1,0.014630,0.000000
37843,1,0.014625,0.000000
37844,1,0.014621,0.000000
37845,1,0.014616,0.000000
37846,1,0.014611,0.000000
37847,1,0.014607,0.000000
37848,1,0.014602,0.000000
37849,1,0.014598,0.000000
37850,1,0.014593,0.000000
37851,1,0.014588,0.000000
37852,1,0.014584,0.000000
37853,1,0.014579,0.000000
37854,1,0.014575,0.000000
37855,1,0.014570,0.000000
37856,1,0.014566,0.000000
37857,1,0.014561,0.000000
37858,1,0.014556,0.000000
37859,1,0.014552,0.000000
37860,1,0.014547,0.000000
37861,1,0.014543,0.000000
37862,1,0.014538,0.000000
37863,1,0.014534,0.000000
37864,1,0.014529,0.000000
37865,1,0.014524,0.000000
37866,1,0.014520,0.000000
37867,1,0.014515,0.000000
37868,1,0.014511,0.000000
37869,1,0.014506,0.000000
37870,1,0.014502,0.000000
37871,1,0.014497,0.000000
37872,1,0.014493,0.000000
37873,1,0.014488,0.000000
37874,1,0.014483,0.000000
37875,1,0.014479,0.000000
37876,1,0.014474,0.000000
37877,1,0.014470,0.000000
37878,1,0.014465,0.000000
37879,1,0.014461,0.000000
37880,1,0.014456,0.000000
37881,1,0.014452,0.000000
37882,1,0.014447,0.000000
37883,1,0.014443,0.000000
37884,1,0.014438,0.000000
37885,1,0.014434,0.000000
37886,1,0.014429,0.000000
37887,1,0.014425,0.000000
37888,1,0.014420,0.000000
37889,1,0.014416,0.000000
37890,1,0.014411,0.000000
37891,1,0.014407,0.000000
37892,1,0.014402,0.000000
37893,1,0.014398,0.000000
37894,1,0.014393,0.000000
37895,1,0.014389,0.000000
37896,1,0.014384,0.000000
37897,1,0.014380,0.000000
37898,1,0.014375,0.000000
37899,1,0.014371,0.000000
37900,1,0.014366,0.000000
37901,1,0.014362,0.000000
37902,1,0.014357,0.000000
37903,1,0.014353,0.000000
37904,1,0.014348,0.000000
37905,1,0.014344,0.000000
37906,1,0.014339,0.000000
37907,1,0.014335,0.000000
37908,1,0.014330,0.000000
37909,1,0.014326,0.000000
37910,1,0.014321,0.000000
37911,1,0.014317,0.000000
37912,1,0.014312,0.000000
37913,1,0.014308,0.000000
37914,1,0.014303,0.000000
37915,1,0.014299,0.000000
37916,1,0.014294,0.000000
37917,1,0.014290,0.000000
37918,1,0.014286,0.000000
37919,1,0.014281,0.000000
37920,1,0.014277,0.000000
37921,1,0.014272,0.000000
37922,1,0.014268,0.000000
37923,1,0.014263,0.000000
37924,1,0.014259,0.000000
37925,1,0.014254,0.000000
37926,1,0.014250,0.000000
37927,1,0.014246,0.000000
37928,1,0.014241,0.000000
37929,1,0.014237,0.000000
37930,1,0.014232,0.000000
37931,1,0.014228,0.000000
37932,1,0.014223,0.000000
37933,1,0.014219,0.000000
37934,1,0.014215,0.000000
37935,1,0.014210,0.000000
37936,1,0.014206,0.000000
37937,1,0.014201,0.000000
37938,1,0.014197,0.000000
37939,1,0.014192,0.000000
37940,1,0.014188,0.000000
37941,1,0.014184,0.000000
37942,1,0.014179,0.000000
37943,1,0.014175,0.000000
37944,1,0.014170,0.000000
37945,1,0.014166,0.000000
37946,1,0.014162,0.000000
37947,1,0.014157,0.000000
37948,1,0.014153,0.000000
37949,1,0.014148,0.000000
37950,1,0.014144,0.000000
37951,1,0.014140,0.000000
37952,1,0.014135,0.000000
37953,1,0.014131,0.000000
37954,1,0.014126,0.000000
37955,1,0.014122,0.000000
37956,1,0.014118,0.000000
37957,1,0.014113,0.000000
37958,1,0.014109,0.000000
37959,1,0.014105,0.000000
37960,1,0.014100,0.000000
37961,1,0.014096,0.000000
37962,1,0.014091,0.000000
37963,1,0.014087,0.000000
37964,1,0.014083,0.000000
37965,1,0.014078,0.000000
37966,1,0.014074,0.000000
37967,1,0.014070,0.000000
37968,1,0.014065,0.000000
37969,1,0.014061,0.000000
37970,1,0.014056,0.000000
37971,1,0.014052,0.000000
37972,1,0.014048,0.000000
37973,1,0.014043,0.000000
37974,1,0.014039,0.000000
37975,1,0.014035,0.000000
37976,1,0.014030,0.000000
37977,1,0.014026,0.000000
37978,1,0.014022,0.000000
37979,1,0.014017,0.000000
37980,1,0.014013,0.000000
37981,1,0.014009,0.000000
37982,1,0.014004,0.000000
37983,1,0.014000,0.000000
37984,1,0.013996,0.000000
37985,1,0.013991,0.000000
37986,1,0.013987,0.000000
37987,1,0.013983,0.000000
37988,1,0.013978,0.000000
37989,1,0.013974,0.000000
37990,1,0.013970,0.000000
37991,1,0.013965,0.000000
37992,1,0.013961,0.000000
37993,1,0.013957,0.000000
37994,1,0.013952,0.000000
37995,1,0.013948,0.000000
37996,1,0.013944,0.000000
37997,1,0.013940,0.000000
37998,1,0.013935,0.000000
37999,1,0.013931,0.000000
38000,1,0.013927,0.000000
38001,1,0.013922,0.000000
38002,1,0.013918,0.000000
38003,1,0.013914,0.000000
38004,1,0.013909,0.000000
38005,1,0.013905,0.000000
38006,1,0.013901,0.000000
38007,1,0.013897,0.000000
38008,1,0.013892,0.000000
38009,1,0.013888,0.000000
38010,1,0.013884,0.000000
38011,1,0.013879,0.000000
38012,1,0.013875,0.000000
38013,1,0.013871,0.000000
38014,1,0.013867,0.000000
38015,1,0.013862,0.000000
38016,1,0.013858,0.000000
38017,1,0.013854,0.000000
38018,1,0.013850,0.000000
38019,1,0.013845,0.000000
38020,1,0.013841,0.000000
38021,1,0.013837,0.000000
38022,1,0.013832,0.000000
38023,1,0.013828,0.000000
38024,1,0.013824,0.000000
38025,0,0.013820,0.000000
38026,1,0.013934,0.000000
38027,1,0.014037,0.000000
38028,1,0.014130,0.000000
38029,1,0.014215,0.000000
38030,1,0.014290,0.000000
38031,1,0.014359,0.000000
38032,1,0.014421,0.000000
38033,1,0.014477,0.000000
38034,1,0.014527,0.000000
38035,1,0.014573,0.000000
38036,1,0.014614,0.000000
38037,1,0.014651,0.000000
38038,1,0.014684,0.000000
38039,1,0.014714,0.000000
38040,1,0.014742,0.000000
38041,1,0.014766,0.000000
38042,1,0.014788,0.000000
38043,1,0.014808,0.000000
38044,1,0.014825,0.000000
38045,1,0.014841,0.000022
38046,1,0.014855,0.000126
38047,1,0.014867,0.000294
38048,1,0.014877,0.000514
38049,1,0.014886,0.000772
38050,1,0.014894,0.001060
38051,1,0.014901,0.001367
38052,1,0.014906,0.001687
38053,1,0.014910,0.002011
38054,1,0.014914,0.002335
38055,1,0.014917,0.002651
38056,1,0.014918,0.002956
38057,1,0.014920,0.003245
38058,1,0.014920,0.003512
38059,1,0.014920,0.003737
38060,1,0.014920,0.003908
38061,1,0.014919,0.004021
38062,1,0.014917,0.004079
38063,1,0.014915,0.004084
38064,1,0.014913,0.004042
38065,1,0.014911,0.003961
38066,1,0.014908,0.003848
38067,1,0.014905,0.003710
38068,1,0.014902,0.003553
38069,1,0.014899,0.003384
38070,1,0.014895,0.003209
38071,1,0.014891,0.003032
38072,1,0.014888,0.002858
38073,1,0.014884,0.002689
38074,1,0.014880,0.002528
38075,1,0.014875,0.002377
38076,1,0.014871,0.002238
38077,1,0.014867,0.002110
38078,1,0.014862,0.001996
38079,1,0.014858,0.001893
38080,1,0.014853,0.001803
38081,1,0.014849,0.001724
38082,1,0.014844,0.001656
38083,1,0.014839,0.001598
38084,1,0.014835,0.001549
38085,1,0.014830,0.001507
38086,1,0.014825,0.001472
38087,1,0.014820,0.001443
38088,1,0.014815,0.001418
38089,1,0.014810,0.001396
38090,1,0.014805,0.001377
38091,1,0.014800,0.001358
38092,1,0.014795,0.001335
38093,1,0.014790,0.001307
38094,1,0.014785,0.001272
38095,1,0.014780,0.001232
38096,1,0.014775,0.001187
38097,1,0.014770,0.001137
38098,1,0.014765,0.001084
38099,1,0.014760,0.001029
38100,1,0.014755,0.000972
38101,1,0.014750,0.000916
38102,1,0.014745,0.000859
38103,1,0.014739,0.000805
38104,1,0.014734,0.000752
38105,1,0.014729,0.000701
38106,1,0.014724,0.000654
38107,1,0.014719,0.000610
38108,1,0.014714,0.000569
38109,1,0.014709,0.000531
38110,1,0.014704,0.000497
38111,1,0.014699,0.000466
38112,1,0.014693,0.000439
38113,1,0.014688,0.000414
38114,1,0.014683,0.000393
38115,1,0.014678,0.000374
38116,1,0.014673,0.000357
38117,1,0.014668,0.000343
38118,1,0.014663,0.000330
38119,1,0.014658,0.000319
38120,1,0.014653,0.000309
38121,1,0.014647,0.000301
38122,1,0.014642,0.000293
38123,1,0.014637,0.000286
38124,1,0.014632,0.000279
38125,1,0.014627,0.000271
38126,1,0.014622,0.000262
38127,1,0.014617,0.000253
38128,1,0.014612,0.000242
38129,1,0.014607,0.000231
38130,1,0.014602,0.000220
38131,1,0.014596,0.000208
38132,1,0.014591,0.000196
38133,1,0.014586,0.000184
38134,1,0.014581,0.000173
38135,1,0.014576,0.000161
38136,1,0.014571,0.000151
38137,1,0.014566,0.000140
38138,1,0.014561,0.000131
38139,1,0.014556,0.000122
38140,1,0.014551,0.000113
38141,1,0.014546,0.000106
38142,1,0.014541,0.000099
38143,1,0.014536,0.000092
38144,1,0.014531,0.000087
38145,1,0.014526,0.000082
38146,1,0.014520,0.000077
38147,1,0.014515,0.000073
38148,1,0.014510,0.000070
38149,1,0.014505,0.000067
38150,1,0.014500,0.000064
38151,1,0.014495,0.000062
38152,1,0.014490,0.000060
38153,1,0.014485,0.000058
38154,1,0.014480,0.000056
38155,1,0.014475,0.000055
38156,1,0.014470,0.000053
38157,1,0.014465,0.000052
38158,1,0.014460,0.000050
38159,1,0.014455,0.000048
38160,1,0.014450,0.000046
38161,1,0.014445,0.000044
38162,1,0.014440,0.000042
38163,1,0.014435,0.000039
38164,1,0.014430,0.000037
38165,1,0.014425,0.000035
38166,1,0.014420,0.000033
38167,1,0.014415,0.000030
38168,1,0.014410,0.000028
38169,1,0.014405,0.000026
38170,1,0.014400,0.000025
38171,1,0.014395,0.000023
38172,1,0.014390,0.000021
38173,1,0.014385,0.000020
38174,1,0.014380,0.000019
38175,1,0.014375,0.000017
38176,1,0.014370,0.000016
38177,1,0.014365,0.000015
38178,1,0.014360,0.000015
38179,1,0.014355,0.000014
38180,1,0.014350,0.000013
38181,1,0.014345,0.000013
38182,1,0.014340,0.000012
38183,1,0.014336,0.000012
38184,1,0.014331,0.000011
38185,1,0.014326,0.000011
38186,1,0.014321,0.000011
38187,1,0.014316,0.000010
38188,1,0.014311,0.000010
38189,1,0.014306,0.000010
38190,1,0.014301,0.000009
38191,1,0.014296,0.000009
38192,1,0.014291,0.000009
38193,1,0.014286,0.000008
38194,1,0.014281,0.000008
38195,1,0.014276,0.000007
38196,1,0.014271,0.000007
38197,1,0.014267,0.000006
38198,1,0.014262,0.000006
38199,1,0.014257,0.000006
38200,1,0.014252,0.000005
38201,1,0.014247,0.000005
38202,1,0.014242,0.000005
38203,1,0.014237,0.000004
38204,1,0.014232,0.000004
38205,1,0.014227,0.000004
38206,1,0.014222,0.000003
38207,1,0.014218,0.000003
38208,1,0.014213,0.000003
38209,1,0.014208,0.000003
38210,1,0.014203,0.000003
38211,1,0.014198,0.000003
38212,1,0.014193,0.000002
38213,1,0.014188,0.000002
38214,1,0.014183,0.000002
38215,1,0.014179,0.000002
38216,1,0.014174,0.000002
38217,1,0.014169,0.000002
38218,1,0.014164,0.000002
38219,1,0.014159,0.000002
38220,1,0.014154,0.000002
38221,1,0.014149,0.000002
38222,1,0.014145,0.000002
38223,1,0.014140,0.000002
38224,1,0.014135,0.000002
38225,1,0.014130,0.000002
38226,1,0.014125,0.000001
38227,1,0.014120,0.000001
38228,1,0.014116,0.000001
38229,1,0.014111,0.000001
38230,1,0.014106,0.000001
38231,1,0.014101,0.000001
38232,1,0.014096,0.000001
38233,1,0.014091,0.000001
38234,1,0.014087,0.000001
38235,1,0.014082,0.000001
38236,1,0.014077,0.000001
38237,1,0.014072,0.000001
38238,1,0.014067,0.000001
38239,1,0.014063,0.000001
38240,1,0.014058,0.000001
38241,1,0.014053,0.000001
38242,1,0.014048,0.000001
38243,1,0.014043,0.000000
38244,1,0.014039,0.000000
38245,1,0.014034,0.000000
38246,1,0.014029,0.000000
38247,1,0.014024,0.000000
38248,1,0.014019,0.000000
38249,1,0.014015,0.000000
38250,1,0.014010,0.000000
38251,1,0.014005,0.000000
38252,1,0.014000,0.000000
38253,1,0.013996,0.000000
38254,1,0.013991,0.000000
38255,1,0.013986,0.000000
38256,1,0.013981,0.000000
38257,1,0.013976,0.000000
38258,1,0.013972,0.000000
38259,1,0.013967,0.000000
38260,1,0.013962,0.000000
38261,1,0.013957,0.000000
38262,1,0.013953,0.000000
38263,1,0.013948,0.000000
38264,1,0.013943,0.000000
38265,1,0.013939,0.000000
38266,1,0.013934,0.000000
38267,1,0.013929,0.000000
38268,1,0.013924,0.000000
38269,1,0.013920,0.000000
38270,1,0.013915,0.000000
38271,1,0.013910,0.000000
38272,1,0.013905,0.000000
38273,1,0.013901,0.000000
38274,1,0.013896,0.000000
38275,1,0.013891,0.000000
38276,1,0.013887,0.000000
38277,1,0.013882,0.000000
38278,1,0.013877,0.000000
38279,1,0.013872,0.000000
38280,1,0.013868,0.000000
38281,1,0.013863,0.000000
38282,1,0.013858,0.000000
38283,1,0.013854,0.000000
38284,1,0.013849,0.000000
38285,1,0.013844,0.000000
38286,1,0.013840,0.000000
38287,1,0.013835,0.000000
38288,1,0.013830,0.000000
38289,1,0.013826,0.000000
38290,1,0.013821,0.000000
38291,1,0.013816,0.000000
38292,1,0.013811,0.000000
38293,1,0.013807,0.000000
38294,1,0.013802,0.000000
38295,1,0.013797,0.000000
38296,1,0.013793,0.000000
38297,1,0.013788,0.000000
38298,1,0.013783,0.000000
38299,1,0.013779,0.000000
38300,1,0.013774,0.000000
38301,1,0.013770,0.000000
38302,1,0.013765,0.000000
38303,1,0.013760,0.000000
38304,1,0.013756,0.000000
38305,1,0.013751,0.000000
38306,1,0.013746,0.000000
38307,1,0.013742,0.000000
38308,1,0.013737,0.000000
38309,1,0.013732,0.000000
38310,1,0.013728,0.000000
38311,1,0.013723,0.000000
38312,1,0.013719,0.000000
38313,1,0.013714,0.000000
38314,1,0.013709,0.000000
38315,1,0.013705,0.000000
38316,1,0.013700,0.000000
38317,1,0.013695,0.000000
38318,1,0.013691,0.000000
38319,1,0.013686,0.000000
38320,1,0.013682,0.000000
38321,1,0.013677,0.000000
38322,1,0.013672,0.000000
38323,1,0.013668,0.000000
38324,1,0.013663,0.000000
38325,1,0.013659,0.000000
38326,1,0.013654,0.000000
38327,1,0.013649,0.000000
38328,1,0.013645,0.000000
38329,1,0.013640,0.000000
38330,1,0.013636,0.000000
38331,1,0.013631,0.000000
38332,1,0.013626,0.000000
38333,1,0.013622,0.000000
38334,1,0.013617,0.000000
38335,1,0.013613,0.000000
38336,1,0.013608,0.000000
38337,1,0.013604,0.000000
38338,1,0.013599,0.000000
38339,1,0.013595,0.000000
38340,1,0.013590,0.000000
38341,1,0.013585,0.000000
38342,1,0.013581,0.000000
38343,1,0.013576,0.000000
38344,1,0.013572,0.000000
38345,1,0.013567,0.000000
38346,1,0.013563,0.000000
38347,1,0.013558,0.000000
38348,1,0.013554,0.000000
38349,1,0.013549,0.000000
38350,1,0.013544,0.000000
38351,1,0.013540,0.000000
38352,1,0.013535,0.000000
38353,1,0.013531,0.000000
38354,1,0.013526,0.000000
38355,1,0.013522,0.000000
38356,1,0.013517,0.000000
38357,1,0.013513,0.000000
38358,1,0.013508,0.000000
38359,1,0.013504,0.000000
38360,1,0.013499,0.000000
38361,1,0.013495,0.000000
38362,1,0.013490,0.000000
38363,1,0.013486,0.000000
38364,1,0.013481,0.000000
38365,1,0.013477,0.000000
38366,1,0.013472,0.000000
38367,1,0.013468,0.000000
38368,1,0.013463,0.000000
38369,1,0.013459,0.000000
38370,1,0.013454,0.000000
38371,1,0.013450,0.000000
38372,1,0.013445,0.000000
38373,1,0.013441,0.000000
38374,1,0.013436,0.000000
38375,1,0.013432,0.000000
38376,1,0.013427,0.000000
38377,1,0.013423,0.000000
38378,1,0.013418,0.000000
38379,1,0.013414,0.000000
38380,1,0.013409,0.000000
38381,1,0.013405,0.000000
38382,1,0.013400,0.000000
38383,1,0.013396,0.000000
38384,1,0.013392,0.000000
38385,1,0.013387,0.000000
38386,1,0.013383,0.000000
38387,1,0.013378,0.000000
38388,1,0.013374,0.000000
38389,1,0.013369,0.000000
38390,1,0.013365,0.000000
38391,1,0.013360,0.000000
38392,1,0.013356,0.000000
38393,1,0.013352,0.000000
38394,1,0.013347,0.000000
38395,1,0.013343,0.000000
38396,1,0.013338,0.000000
38397,1,0.013334,0.000000
38398,1,0.013329,0.000000
38399,1,0.013325,0.000000
38400,1,0.013321,0.000000
38401,1,0.013316,0.000000
38402,1,0.013312,0.000000
38403,1,0.013307,0.000000
38404,1,0.013303,0.000000
38405,1,0.013298,0.000000
38406,1,0.013294,0.000000
38407,1,0.013290,0.000000
38408,1,0.013285,0.000000
38409,1,0.013281,0.000000
38410,1,0.013276,0.000000
38411,1,0.013272,0.000000
38412,1,0.013268,0.000000
38413,1,0.013263,0.000000
38414,1,0.013259,0.000000
38415,1,0.013254,0.000000
38416,1,0.013250,0.000000
38417,1,0.013246,0.000000
38418,1,0.013241,0.000000
38419,1,0.013237,0.000000
38420,1,0.013232,0.000000
38421,1,0.013228,0.000000
38422,1,0.013224,0.000000
38423,1,0.013219,0.000000
38424,1,0.013215,0.000000
38425,1,0.013211,0.000000
38426,1,0.013206,0.000000
38427,1,0.013202,0.000000
38428,1,0.013198,0.000000
38429,1,0.013193,0.000000
38430,1,0.013189,0.000000
38431,1,0.013184,0.000000
38432,1,0.013180,0.000000
38433,1,0.013176,0.000000
38434,1,0.013171,0.000000
38435,1,0.013167,0.000000
38436,1,0.013163,0.000000
38437,1,0.013158,0.000000
38438,1,0.013154,0.000000
38439,1,0.013150,0.000000
38440,1,0.013145,0.000000
38441,1,0.013141,0.000000
38442,1,0.013137,0.000000
38443,1,0.013132,0.000000
38444,1,0.013128,0.000000
38445,1,0.013124,0.000000
38446,1,0.013119,0.000000
38447,1,0.013115,0.000000
38448,1,0.013111,0.000000
38449,1,0.013106,0.000000
38450,1,0.013102,0.000000
38451,1,0.013098,0.000000
38452,1,0.013093,0.000000
38453,1,0.013089,0.000000
38454,1,0.013085,0.000000
38455,1,0.013081,0.000000
38456,1,0.013076,0.000000
38457,1,0.013072,0.000000
38458,1,0.013068,0.000000
38459,1,0.013063,0.000000
38460,1,0.013059,0.000000
38461,1,0.013055,0.000000
38462,1,0.013050,0.000000
38463,1,0.013046,0.000000
38464,1,0.013042,0.000000
38465,1,0.013038,0.000000
38466,1,0.013033,0.000000
38467,1,0.013029,0.000000
38468,1,0.013025,0.000000
38469,1,0.013020,0.000000
38470,1,0.013016,0.000000
38471,1,0.013012,0.000000
38472,1,0.013008,0.000000
38473,1,0.013003,0.000000
38474,1,0.012999,0.000000
38475,1,0.012995,0.000000
38476,1,0.012991,0.000000
38477,1,0.012986,0.000000
38478,1,0.012982,0.000000
38479,1,0.012978,0.000000
38480,1,0.012974,0.000000
38481,1,0.012969,0.000000
38482,1,0.012965,0.000000
38483,1,0.012961,0.000000
38484,1,0.012957,0.000000
38485,1,0.012952,0.000000
38486,1,0.012948,0.000000
38487,1,0.012944,0.000000
38488,1,0.012940,0.000000
38489,1,0.012935,0.000000
38490,1,0.012931,0.000000
38491,1,0.012927,0.000000
38492,1,0.012923,0.000000
38493,1,0.012918,0.000000
38494,1,0.012914,0.000000
38495,1,0.012910,0.000000
38496,1,0.012906,0.000000
38497,1,0.012902,0.000000
38498,1,0.012897,0.000000
38499,1,0.012893,0.000000
38500,1,0.012889,0.000000
38501,1,0.012885,0.000000
38502,1,0.012881,0.000000
38503,1,0.012876,0.000000
38504,1,0.012872,0.000000
38505,1,0.012868,0.000000
38506,1,0.012864,0.000000
38507,1,0.012860,0.000000
38508,1,0.012855,0.000000
38509,1,0.012851,0.000000
38510,1,0.012847,0.000000
38511,1,0.012843,0.000000
38512,1,0.012839,0.000000
38513,1,0.012834,0.000000
38514,1,0.012830,0.000000
38515,1,0.012826,0.000000
38516,1,0.012822,0.000000
38517,1,0.012818,0.000000
38518,1,0.012813,0.000000
38519,1,0.012809,0.000000
38520,1,0.012805,0.000000
38521,1,0.012801,0.000000
38522,1,0.012797,0.000000
38523,1,0.012793,0.000000
38524,1,0.012788,0.000000
38525,1,0.012784,0.000000
38526,1,0.012780,0.000000
38527,1,0.012776,0.000000
38528,1,0.012772,0.000000
38529,1,0.012768,0.000000
38530,1,0.012763,0.000000
38531,1,0.012759,0.000000
38532,1,0.012755,0.000000
38533,1,0.012751,0.000000
38534,1,0.012747,0.000000
38535,1,0.012743,0.000000
38536,1,0.012739,0.000000
38537,1,0.012734,0.000000
38538,1,0.012730,0.000000
38539,1,0.012726,0.000000
38540,1,0.012722,0.000000
38541,1,0.012718,0.000000
38542,1,0.012714,0.000000
38543,1,0.012710,0.000000
38544,1,0.012706,0.000000
38545,1,0.012701,0.000000
38546,1,0.012697,0.000000
38547,1,0.012693,0.000000
38548,1,0.012689,0.000000
38549,1,0.012685,0.000000
38550,1,0.012681,0.000000
38551,1,0.012677,0.000000
38552,1,0.012673,0.000000
38553,1,0.012669,0.000000
38554,1,0.012664,0.000000
38555,1,0.012660,0.000000
38556,1,0.012656,0.000000
38557,1,0.012652,0.000000
38558,1,0.012648,0.000000
38559,1,0.012644,0.000000
38560,1,0.012640,0.000000
38561,1,0.012636,0.000000
38562,1,0.012632,0.000000
38563,1,0.012628,0.000000
38564,1,0.012623,0.000000
38565,1,0.012619,0.000000
38566,1,0.012615,0.000000
38567,1,0.012611,0.000000
38568,1,0.012607,0.000000
38569,1,0.012603,0.000000
38570,1,0.012599,0.000000
38571,1,0.012595,0.000000
38572,1,0.012591,0.000000
38573,1,0.012587,0.000000
38574,1,0.012583,0.000000
38575,1,0.012579,0.000000
38576,1,0.012575,0.000000
38577,1,0.012571,0.000000
38578,1,0.012566,0.000000
38579,1,0.012562,0.000000
38580,1,0.012558,0.000000
38581,1,0.012554,0.000000
38582,1,0.012550,0.000000
38583,1,0.012546,0.000000
38584,1,0.012542,0.000000
38585,1,0.012538,0.000000
38586,1,0.012534,0.000000
38587,1,0.012530,0.000000
38588,1,0.012526,0.000000
38589,1,0.012522,0.000000
38590,1,0.012518,0.000000
38591,1,0.012514,0.000000
38592,1,0.012510,0.000000
38593,1,0.012506,0.000000
38594,1,0.012502,0.000000
38595,1,0.012498,0.000000
38596,1,0.012494,0.000000
38597,1,0.012490,0.000000
38598,1,0.012486,0.000000
38599,1,0.012482,0.000000
38600,1,0.012478,0.000000
38601,1,0.012474,0.000000
38602,1,0.012470,0.000000
38603,1,0.012466,0.000000
38604,1,0.012462,0.000000
38605,1,0.012458,0.000000
38606,1,0.012454,0.000000
38607,1,0.012450,0.000000
38608,1,0.012446,0.000000
38609,1,0.012442,0.000000
38610,1,0.012438,0.000000
38611,1,0.012434,0.000000
38612,1,0.012430,0.000000
38613,1,0.012426,0.000000
38614,1,0.012422,0.000000
38615,1,0.012418,0.000000
38616,1,0.012414,0.000000
38617,1,0.012410,0.000000
38618,1,0.012406,0.000000
38619,1,0.012402,0.000000
38620,1,0.012398,0.000000
38621,1,0.012394,0.000000
38622,1,0.012390,0.000000
38623,1,0.012386,0.000000
38624,1,0.012382,0.000000
38625,1,0.012378,0.000000
38626,1,0.012374,0.000000
38627,1,0.012370,0.000000
38628,1,0.012366,0.000000
38629,1,0.012362,0.000000
38630,1,0.012358,0.000000
38631,1,0.012354,0.000000
38632,1,0.012350,0.000000
38633,1,0.012346,0.000000
38634,1,0.012342,0.000000
38635,1,0.012338,0.000000
38636,1,0.012334,0.000000
38637,1,0.012330,0.000000
38638,1,0.012326,0.000000
38639,1,0.012322,0.000000
38640,1,0.012319,0.000000
38641,1,0.012315,0.000000
38642,1,0.012311,0.000000
38643,1,0.012307,0.000000
38644,1,0.012303,0.000000
38645,1,0.012299,0.000000
38646,1,0.012295,0.000000
38647,1,0.012291,0.000000
38648,1,0.012287,0.000000
38649,1,0.012283,0.000000
38650,1,0.012279,0.000000
38651,1,0.012275,0.000000
38652,1,0.012271,0.000000
38653,1,0.012267,0.000000
38654,1,0.012263,0.000000
38655,1,0.012260,0.000000
38656,1,0.012256,0.000000
38657,1,0.012252,0.000000
38658,1,0.012248,0.000000
38659,1,0.012244,0.000000
38660,1,0.012240,0.000000
38661,1,0.012236,0.000000
38662,1,0.012232,0.000000
38663,1,0.012228,0.000000
38664,1,0.012224,0.000000
38665,1,0.012221,0.000000
38666,1,0.012217,0.000000
38667,1,0.012213,0.000000
38668,1,0.012209,0.000000
38669,1,0.012205,0.000000
38670,1,0.012201,0.000000
38671,1,0.012197,0.000000
38672,1,0.012193,0.000000
38673,1,0.012189,0.000000
38674,1,0.012186,0.000000
38675,1,0.012182,0.000000
38676,1,0.012178,0.000000
38677,1,0.012174,0.000000
38678,1,0.012170,0.000000
38679,1,0.012166,0.000000
38680,1,0.012162,0.000000
38681,1,0.012158,0.000000
38682,1,0.012155,0.000000
38683,1,0.012151,0.000000
38684,1,0.012147,0.000000
38685,1,0.012143,0.000000
38686,1,0.012139,0.000000
38687,1,0.012135,0.000000
38688,1,0.012131,0.000000
38689,1,0.012128,0.000000
38690,1,0.012124,0.000000
38691,1,0.012120,0.000000
38692,1,0.012116,0.000000
38693,1,0.012112,0.000000
38694,1,0.012108,0.000000
38695,1,0.012104,0.000000
38696,1,0.012101,0.000000
38697,1,0.012097,0.000000
38698,1,0.012093,0.000000
38699,1,0.012089,0.000000
38700,1,0.012085,0.000000
38701,1,0.012081,0.000000
38702,1,0.012078,0.000000
38703,1,0.012074,0.000000
38704,1,0.012070,0.000000
38705,1,0.012066,0.000000
38706,1,0.012062,0.000000
38707,1,0.012058,0.000000
38708,1,0.012055,0.000000
38709,1,0.012051,0.000000
38710,1,0.012047,0.000000
38711,1,0.012043,0.000000
38712,1,0.012039,0.000000
38713,1,0.012036,0.000000
38714,1,0.012032,0.000000
38715,1,0.012028,0.000000
38716,1,0.012024,0.000000
38717,1,0.012020,0.000000
38718,1,0.012016,0.000000
38719,1,0.012013,0.000000
38720,1,0.012009,0.000000
38721,1,0.012005,0.000000
38722,1,0.012001,0.000000
38723,1,0.011997,0.000000
38724,1,0.011994,0.000000
38725,1,0.011990,0.000000
38726,1,0.011986,0.000000
38727,1,0.011982,0.000000
38728,1,0.011979,0.000000
38729,1,0.011975,0.000000
38730,1,0.011971,0.000000
38731,1,0.011967,0.000000
38732,1,0.011963,0.000000
38733,1,0.011960,0.000000
38734,1,0.011956,0.000000
38735,1,0.011952,0.000000
38736,1,0.011948,0.000000
38737,1,0.011945,0.000000
38738,1,0.011941,0.000000
38739,1,0.011937,0.000000
38740,1,0.011933,0.000000
38741,1,0.011929,0.000000
38742,1,0.011926,0.000000
38743,1,0.011922,0.000000
38744,1,0.011918,0.000000
38745,1,0.011914,0.000000
38746,1,0.011911,0.000000
38747,1,0.011907,0.000000
38748,1,0.011903,0.000000
38749,1,0.011899,0.000000
38750,1,0.011896,0.000000
38751,1,0.011892,0.000000
38752,1,0.011888,0.000000
38753,1,0.011884,0.000000
38754,1,0.011881,0.000000
38755,1,0.011877,0.000000
38756,1,0.011873,0.000000
38757,1,0.011869,0.000000
38758,1,0.011866,0.000000
38759,1,0.011862,0.000000
38760,1,0.011858,0.000000
38761,1,0.011854,0.000000
38762,1,0.011851,0.000000
38763,1,0.011847,0.000000
38764,1,0.011843,0.000000
38765,1,0.011840,0.000000
38766,1,0.011836,0.000000
38767,1,0.011832,0.000000
38768,1,0.011828,0.000000
38769,1,0.011825,0.000000
38770,1,0.011821,0.000000
38771,1,0.011817,0.000000
38772,1,0.011814,0.000000
38773,1,0.011810,0.000000
38774,1,0.011806,0.000000
38775,1,0.011802,0.000000
38776,1,0.011799,0.000000
38777,1,0.011795,0.000000
38778,1,0.011791,0.000000
38779,1,0.011788,0.000000
38780,1,0.011784,0.000000
38781,1,0.011780,0.000000
38782,1,0.011776,0.000000
38783,1,0.011773,0.000000
38784,1,0.011769,0.000000
38785,1,0.011765,0.000000
38786,1,0.011762,0.000000
38787,1,0.011758,0.000000
38788,1,0.011754,0.000000
38789,1,0.011751,0.000000
38790,1,0.011747,0.000000
38791,1,0.011743,0.000000
38792,1,0.011740,0.000000
38793,1,0.011736,0.000000
38794,1,0.011732,0.000000
38795,1,0.011729,0.000000
38796,1,0.011725,0.000000
38797,1,0.011721,0.000000
38798,1,0.011718,0.000000
38799,1,0.011714,0.000000
38800,1,0.011710,0.000000
38801,1,0.011707,0.000000
38802,1,0.011703,0.000000
38803,1,0.011699,0.000000
38804,1,0.011696,0.000000
38805,1,0.011692,0.000000
38806,1,0.011688,0.000000
38807,1,0.011685,0.000000
38808,1,0.011681,0.000000
38809,1,0.011677,0.000000
38810,1,0.011674,0.000000
38811,1,0.011670,0.000000
38812,1,0.011666,0.000000
38813,1,0.011663,0.000000
38814,1,0.011659,0.000000
38815,1,0.011655,0.000000
38816,1,0.011652,0.000000
38817,1,0.011648,0.000000
38818,1,0.011644,0.000000
38819,1,0.011641,0.000000
38820,1,0.011637,0.000000
38821,1,0.011634,0.000000
38822,1,0.011630,0.000000
38823,1,0.011626,0.000000
38824,1,0.011623,0.000000
38825,1,0.011619,0.000000
38826,1,0.011615,0.000000
38827,1,0.011612,0.000000
38828,1,0.011608,0.000000
38829,1,0.011605,0.000000
38830,1,0.011601,0.000000
38831,1,0.011597,0.000000
38832,1,0.011594,0.000000
38833,1,0.011590,0.000000
38834,1,0.011586,0.000000
38835,1,0.011583,0.000000
38836,1,0.011579,0.000000
38837,1,0.011576,0.000000
38838,1,0.011572,0.000000
38839,1,0.011568,0.000000
38840,1,0.011565,0.000000
38841,1,0.011561,0.000000
38842,1,0.011558,0.000000
38843,1,0.011554,0.000000
38844,1,0.011550,0.000000
38845,1,0.011547,0.000000
38846,1,0.011543,0.000000
38847,1,0.011540,0.000000
38848,1,0.011536,0.000000
38849,1,0.011532,0.000000
38850,1,0.011529,0.000000
38851,1,0.011525,0.000000
38852,1,0.011522,0.000000
38853,1,0.011518,0.000000
38854,1,0.011515,0.000000
38855,1,0.011511,0.000000
38856,1,0.011507,0.000000
38857,1,0.011504,0.000000
38858,1,0.011500,0.000000
38859,1,0.011497,0.000000
38860,1,0.011493,0.000000
38861,1,0.011490,0.000000
38862,1,0.011486,0.000000
38863,1,0.011482,0.000000
38864,1,0.011479,0.000000
38865,1,0.011475,0.000000
38866,1,0.011472,0.000000
38867,1,0.011468,0.000000
38868,1,0.011465,0.000000
38869,1,0.011461,0.000000
38870,1,0.011457,0.000000
38871,1,0.011454,0.000000
38872,1,0.011450,0.000000
38873,1,0.011447,0.000000
38874,1,0.011443,0.000000
38875,1,0.011440,0.000000
38876,1,0.011436,0.000000
38877,1,0.011433,0.000000
38878,1,0.011429,0.000000
38879,1,0.011425,0.000000
38880,1,0.011422,0.000000
38881,1,0.011418,0.000000
38882,1,0.011415,0.000000
38883,1,0.011411,0.000000
38884,1,0.011408,0.000000
38885,1,0.011404,0.000000
38886,1,0.011401,0.000000
38887,1,0.011397,0.000000
38888,1,0.011394,0.000000
38889,1,0.011390,0.000000
38890,1,0.011387,0.000000
38891,1,0.011383,0.000000
38892,1,0.011380,0.000000
38893,1,0.011376,0.000000
38894,1,0.011373,0.000000
38895,1,0.011369,0.000000
38896,1,0.011365,0.000000
38897,1,0.011362,0.000000
38898,1,0.011358,0.000000
38899,1,0.011355,0.000000
38900,1,0.011351,0.000000
38901,1,0.011348,0.000000
38902,1,0.011344,0.000000
38903,1,0.011341,0.000000
38904,1,0.011337,0.000000
38905,1,0.011334,0.000000
38906,1,0.011330,0.000000
38907,1,0.011327,0.000000
38908,1,0.011323,0.000000
38909,1,0.011320,0.000000
38910,1,0.011316,0.000000
38911,1,0.011313,0.000000
38912,1,0.011309,0.000000
38913,1,0.011306,0.000000
38914,1,0.011302,0.000000
38915,1,0.011299,0.000000
38916,1,0.011295,0.000000
38917,1,0.011292,0.000000
38918,1,0.011288,0.000000
38919,1,0.011285,0.000000
38920,1,0.011282,0.000000
38921,1,0.011278,0.000000
38922,1,0.011275,0.000000
38923,1,0.011271,0.000000
38924,1,0.011268,0.000000
38925,1,0.011264,0.000000
38926,1,0.011261,0.000000
38927,1,0.011257,0.000000
38928,1,0.011254,0.000000
38929,1,0.011250,0.000000
38930,1,0.011247,0.000000
38931,1,0.011243,0.000000
38932,1,0.011240,0.000000
38933,1,0.011236,0.000000
38934,1,0.011233,0.000000
38935,1,0.011229,0.000000
38936,1,0.011226,0.000000
38937,1,0.011223,0.000000
38938,1,0.011219,0.000000
38939,1,0.011216,0.000000
38940,1,0.011212,0.000000
38941,1,0.011209,0.000000
38942,1,0.011205,0.000000
38943,1,0.011202,0.000000
38944,1,0.011198,0.000000
38945,1,0.011195,0.000000
38946,1,0.011192,0.000000
38947,1,0.011188,0.000000
38948,1,0.011185,0.000000
38949,1,0.011181,0.000000
38950,1,0.011178,0.000000
38951,1,0.011174,0.000000
38952,1,0.011171,0.000000
38953,1,0.011167,0.000000
38954,1,0.011164,0.000000
38955,1,0.011161,0.000000
38956,1,0.011157,0.000000
38957,1,0.011154,0.000000
38958,1,0.011150,0.000000
38959,1,0.011147,0.000000
38960,1,0.011143,0.000000
38961,1,0.011140,0.000000
38962,1,0.011137,0.000000
38963,1,0.011133,0.000000
38964,1,0.011130,0.000000
38965,1,0.011126,0.000000
38966,1,0.011123,0.000000
38967,1,0.011120,0.000000
38968,1,0.011116,0.000000
38969,1,0.011113,0.000000
38970,1,0.011109,0.000000
38971,1,0.011106,0.000000
38972,1,0.011103,0.000000
38973,1,0.011099,0.000000
38974,1,0.011096,0.000000
38975,1,0.011092,0.000000
38976,1,0.011089,0.000000
38977,1,0.011086,0.000000
38978,1,0.011082,0.000000
38979,1,0.011079,0.000000
38980,1,0.011075,0.000000
38981,1,0.011072,0.000000
38982,1,0.011069,0.000000
38983,1,0.011065,0.000000
38984,1,0.011062,0.000000
38985,1,0.011058,0.000000
38986,1,0.011055,0.000000
38987,1,0.011052,0.000000
38988,1,0.011048,0.000000
38989,1,0.011045,0.000000
38990,1,0.011041,0.000000
38991,1,0.011038,0.000000
38992,1,0.011035,0.000000
38993,1,0.011031,0.000000
38994,1,0.011028,0.000000
38995,1,0.011025,0.000000
38996,1,0.011021,0.000000
38997,1,0.011018,0.000000
38998,1,0.011015,0.000000
38999,1,0.011011,0.000000
39000,1,0.011008,0.000000
39001,1,0.011004,0.000000
39002,1,0.011001,0.000000
39003,1,0.010998,0.000000
39004,1,0.010994,0.000000
39005,1,0.010991,0.000000
39006,1,0.010988,0.000000
39007,1,0.010984,0.000000
39008,1,0.010981,0.000000
39009,1,0.010978,0.000000
39010,1,0.010974,0.000000
39011,1,0.010971,0.000000
39012,1,0.010967,0.000000
39013,1,0.010964,0.000000
39014,1,0.010961,0.000000
39015,1,0.010957,0.000000
39016,1,0.010954,0.000000
39017,1,0.010951,0.000000
39018,1,0.010947,0.000000
39019,1,0.010944,0.000000
39020,1,0.010941,0.000000
39021,1,0.010937,0.000000
39022,1,0.010934,0.000000
39023,1,0.010931,0.000000
39024,1,0.010927,0.000000
39025,1,0.010924,0.000000
39026,1,0.010921,0.000000
39027,1,0.010917,0.000000
39028,1,0.010914,0.000000
39029,1,0.010911,0.000000
39030,1,0.010907,0.000000
39031,1,0.010904,0.000000
39032,1,0.010901,0.000000
39033,1,0.010898,0.000000
39034,1,0.010894,0.000000
39035,1,0.010891,0.000000
39036,1,0.010888,0.000000
39037,1,0.010884,0.000000
39038,1,0.010881,0.000000
39039,1,0.010878,0.000000
39040,1,0.010874,0.000000
39041,1,0.010871,0.000000
39042,1,0.010868,0.000000
39043,1,0.010864,0.000000
39044,1,0.010861,0.000000
39045,1,0.010858,0.000000
39046,1,0.010855,0.000000
39047,1,0.010851,0.000000
39048,1,0.010848,0.000000
39049,1,0.010845,0.000000
39050,1,0.010841,0.000000
39051,1,0.010838,0.000000
39052,1,0.010835,0.000000
39053,1,0.010831,0.000000
39054,1,0.010828,0.000000
39055,1,0.010825,0.000000
39056,1,0.010822,0.000000
39057,1,0.010818,0.000000
39058,1,0.010815,0.000000
39059,1,0.010812,0.000000
39060,1,0.010808,0.000000
39061,1,0.010805,0.000000
39062,1,0.010802,0.000000
39063,1,0.010799,0.000000
39064,1,0.010795,0.000000
39065,1,0.010792,0.000000
39066,1,0.010789,0.000000
39067,1,0.010785,0.000000
39068,1,0.010782,0.000000
39069,1,0.010779,0.000000
39070,1,0.010776,0.000000
39071,1,0.010772,0.000000
39072,1,0.010769,0.000000
39073,1,0.010766,0.000000
39074,1,0.010763,0.000000
39075,1,0.010759,0.000000
39076,1,0.010756,0.000000
39077,1,0.010753,0.000000
39078,1,0.010750,0.000000
39079,1,0.010746,0.000000
39080,1,0.010743,0.000000
39081,1,0.010740,0.000000
39082,1,0.010737,0.000000
39083,1,0.010733,0.000000
39084,1,0.010730,0.000000
39085,1,0.010727,0.000000
39086,1,0.010724,0.000000
39087,1,0.010720,0.000000
39088,1,0.010717,0.000000
39089,1,0.010714,0.000000
39090,1,0.010711,0.000000
39091,1,0.010707,0.000000
39092,1,0.010704,0.000000
39093,1,0.010701,0.000000
39094,1,0.010698,0.000000
39095,1,0.010694,0.000000
39096,1,0.010691,0.000000
39097,1,0.010688,0.000000
39098,1,0.010685,0.000000
39099,1,0.010681,0.000000
39100,1,0.010678,0.000000
39101,1,0.010675,0.000000
39102,1,0.010672,0.000000
39103,1,0.010669,0.000000
39104,1,0.010665,0.000000
39105,1,0.010662,0.000000
39106,1,0.010659,0.000000
39107,1,0.010656,0.000000
39108,1,0.010652,0.000000
39109,1,0.010649,0.000000
39110,1,0.010646,0.000000
39111,1,0.010643,0.000000
39112,1,0.010640,0.000000
39113,1,0.010636,0.000000
39114,1,0.010633,0.000000
39115,1,0.010630,0.000000
39116,1,0.010627,0.000000
39117,1,0.010624,0.000000
39118,1,0.010620,0.000000
39119,1,0.010617,0.000000
39120,1,0.010614,0.000000
39121,1,0.010611,0.000000
39122,1,0.010608,0.000000
39123,1,0.010604,0.000000
39124,1,0.010601,0.000000
39125,1,0.010598,0.000000
39126,1,0.010595,0.000000
39127,1,0.010592,0.000000
39128,1,0.010588,0.000000
39129,1,0.010585,0.000000
39130,1,0.010582,0.000000
39131,1,0.010579,0.000000
39132,1,0.010576,0.000000
39133,1,0.010572,0.000000
39134,1,0.010569,0.000000
39135,1,0.010566,0.000000
39136,1,0.010563,0.000000
39137,1,0.010560,0.000000
39138,1,0.010557,0.000000
39139,1,0.010553,0.000000
39140,1,0.010550,0.000000
39141,1,0.010547,0.000000
39142,1,0.010544,0.000000
39143,1,0.010541,0.000000
39144,1,0.010538,0.000000
39145,1,0.010534,0.000000
39146,1,0.010531,0.000000
39147,1,0.010528,0.000000
39148,1,0.010525,0.000000
39149,1,0.010522,0.000000
39150,1,0.010519,0.000000
39151,1,0.010515,0.000000
39152,1,0.010512,0.000000
39153,1,0.010509,0.000000
39154,1,0.010506,0.000000
39155,1,0.010503,0.000000
39156,1,0.010500,0.000000
39157,1,0.010496,0.000000
39158,1,0.010493,0.000000
39159,1,0.010490,0.000000
39160,1,0.010487,0.000000
39161,1,0.010484,0.000000
39162,1,0.010481,0.000000
39163,1,0.010478,0.000000
39164,1,0.010474,0.000000
39165,1,0.010471,0.000000
39166,1,0.010468,0.000000
39167,1,0.010465,0.000000
39168,1,0.010462,0.000000
39169,1,0.010459,0.000000
39170,1,0.010456,0.000000
39171,1,0.010452,0.000000
39172,1,0.010449,0.000000
39173,1,0.010446,0.000000
39174,1,0.010443,0.000000
39175,1,0.010440,0.000000
39176,1,0.010437,0.000000
39177,1,0.010434,0.000000
39178,1,0.010430,0.000000
39179,1,0.010427,0.000000
39180,1,0.010424,0.000000
39181,1,0.010421,0.000000
39182,1,0.010418,0.000000
39183,1,0.010415,0.000000
39184,1,0.010412,0.000000
39185,1,0.010409,0.000000
39186,1,0.010405,0.000000
39187,1,0.010402,0.000000
39188,1,0.010399,0.000000
39189,1,0.010396,0.000000
39190,1,0.010393,0.000000
39191,1,0.010390,0.000000
39192,1,0.010387,0.000000
39193,1,0.010384,0.000000
39194,1,0.010381,0.000000
39195,1,0.010378,0.000000
39196,1,0.010374,0.000000
39197,1,0.010371,0.000000
39198,1,0.010368,0.000000
39199,1,0.010365,0.000000
39200,1,0.010362,0.000000
39201,1,0.010359,0.000000
39202,1,0.010356,0.000000
39203,1,0.010353,0.000000
39204,1,0.010350,0.000000
39205,1,0.010347,0.000000
39206,1,0.010343,0.000000
39207,1,0.010340,0.000000
39208,1,0.010337,0.000000
39209,1,0.010334,0.000000
39210,1,0.010331,0.000000
39211,1,0.010328,0.000000
39212,1,0.010325,0.000000
39213,1,0.010322,0.000000
39214,1,0.010319,0.000000
39215,1,0.010316,0.000000
39216,1,0.010313,0.000000
39217,1,0.010309,0.000000
39218,1,0.010306,0.000000
39219,1,0.010303,0.000000
39220,1,0.010300,0.000000
39221,1,0.010297,0.000000
39222,1,0.010294,0.000000
39223,1,0.010291,0.000000
39224,1,0.010288,0.000000
39225,1,0.010285,0.000000
39226,1,0.010282,0.000000
39227,1,0.010279,0.000000
39228,1,0.010276,0.000000
39229,1,0.010273,0.000000
39230,1,0.010270,0.000000
39231,1,0.010267,0.000000
39232,1,0.010263,0.000000
39233,1,0.010260,0.000000
39234,1,0.010257,0.000000
39235,1,0.010254,0.000000
39236,1,0.010251,0.000000
39237,1,0.010248,0.000000
39238,1,0.010245,0.000000
39239,1,0.010242,0.000000
39240,1,0.010239,0.000000
39241,1,0.010236,0.000000
39242,1,0.010233,0.000000
39243,1,0.010230,0.000000
39244,1,0.010227,0.000000
39245,1,0.010224,0.000000
39246,1,0.010221,0.000000
39247,1,0.010218,0.000000
39248,1,0.010215,0.000000
39249,1,0.010212,0.000000
39250,1,0.010209,0.000000
39251,1,0.010206,0.000000
39252,1,0.010202,0.000000
39253,1,0.010199,0.000000
39254,1,0.010196,0.000000
39255,1,0.010193,0.000000
39256,1,0.010190,0.000000
39257,1,0.010187,0.000000
39258,1,0.010184,0.000000
39259,1,0.010181,0.000000
39260,1,0.010178,0.000000
39261,1,0.010175,0.000000
39262,1,0.010172,0.000000
39263,1,0.010169,0.000000
39264,1,0.010166,0.000000
39265,1,0.010163,0.000000
39266,1,0.010160,0.000000
39267,1,0.010157,0.000000
39268,1,0.010154,0.000000
39269,1,0.010151,0.000000
39270,1,0.010148,0.000000
39271,1,0.010145,0.000000
39272,1,0.010142,0.000000
39273,1,0.010139,0.000000
39274,1,0.010136,0.000000
39275,1,0.010133,0.000000
39276,1,0.010130,0.000000
39277,1,0.010127,0.000000
39278,1,0.010124,0.000000
39279,1,0.010121,0.000000
39280,1,0.010118,0.000000
39281,1,0.010115,0.000000
39282,1,0.010112,0.000000
39283,1,0.010109,0.000000
39284,1,0.010106,0.000000
39285,1,0.010103,0.000000
39286,1,0.010100,0.000000
39287,1,0.010097,0.000000
39288,1,0.010094,0.000000
39289,1,0.010091,0.000000
39290,1,0.010088,0.000000
39291,1,0.010085,0.000000
39292,1,0.010082,0.000000
39293,1,0.010079,0.000000
39294,1,0.010076,0.000000
39295,1,0.010073,0.000000
39296,1,0.010070,0.000000
39297,1,0.010067,0.000000
39298,1,0.010064,0.000000
39299,1,0.010061,0.000000
39300,1,0.010058,0.000000
39301,1,0.010055,0.000000
39302,1,0.010052,0.000000
39303,1,0.010049,0.000000
39304,1,0.010046,0.000000
39305,1,0.010043,0.000000
39306,1,0.010040,0.000000
39307,1,0.010037,0.000000
39308,1,0.010034,0.000000
39309,1,0.010031,0.000000
39310,1,0.010028,0.000000
39311,1,0.010025,0.000000
39312,1,0.010022,0.000000
39313,1,0.010020,0.000000
39314,1,0.010017,0.000000
39315,1,0.010014,0.000000
39316,1,0.010011,0.000000
39317,1,0.010008,0.000000
39318,1,0.010005,0.000000
39319,1,0.010002,0.000000
39320,1,0.009999,0.000000
39321,1,0.009996,0.000000
39322,1,0.009993,0.000000
39323,1,0.009990,0.000000
39324,1,0.009987,0.000000
39325,1,0.009984,0.000000
39326,1,0.009981,0.000000
39327,1,0.009978,0.000000
39328,1,0.009975,0.000000
39329,1,0.009972,0.000000
39330,1,0.009969,0.000000
39331,1,0.009966,0.000000
39332,1,0.009963,0.000000
39333,1,0.009960,0.000000
39334,1,0.009958,0.000000
39335,1,0.009955,0.000000
39336,1,0.009952,0.000000
39337,1,0.009949,0.000000
39338,1,0.009946,0.000000
39339,1,0.009943,0.000000
39340,1,0.009940,0.000000
39341,1,0.009937,0.000000
39342,1,0.009934,0.000000
39343,1,0.009931,0.000000
39344,1,0.009928,0.000000
39345,1,0.009925,0.000000
39346,1,0.009922,0.000000
39347,1,0.009919,0.000000
39348,1,0.009916,0.000000
39349,1,0.009914,0.000000
39350,1,0.009911,0.000000
39351,1,0.009908,0.000000
39352,1,0.009905,0.000000
39353,1,0.009902,0.000000
39354,1,0.009899,0.000000
39355,1,0.009896,0.000000
39356,1,0.009893,0.000000
39357,1,0.009890,0.000000
39358,1,0.009887,0.000000
39359,1,0.009884,0.000000
39360,1,0.009881,0.000000
39361,1,0.009879,0.000000
39362,1,0.009876,0.000000
39363,1,0.009873,0.000000
39364,1,0.009870,0.000000
39365,1,0.009867,0.000000
39366,1,0.009864,0.000000
39367,1,0.009861,0.000000
39368,1,0.009858,0.000000
39369,1,0.009855,0.000000
39370,1,0.009852,0.000000
39371,1,0.009850,0.000000
39372,1,0.009847,0.000000
39373,1,0.009844,0.000000
39374,1,0.009841,0.000000
39375,1,0.009838,0.000000
39376,1,0.009835,0.000000
39377,1,0.009832,0.000000
39378,1,0.009829,0.000000
39379,1,0.009826,0.000000
39380,1,0.009824,0.000000
39381,1,0.009821,0.000000
39382,1,0.009818,0.000000
39383,1,0.009815,0.000000
39384,1,0.009812,0.000000
39385,1,0.009809,0.000000
39386,1,0.009806,0.000000
39387,1,0.009803,0.000000
39388,1,0.009800,0.000000
39389,1,0.009798,0.000000
39390,1,0.009795,0.000000
39391,1,0.009792,0.000000
39392,1,0.009789,0.000000
39393,1,0.009786,0.000000
39394,1,0.009783,0.000000
39395,1,0.009780,0.000000
39396,1,0.009777,0.000000
39397,1,0.009775,0.000000
39398,1,0.009772,0.000000
39399,1,0.009769,0.000000
39400,1,0.009766,0.000000
39401,1,0.009763,0.000000
39402,1,0.009760,0.000000
39403,1,0.009757,0.000000
39404,1,0.009755,0.000000
39405,1,0.009752,0.000000
39406,1,0.009749,0.000000
39407,1,0.009746,0.000000
39408,1,0.009743,0.000000
39409,1,0.009740,0.000000
39410,1,0.009737,0.000000
39411,1,0.009735,0.000000
39412,1,0.009732,0.000000
39413,1,0.009729,0.000000
39414,1,0.009726,0.000000
39415,1,0.009723,0.000000
39416,1,0.009720,0.000000
39417,1,0.009717,0.000000
39418,1,0.009715,0.000000
39419,1,0.009712,0.000000
39420,1,0.009709,0.000000
39421,1,0.009706,0.000000
39422,1,0.009703,0.000000
39423,1,0.009700,0.000000
39424,1,0.009698,0.000000
39425,1,0.009695,0.000000
39426,1,0.009692,0.000000
39427,1,0.009689,0.000000
39428,1,0.009686,0.000000
39429,1,0.009683,0.000000
39430,1,0.009681,0.000000
39431,1,0.009678,0.000000
39432,1,0.009675,0.000000
39433,1,0.009672,0.000000
39434,1,0.009669,0.000000
39435,1,0.009666,0.000000
39436,1,0.009664,0.000000
39437,1,0.009661,0.000000
39438,1,0.009658,0.000000
39439,1,0.009655,0.000000
39440,1,0.009652,0.000000
39441,1,0.009649,0.000000
39442,1,0.009647,0.000000
39443,1,0.009644,0.000000
39444,1,0.009641,0.000000
39445,1,0.009638,0.000000
39446,1,0.009635,0.000000
39447,1,0.009633,0.000000
39448,1,0.009630,0.000000
39449,1,0.009627,0.000000
39450,1,0.009624,0.000000
39451,1,0.009621,0.000000
39452,1,0.009618,0.000000
39453,1,0.009616,0.000000
39454,1,0.009613,0.000000
39455,1,0.009610,0.000000
39456,1,0.009607,0.000000
39457,1,0.009604,0.000000
39458,1,0.009602,0.000000
39459,1,0.009599,0.000000
39460,1,0.009596,0.000000
39461,1,0.009593,0.000000
39462,1,0.009590,0.000000
39463,1,0.009588,0.000000
39464,1,0.009585,0.000000
39465,1,0.009582,0.000000
39466,1,0.009579,0.000000
39467,1,0.009576,0.000000
39468,1,0.009574,0.000000
39469,1,0.009571,0.000000
39470,1,0.009568,0.000000
39471,1,0.009565,0.000000
39472,1,0.009562,0.000000
39473,1,0.009560,0.000000
39474,1,0.009557,0.000000
39475,1,0.009554,0.000000
39476,1,0.009551,0.000000
39477,1,0.009549,0.000000
39478,1,0.009546,0.000000
39479,1,0.009543,0.000000
39480,1,0.009540,0.000000
39481,1,0.009537,0.000000
39482,1,0.009535,0.000000
39483,1,0.009532,0.000000
39484,1,0.009529,0.000000
39485,1,0.009526,0.000000
39486,1,0.009524,0.000000
39487,1,0.009521,0.000000
39488,1,0.009518,0.000000
39489,1,0.009515,0.000000
39490,1,0.009512,0.000000
39491,1,0.009510,0.000000
39492,1,0.009507,0.000000
39493,1,0.009504,0.000000
39494,1,0.009501,0.000000
39495,1,0.009499,0.000000
39496,1,0.009496,0.000000
39497,1,0.009493,0.000000
39498,1,0.009490,0.000000
39499,1,0.009488,0.000000
39500,1,0.009485,0.000000
39501,1,0.009482,0.000000
39502,1,0.009479,0.000000
39503,1,0.009477,0.000000
39504,1,0.009474,0.000000
39505,1,0.009471,0.000000
39506,1,0.009468,0.000000
39507,1,0.009466,0.000000
39508,1,0.009463,0.000000
39509,1,0.009460,0.000000
39510,1,0.009457,0.000000
39511,1,0.009455,0.000000
39512,1,0.009452,0.000000
39513,1,0.009449,0.000000
39514,1,0.009446,0.000000
39515,1,0.009444,0.000000
39516,1,0.009441,0.000000
39517,1,0.009438,0.000000
39518,1,0.009435,0.000000
39519,1,0.009433,0.000000
39520,1,0.009430,0.000000
39521,1,0.009427,0.000000
39522,1,0.009424,0.000000
39523,1,0.009422,0.000000
39524,1,0.009419,0.000000
39525,1,0.009416,0.000000
39526,1,0.009413,0.000000
39527,1,0.009411,0.000000
39528,1,0.009408,0.000000
39529,1,0.009405,0.000000
39530,1,0.009403,0.000000
39531,1,0.009400,0.000000
39532,1,0.009397,0.000000
39533,1,0.009394,0.000000
39534,1,0.009392,0.000000
39535,1,0.009389,0.000000
39536,1,0.009386,0.000000
39537,1,0.009383,0.000000
39538,1,0.009381,0.000000
39539,1,0.009378,0.000000
39540,1,0.009375,0.000000
39541,1,0.009373,0.000000
39542,1,0.009370,0.000000
39543,1,0.009367,0.000000
39544,1,0.009364,0.000000
39545,1,0.009362,0.000000
39546,1,0.009359,0.000000
39547,1,0.009356,0.000000
39548,1,0.009354,0.000000
39549,1,0.009351,0.000000
39550,1,0.009348,0.000000
39551,1,0.009345,0.000000
39552,1,0.009343,0.000000
39553,1,0.009340,0.000000
39554,1,0.009337,0.000000
39555,1,0.009335,0.000000
39556,1,0.009332,0.000000
39557,1,0.009329,0.000000
39558,1,0.009327,0.000000
39559,1,0.009324,0.000000
39560,1,0.009321,0.000000
39561,1,0.009318,0.000000
39562,1,0.009316,0.000000
39563,1,0.009313,0.000000
39564,1,0.009310,0.000000
39565,1,0.009308,0.000000
39566,1,0.009305,0.000000
39567,1,0.009302,0.000000
39568,1,0.009300,0.000000
39569,1,0.009297,0.000000
39570,1,0.009294,0.000000
39571,1,0.009292,0.000000
39572,1,0.009289,0.000000
39573,1,0.009286,0.000000
39574,1,0.009284,0.000000
39575,1,0.009281,0.000000
39576,1,0.009278,0.000000
39577,1,0.009275,0.000000
39578,1,0.009273,0.000000
39579,1,0.009270,0.000000
39580,1,0.009267,0.000000
39581,1,0.009265,0.000000
39582,1,0.009262,0.000000
39583,1,0.009259,0.000000
39584,1,0.009257,0.000000
39585,1,0.009254,0.000000
39586,1,0.009251,0.000000
39587,1,0.009249,0.000000
39588,1,0.009246,0.000000
39589,1,0.009243,0.000000
39590,1,0.009241,0.000000
39591,1,0.009238,0.000000
39592,1,0.009235,0.000000
39593,1,0.009233,0.000000
39594,1,0.009230,0.000000
39595,1,0.009227,0.000000
39596,1,0.009225,0.000000
39597,1,0.009222,0.000000
39598,1,0.009219,0.000000
39599,1,0.009217,0.000000
39600,1,0.009214,0.000000
39601,1,0.009211,0.000000
39602,1,0.009209,0.000000
39603,1,0.009206,0.000000
39604,1,0.009203,0.000000
39605,1,0.009201,0.000000
39606,1,0.009198,0.000000
39607,1,0.009196,0.000000
39608,1,0.009193,0.000000
39609,1,0.009190,0.000000
39610,1,0.009188,0.000000
39611,1,0.009185,0.000000
39612,1,0.009182,0.000000
39613,1,0.009180,0.000000
39614,1,0.009177,0.000000
39615,1,0.009174,0.000000
39616,1,0.009172,0.000000
39617,1,0.009169,0.000000
39618,1,0.009166,0.000000
39619,1,0.009164,0.000000
39620,1,0.009161,0.000000
39621,1,0.009159,0.000000
39622,1,0.009156,0.000000
39623,1,0.009153,0.000000
39624,1,0.009151,0.000000
39625,1,0.009148,0.000000
39626,1,0.009145,0.000000
39627,1,0.009143,0.000000
39628,1,0.009140,0.000000
39629,1,0.009137,0.000000
39630,1,0.009135,0.000000
39631,1,0.009132,0.000000
39632,1,0.009130,0.000000
39633,1,0.009127,0.000000
39634,1,0.009124,0.000000
39635,1,0.009122,0.000000
39636,1,0.009119,0.000000
39637,1,0.009116,0.000000
39638,1,0.009114,0.000000
39639,1,0.009111,0.000000
39640,1,0.009109,0.000000
39641,1,0.009106,0.000000
39642,1,0.009103,0.000000
39643,1,0.009101,0.000000
39644,1,0.009098,0.000000
39645,1,0.009095,0.000000
39646,1,0.009093,0.000000
39647,1,0.009090,0.000000
39648,1,0.009088,0.000000
39649,1,0.009085,0.000000
39650,1,0.009082,0.000000
39651,1,0.009080,0.000000
39652,1,0.009077,0.000000
39653,1,0.009075,0.000000
39654,1,0.009072,0.000000
39655,1,0.009069,0.000000
39656,1,0.009067,0.000000
39657,1,0.009064,0.000000
39658,1,0.009062,0.000000
39659,1,0.009059,0.000000
39660,1,0.009056,0.000000
39661,1,0.009054,0.000000
39662,1,0.009051,0.000000
39663,1,0.009049,0.000000
39664,1,0.009046,0.000000
39665,1,0.009043,0.000000
39666,1,0.009041,0.000000
39667,1,0.009038,0.000000
39668,1,0.009036,0.000000
39669,1,0.009033,0.000000
39670,1,0.009030,0.000000
39671,1,0.009028,0.000000
39672,1,0.009025,0.000000
39673,1,0.009023,0.000000
39674,1,0.009020,0.000000
39675,1,0.009018,0.000000
39676,1,0.009015,0.000000
39677,1,0.009012,0.000000
39678,1,0.009010,0.000000
39679,1,0.009007,0.000000
39680,1,0.009005,0.000000
39681,1,0.009002,0.000000
39682,1,0.008999,0.000000
39683,1,0.008997,0.000000
39684,1,0.008994,0.000000
39685,1,0.008992,0.000000
39686,1,0.008989,0.000000
39687,1,0.008987,0.000000
39688,1,0.008984,0.000000
39689,1,0.008981,0.000000
39690,1,0.008979,0.000000
39691,1,0.008976,0.000000
39692,1,0.008974,0.000000
39693,1,0.008971,0.000000
39694,1,0.008969,0.000000
39695,1,0.008966,0.000000
39696,1,0.008963,0.000000
39697,1,0.008961,0.000000
39698,1,0.008958,0.000000
39699,1,0.008956,0.000000
39700,1,0.008953,0.000000
39701,1,0.008951,0.000000
39702,1,0.008948,0.000000
39703,1,0.008945,0.000000
39704,1,0.008943,0.000000
39705,1,0.008940,0.000000
39706,1,0.008938,0.000000
39707,1,0.008935,0.000000
39708,1,0.008933,0.000000
39709,1,0.008930,0.000000
39710,1,0.008928,0.000000
39711,1,0.008925,0.000000
39712,1,0.008922,0.000000
39713,1,0.008920,0.000000
39714,1,0.008917,0.000000
39715,1,0.008915,0.000000
39716,1,0.008912,0.000000
39717,1,0.008910,0.000000
39718,1,0.008907,0.000000
39719,1,0.008905,0.000000
39720,1,0.008902,0.000000
39721,1,0.008900,0.000000
39722,1,0.008897,0.000000
39723,1,0.008894,0.000000
39724,1,0.008892,0.000000
39725,1,0.008889,0.000000
39726,1,0.008887,0.000000
39727,1,0.008884,0.000000
39728,1,0.008882,0.000000
39729,1,0.008879,0.000000
39730,1,0.008877,0.000000
39731,1,0.008874,0.000000
39732,1,0.008872,0.000000
39733,1,0.008869,0.000000
39734,1,0.008867,0.000000
39735,1,0.008864,0.000000
39736,1,0.008862,0.000000
39737,1,0.008859,0.000000
39738,1,0.008856,0.000000
39739,1,0.008854,0.000000
39740,1,0.008851,0.000000
39741,1,0.008849,0.000000
39742,1,0.008846,0.000000
39743,1,0.008844,0.000000
39744,1,0.008841,0.000000
39745,1,0.008839,0.000000
39746,1,0.008836,0.000000
39747,1,0.008834,0.000000
39748,1,0.008831,0.000000
39749,1,0.008829,0.000000
39750,1,0.008826,0.000000
39751,1,0.008824,0.000000
39752,1,0.008821,0.000000
39753,1,0.008819,0.000000
39754,1,0.008816,0.000000
39755,1,0.008814,0.000000
39756,1,0.008811,0.000000
39757,1,0.008809,0.000000
39758,1,0.008806,0.000000
39759,1,0.008804,0.000000
39760,1,0.008801,0.000000
39761,1,0.008799,0.000000
39762,1,0.008796,0.000000
39763,1,0.008794,0.000000
39764,1,0.008791,0.000000
39765,1,0.008789,0.000000
39766,1,0.008786,0.000000
39767,1,0.008784,0.000000
39768,1,0.008781,0.000000
39769,1,0.008779,0.000000
39770,1,0.008776,0.000000
39771,1,0.008774,0.000000
39772,1,0.008771,0.000000
39773,1,0.008769,0.000000
39774,1,0.008766,0.000000
39775,1,0.008764,0.000000
39776,1,0.008761,0.000000
39777,1,0.008759,0.000000
39778,1,0.008756,0.000000
39779,1,0.008754,0.000000
39780,1,0.008751,0.000000
39781,1,0.008749,0.000000
39782,1,0.008746,0.000000
39783,1,0.008744,0.000000
39784,1,0.008741,0.000000
39785,1,0.008739,0.000000
39786,1,0.008736,0.000000
39787,1,0.008734,0.000000
39788,1,0.008731,0.000000
39789,1,0.008729,0.000000
39790,1,0.008726,0.000000
39791,1,0.008724,0.000000
39792,1,0.008721,0.000000
39793,1,0.008719,0.000000
39794,1,0.008716,0.000000
39795,1,0.008714,0.000000
39796,1,0.008711,0.000000
39797,1,0.008709,0.000000
39798,1,0.008706,0.000000
39799,1,0.008704,0.000000
39800,1,0.008702,0.000000
39801,1,0.008699,0.000000
39802,1,0.008697,0.000000
39803,1,0.008694,0.000000
39804,1,0.008692,0.000000
39805,1,0.008689,0.000000
39806,1,0.008687,0.000000
39807,1,0.008684,0.000000
39808,1,0.008682,0.000000
39809,1,0.008679,0.000000
39810,1,0.008677,0.000000
39811,1,0.008674,0.000000
39812,1,0.008672,0.000000
39813,1,0.008669,0.000000
39814,1,0.008667,0.000000
39815,1,0.008665,0.000000
39816,1,0.008662,0.000000
39817,1,0.008660,0.000000
39818,1,0.008657,0.000000
39819,1,0.008655,0.000000
39820,1,0.008652,0.000000
39821,1,0.008650,0.000000
39822,1,0.008647,0.000000
39823,1,0.008645,0.000000
39824,1,0.008642,0.000000
39825,1,0.008640,0.000000
39826,1,0.008638,0.000000
39827,1,0.008635,0.000000
39828,1,0.008633,0.000000
39829,1,0.008630,0.000000
39830,1,0.008628,0.000000
39831,1,0.008625,0.000000
39832,1,0.008623,0.000000
39833,1,0.008620,0.000000
39834,1,0.008618,0.000000
39835,1,0.008616,0.000000
39836,1,0.008613,0.000000
39837,1,0.008611,0.000000
39838,1,0.008608,0.000000
39839,1,0.008606,0.000000
39840,1,0.008603,0.000000
39841,1,0.008601,0.000000
39842,1,0.008599,0.000000
39843,1,0.008596,0.000000
39844,1,0.008594,0.000000
39845,1,0.008591,0.000000
39846,1,0.008589,0.000000
39847,1,0.008586,0.000000
39848,1,0.008584,0.000000
39849,1,0.008581,0.000000
39850,1,0.008579,0.000000
39851,1,0.008577,0.000000
39852,1,0.008574,0.000000
39853,1,0.008572,0.000000
39854,1,0.008569,0.000000
39855,1,0.008567,0.000000
39856,1,0.008565,0.000000
39857,1,0.008562,0.000000
39858,1,0.008560,0.000000
39859,1,0.008557,0.000000
39860,1,0.008555,0.000000
39861,1,0.008552,0.000000
39862,1,0.008550,0.000000
39863,1,0.008548,0.000000
39864,1,0.008545,0.000000
39865,1,0.008543,0.000000
39866,1,0.008540,0.000000
39867,1,0.008538,0.000000
39868,1,0.008536,0.000000
39869,1,0.008533,0.000000
39870,1,0.008531,0.000000
39871,1,0.008528,0.000000
39872,1,0.008526,0.000000
39873,1,0.008523,0.000000
39874,1,0.008521,0.000000
39875,1,0.008519,0.000000
39876,1,0.008516,0.000000
39877,1,0.008514,0.000000
39878,1,0.008511,0.000000
39879,1,0.008509,0.000000
39880,1,0.008507,0.000000
39881,1,0.008504,0.000000
39882,1,0.008502,0.000000
39883,1,0.008499,0.000000
39884,1,0.008497,0.000000
39885,1,0.008495,0.000000
39886,1,0.008492,0.000000
39887,1,0.008490,0.000000
39888,1,0.008487,0.000000
39889,1,0.008485,0.000000
39890,1,0.008483,0.000000
39891,1,0.008480,0.000000
39892,1,0.008478,0.000000
39893,1,0.008475,0.000000
39894,1,0.008473,0.000000
39895,1,0.008471,0.000000
39896,1,0.008468,0.000000
39897,1,0.008466,0.000000
39898,1,0.008464,0.000000
39899,1,0.008461,0.000000
39900,1,0.008459,0.000000
39901,1,0.008456,0.000000
39902,1,0.008454,0.000000
39903,1,0.008452,0.000000
39904,1,0.008449,0.000000
39905,1,0.008447,0.000000
39906,1,0.008444,0.000000
39907,1,0.008442,0.000000
39908,1,0.008440,0.000000
39909,1,0.008437,0.000000
39910,1,0.008435,0.000000
39911,1,0.008433,0.000000
39912,1,0.008430,0.000000
39913,1,0.008428,0.000000
39914,1,0.008425,0.000000
39915,1,0.008423,0.000000
39916,1,0.008421,0.000000
39917,1,0.008418,0.000000
39918,1,0.008416,0.000000
39919,1,0.008414,0.000000
39920,1,0.008411,0.000000
39921,1,0.008409,0.000000
39922,1,0.008406,0.000000
39923,1,0.008404,0.000000
39924,1,0.008402,0.000000
39925,1,0.008399,0.000000
39926,1,0.008397,0.000000
39927,1,0.008395,0.000000
39928,1,0.008392,0.000000
39929,1,0.008390,0.000000
39930,1,0.008388,0.000000
39931,1,0.008385,0.000000
39932,1,0.008383,0.000000
39933,1,0.008380,0.000000
39934,1,0.008378,0.000000
39935,1,0.008376,0.000000
39936,1,0.008373,0.000000
39937,1,0.008371,0.000000
39938,1,0.008369,0.000000
39939,1,0.008366,0.000000
39940,1,0.008364,0.000000
39941,1,0.008362,0.000000
39942,1,0.008359,0.000000
39943,1,0.008357,0.000000
39944,1,0.008355,0.000000
39945,1,0.008352,0.000000
39946,1,0.008350,0.000000
39947,1,0.008348,0.000000
39948,1,0.008345,0.000000
39949,1,0.008343,0.000000
39950,1,0.008341,0.000000
39951,1,0.008338,0.000000
39952,1,0.008336,0.000000
39953,1,0.008333,0.000000
39954,1,0.008331,0.000000
39955,1,0.008329,0.000000
39956,1,0.008326,0.000000
39957,1,0.008324,0.000000
39958,1,0.008322,0.000000
39959,1,0.008319,0.000000
39960,1,0.008317,0.000000
39961,1,0.008315,0.000000
39962,1,0.008312,0.000000
39963,1,0.008310,0.000000
39964,1,0.008308,0.000000
39965,1,0.008305,0.000000
39966,1,0.008303,0.000000
39967,1,0.008301,0.000000
39968,1,0.008298,0.000000
39969,1,0.008296,0.000000
39970,1,0.008294,0.000000
39971,1,0.008291,0.000000
39972,1,0.008289,0.000000
39973,1,0.008287,0.000000
39974,1,0.008284,0.000000
39975,1,0.008282,0.000000
39976,1,0.008280,0.000000
39977,1,0.008278,0.000000
39978,1,0.008275,0.000000
39979,1,0.008273,0.000000
39980,1,0.008271,0.000000
39981,1,0.008268,0.000000
39982,1,0.008266,0.000000
39983,1,0.008264,0.000000
39984,1,0.008261,0.000000
39985,1,0.008259,0.000000
39986,1,0.008257,0.000000
39987,1,0.008254,0.000000
39988,1,0.008252,0.000000
39989,1,0.008250,0.000000
39990,1,0.008247,0.000000
39991,1,0.008245,0.000000
39992,1,0.008243,0.000000
39993,1,0.008240,0.000000
39994,1,0.008238,0.000000
39995,1,0.008236,0.000000
39996,1,0.008234,0.000000
39997,1,0.008231,0.000000
39998,1,0.008229,0.000000
39999,1,0.008227,0.000000
40000,1,0.008224,0.000000
40001,1,0.008222,0.000000
40002,1,0.008220,0.000000
40003,1,0.008217,0.000000
40004,1,0.008215,0.000000
40005,1,0.008213,0.000000
40006,1,0.008210,0.000000
40007,1,0.008208,0.000000
40008,1,0.008206,0.000000
40009,1,0.008204,0.000000
40010,1,0.008201,0.000000
40011,1,0.008199,0.000000
40012,1,0.008197,0.000000
40013,1,0.008194,0.000000
40014,1,0.008192,0.000000
40015,1,0.008190,0.000000
40016,1,0.008188,0.000000
40017,1,0.008185,0.000000
40018,1,0.008183,0.000000
40019,1,0.008181,0.000000
40020,1,0.008178,0.000000
40021,1,0.008176,0.000000
40022,1,0.008174,0.000000
40023,1,0.008172,0.000000
40024,1,0.008169,0.000000
40025,1,0.008167,0.000000
40026,1,0.008165,0.000000
40027,1,0.008162,0.000000
40028,1,0.008160,0.000000
40029,1,0.008158,0.000000
40030,1,0.008156,0.000000
40031,1,0.008153,0.000000
40032,1,0.008151,0.000000
40033,1,0.008149,0.000000
40034,1,0.008146,0.000000
40035,1,0.008144,0.000000
40036,1,0.008142,0.000000
40037,1,0.008140,0.000000
40038,1,0.008137,0.000000
40039,1,0.008135,0.000000
40040,1,0.008133,0.000000
40041,1,0.008131,0.000000
40042,1,0.008128,0.000000
40043,1,0.008126,0.000000
40044,1,0.008124,0.000000
40045,1,0.008121,0.000000
40046,1,0.008119,0.000000
40047,1,0.008117,0.000000
40048,1,0.008115,0.000000
40049,1,0.008112,0.000000
40050,1,0.008110,0.000000
40051,1,0.008108,0.000000
40052,1,0.008106,0.000000
40053,1,0.008103,0.000000
40054,1,0.008101,0.000000
40055,1,0.008099,0.000000
40056,1,0.008097,0.000000
40057,1,0.008094,0.000000
40058,1,0.008092,0.000000
40059,1,0.008090,0.000000
40060,1,0.008087,0.000000
40061,1,0.008085,0.000000
40062,1,0.008083,0.000000
40063,1,0.008081,0.000000
40064,1,0.008078,0.000000
40065,1,0.008076,0.000000
40066,1,0.008074,0.000000
40067,1,0.008072,0.000000
40068,1,0.008069,0.000000
40069,1,0.008067,0.000000
40070,1,0.008065,0.000000
40071,1,0.008063,0.000000
40072,1,0.008060,0.000000
40073,1,0.008058,0.000000
40074,1,0.008056,0.000000
40075,1,0.008054,0.000000
40076,1,0.008051,0.000000
40077,1,0.008049,0.000000
40078,1,0.008047,0.000000
40079,1,0.008045,0.000000
40080,1,0.008043,0.000000
40081,1,0.008040,0.000000
40082,1,0.008038,0.000000
40083,1,0.008036,0.000000
40084,1,0.008034,0.000000
40085,1,0.008031,0.000000
40086,1,0.008029,0.000000
40087,1,0.008027,0.000000
40088,1,0.008025,0.000000
40089,1,0.008022,0.000000
40090,1,0.008020,0.000000
40091,1,0.008018,0.000000
40092,1,0.008016,0.000000
40093,1,0.008013,0.000000
40094,1,0.008011,0.000000
40095,1,0.008009,0.000000
40096,1,0.008007,0.000000
40097,1,0.008005,0.000000
40098,1,0.008002,0.000000
40099,1,0.008000,0.000000
40100,1,0.007998,0.000000
40101,1,0.007996,0.000000
40102,1,0.007993,0.000000
40103,1,0.007991,0.000000
40104,1,0.007989,0.000000
40105,1,0.007987,0.000000
40106,1,0.007984,0.000000
40107,1,0.007982,0.000000
40108,1,0.007980,0.000000
40109,1,0.007978,0.000000
40110,1,0.007976,0.000000
40111,1,0.007973,0.000000
40112,1,0.007971,0.000000
40113,1,0.007969,0.000000
40114,1,0.007967,0.000000
40115,1,0.007965,0.000000
40116,1,0.007962,0.000000
40117,1,0.007960,0.000000
40118,1,0.007958,0.000000
40119,1,0.007956,0.000000
40120,1,0.007953,0.000000
40121,1,0.007951,0.000000
40122,1,0.007949,0.000000
40123,1,0.007947,0.000000
40124,1,0.007945,0.000000
40125,1,0.007942,0.000000
40126,1,0.007940,0.000000
40127,1,0.007938,0.000000
40128,1,0.007936,0.000000
40129,1,0.007934,0.000000
40130,1,0.007931,0.000000
40131,1,0.007929,0.000000
40132,1,0.007927,0.000000
40133,1,0.007925,0.000000
40134,1,0.007923,0.000000
40135,1,0.007920,0.000000
40136,1,0.007918,0.000000
40137,1,0.007916,0.000000
40138,1,0.007914,0.000000
40139,1,0.007912,0.000000
40140,1,0.007909,0.000000
40141,1,0.007907,0.000000
40142,1,0.007905,0.000000
40143,1,0.007903,0.000000
40144,1,0.007901,0.000000
40145,1,0.007898,0.000000
40146,1,0.007896,0.000000
40147,1,0.007894,0.000000
40148,1,0.007892,0.000000
40149,1,0.007890,0.000000
40150,1,0.007887,0.000000
40151,1,0.007885,0.000000
40152,1,0.007883,0.000000
40153,1,0.007881,0.000000
40154,1,0.007879,0.000000
40155,1,0.007877,0.000000
40156,1,0.007874,0.000000
40157,1,0.007872,0.000000
40158,1,0.007870,0.000000
40159,1,0.007868,0.000000
40160,1,0.007866,0.000000
40161,1,0.007863,0.000000
40162,1,0.007861,0.000000
40163,1,0.007859,0.000000
40164,1,0.007857,0.000000
40165,1,0.007855,0.000000
40166,1,0.007853,0.000000
40167,1,0.007850,0.000000
40168,1,0.007848,0.000000
40169,1,0.007846,0.000000
40170,1,0.007844,0.000000
40171,1,0.007842,0.000000
40172,1,0.007839,0.000000
40173,1,0.007837,0.000000
40174,1,0.007835,0.000000
40175,1,0.007833,0.000000
40176,1,0.007831,0.000000
40177,1,0.007829,0.000000
40178,1,0.007826,0.000000
40179,1,0.007824,0.000000
40180,1,0.007822,0.000000
40181,1,0.007820,0.000000
40182,1,0.007818,0.000000
40183,1,0.007816,0.000000
40184,1,0.007813,0.000000
40185,1,0.007811,0.000000
40186,1,0.007809,0.000000
40187,1,0.007807,0.000000
40188,1,0.007805,0.000000
40189,1,0.007803,0.000000
40190,1,0.007800,0.000000
40191,1,0.007798,0.000000
40192,1,0.007796,0.000000
40193,1,0.007794,0.000000
40194,1,0.007792,0.000000
40195,1,0.007790,0.000000
40196,1,0.007788,0.000000
40197,1,0.007785,0.000000
40198,1,0.007783,0.000000
40199,1,0.007781,0.000000
40200,1,0.007779,0.000000
40201,1,0.007777,0.000000
40202,1,0.007775,0.000000
40203,1,0.007772,0.000000
40204,1,0.007770,0.000000
40205,1,0.007768,0.000000
40206,1,0.007766,0.000000
40207,1,0.007764,0.000000
40208,1,0.007762,0.000000
40209,1,0.007760,0.000000
40210,1,0.007757,0.000000
40211,1,0.007755,0.000000
40212,1,0.007753,0.000000
40213,1,0.007751,0.000000
40214,1,0.007749,0.000000
40215,1,0.007747,0.000000
40216,1,0.007745,0.000000
40217,1,0.007742,0.000000
40218,1,0.007740,0.000000
40219,1,0.007738,0.000000
40220,1,0.007736,0.000000
40221,1,0.007734,0.000000
40222,1,0.007732,0.000000
40223,1,0.007730,0.000000
40224,1,0.007727,0.000000
40225,1,0.007725,0.000000
40226,1,0.007723,0.000000
40227,1,0.007721,0.000000
40228,1,0.007719,0.000000
40229,1,0.007717,0.000000
40230,1,0.007715,0.000000
40231,1,0.007713,0.000000
40232,1,0.007710,0.000000
40233,1,0.007708,0.000000
40234,1,0.007706,0.000000
40235,1,0.007704,0.000000
40236,1,0.007702,0.000000
40237,1,0.007700,0.000000
40238,1,0.007698,0.000000
40239,1,0.007696,0.000000
40240,1,0.007693,0.000000
40241,1,0.007691,0.000000
40242,1,0.007689,0.000000
40243,1,0.007687,0.000000
40244,1,0.007685,0.000000
40245,1,0.007683,0.000000
40246,1,0.007681,0.000000
40247,1,0.007679,0.000000
40248,1,0.007676,0.000000
40249,1,0.007674,0.000000
40250,1,0.007672,0.000000
40251,1,0.007670,0.000000
40252,1,0.007668,0.000000
40253,1,0.007666,0.000000
40254,1,0.007664,0.000000
40255,1,0.007662,0.000000
40256,1,0.007660,0.000000
40257,1,0.007657,0.000000
40258,1,0.007655,0.000000
40259,1,0.007653,0.000000
40260,1,0.007651,0.000000
40261,1,0.007649,0.000000
40262,1,0.007647,0.000000
40263,1,0.007645,0.000000
40264,1,0.007643,0.000000
40265,1,0.007641,0.000000
40266,1,0.007638,0.000000
40267,1,0.007636,0.000000
40268,1,0.007634,0.000000
40269,1,0.007632,0.000000
40270,1,0.007630,0.000000
40271,1,0.007628,0.000000
40272,1,0.007626,0.000000
40273,1,0.007624,0.000000
40274,1,0.007622,0.000000
40275,1,0.007620,0.000000
40276,1,0.007617,0.000000
40277,1,0.007615,0.000000
40278,1,0.007613,0.000000
40279,1,0.007611,0.000000
40280,1,0.007609,0.000000
40281,1,0.007607,0.000000
40282,1,0.007605,0.000000
40283,1,0.007603,0.000000
40284,1,0.007601,0.000000
40285,1,0.007599,0.000000
40286,1,0.007596,0.000000
40287,1,0.007594,0.000000
40288,1,0.007592,0.000000
40289,1,0.007590,0.000000
40290,1,0.007588,0.000000
40291,1,0.007586,0.000000
40292,1,0.007584,0.000000
40293,1,0.007582,0.000000
40294,1,0.007580,0.000000
40295,1,0.007578,0.000000
40296,1,0.007576,0.000000
40297,1,0.007574,0.000000
40298,1,0.007571,0.000000
40299,1,0.007569,0.000000
40300,1,0.007567,0.000000
40301,1,0.007565,0.000000
40302,1,0.007563,0.000000
40303,1,0.007561,0.000000
40304,1,0.007559,0.000000
40305,1,0.007557,0.000000
40306,1,0.007555,0.000000
40307,1,0.007553,0.000000
40308,1,0.007551,0.000000
40309,1,0.007549,0.000000
40310,1,0.007546,0.000000
40311,1,0.007544,0.000000
40312,1,0.007542,0.000000
40313,1,0.007540,0.000000
40314,1,0.007538,0.000000
40315,1,0.007536,0.000000
40316,1,0.007534,0.000000
40317,1,0.007532,0.000000
40318,1,0.007530,0.000000
40319,1,0.007528,0.000000
40320,1,0.007526,0.000000
40321,1,0.007524,0.000000
40322,1,0.007522,0.000000
40323,1,0.007520,0.000000
40324,1,0.007518,0.000000
40325,1,0.007515,0.000000
40326,1,0.007513,0.000000
40327,1,0.007511,0.000000
40328,1,0.007509,0.000000
40329,1,0.007507,0.000000
40330,1,0.007505,0.000000
40331,1,0.007503,0.000000
40332,1,0.007501,0.000000
40333,1,0.007499,0.000000
40334,1,0.007497,0.000000
40335,1,0.007495,0.000000
40336,1,0.007493,0.000000
40337,1,0.007491,0.000000
40338,1,0.007489,0.000000
40339,1,0.007487,0.000000
40340,1,0.007485,0.000000
40341,1,0.007482,0.000000
40342,1,0.007480,0.000000
40343,1,0.007478,0.000000
40344,1,0.007476,0.000000
40345,1,0.007474,0.000000
40346,1,0.007472,0.000000
40347,1,0.007470,0.000000
40348,1,0.007468,0.000000
40349,1,0.007466,0.000000
40350,1,0.007464,0.000000
40351,1,0.007462,0.000000
40352,1,0.007460,0.000000
40353,1,0.007458,0.000000
40354,1,0.007456,0.000000
40355,1,0.007454,0.000000
40356,1,0.007452,0.000000
40357,1,0.007450,0.000000
40358,1,0.007448,0.000000
40359,1,0.007446,0.000000
40360,1,0.007444,0.000000
40361,1,0.007442,0.000000
40362,1,0.007440,0.000000
40363,1,0.007437,0.000000
40364,1,0.007435,0.000000
40365,1,0.007433,0.000000
40366,1,0.007431,0.000000
40367,1,0.007429,0.000000
40368,1,0.007427,0.000000
40369,1,0.007425,0.000000
40370,1,0.007423,0.000000
40371,1,0.007421,0.000000
40372,1,0.007419,0.000000
40373,1,0.007417,0.000000
40374,1,0.007415,0.000000
40375,1,0.007413,0.000000
40376,1,0.007411,0.000000
40377,1,0.007409,0.000000
40378,1,0.007407,0.000000
40379,1,0.007405,0.000000
40380,1,0.007403,0.000000
40381,1,0.007401,0.000000
40382,1,0.007399,0.000000
40383,1,0.007397,0.000000
40384,1,0.007395,0.000000
40385,1,0.007393,0.000000
40386,1,0.007391,0.000000
40387,1,0.007389,0.000000
40388,1,0.007387,0.000000
40389,1,0.007385,0.000000
40390,1,0.007383,0.000000
40391,1,0.007381,0.000000
40392,1,0.007379,0.000000
40393,1,0.007377,0.000000
40394,1,0.007375,0.000000
40395,1,0.007373,0.000000
40396,1,0.007371,0.000000
40397,1,0.007369,0.000000
40398,1,0.007367,0.000000
40399,1,0.007365,0.000000
40400,1,0.007363,0.000000
40401,1,0.007360,0.000000
40402,1,0.007358,0.000000
40403,1,0.007356,0.000000
40404,1,0.007354,0.000000
40405,1,0.007352,0.000000
40406,1,0.007350,0.000000
40407,1,0.007348,0.000000
40408,1,0.007346,0.000000
40409,1,0.007344,0.000000
40410,1,0.007342,0.000000
40411,1,0.007340,0.000000
40412,1,0.007338,0.000000
40413,1,0.007336,0.000000
40414,1,0.007334,0.000000
40415,1,0.007332,0.000000
40416,1,0.007330,0.000000
40417,1,0.007328,0.000000
40418,1,0.007326,0.000000
40419,1,0.007324,0.000000
40420,1,0.007322,0.000000
40421,1,0.007320,0.000000
40422,1,0.007318,0.000000
40423,1,0.007316,0.000000
40424,1,0.007314,0.000000
40425,1,0.007312,0.000000
40426,1,0.007310,0.000000
40427,1,0.007308,0.000000
40428,1,0.007306,0.000000
40429,1,0.007304,0.000000
40430,1,0.007302,0.000000
40431,1,0.007300,0.000000
40432,1,0.007298,0.000000
40433,1,0.007296,0.000000
40434,1,0.007294,0.000000
40435,1,0.007292,0.000000
40436,1,0.007290,0.000000
40437,1,0.007288,0.000000
40438,1,0.007286,0.000000
40439,1,0.007284,0.000000
40440,1,0.007282,0.000000
40441,1,0.007280,0.000000
40442,1,0.007278,0.000000
40443,1,0.007276,0.000000
40444,1,0.007274,0.000000
40445,1,0.007273,0.000000
40446,1,0.007271,0.000000
40447,1,0.007269,0.000000
40448,1,0.007267,0.000000
40449,1,0.007265,0.000000
40450,1,0.007263,0.000000
40451,1,0.007261,0.000000
40452,1,0.007259,0.000000
40453,1,0.007257,0.000000
40454,1,0.007255,0.000000
40455,1,0.007253,0.000000
40456,1,0.007251,0.000000
40457,1,0.007249,0.000000
40458,1,0.007247,0.000000
40459,1,0.007245,0.000000
40460,1,0.007243,0.000000
40461,1,0.007241,0.000000
40462,1,0.007239,0.000000
40463,1,0.007237,0.000000
40464,1,0.007235,0.000000
40465,1,0.007233,0.000000
40466,1,0.007231,0.000000
40467,1,0.007229,0.000000
40468,1,0.007227,0.000000
40469,1,0.007225,0.000000
40470,1,0.007223,0.000000
40471,1,0.007221,0.000000
40472,1,0.007219,0.000000
40473,1,0.007217,0.000000
40474,1,0.007215,0.000000
40475,1,0.007213,0.000000
40476,1,0.007211,0.000000
40477,1,0.007209,0.000000
40478,1,0.007207,0.000000
40479,1,0.007205,0.000000
40480,1,0.007203,0.000000
40481,1,0.007201,0.000000
40482,1,0.007199,0.000000
40483,1,0.007198,0.000000
40484,1,0.007196,0.000000
40485,1,0.007194,0.000000
40486,1,0.007192,0.000000
40487,1,0.007190,0.000000
40488,1,0.007188,0.000000
40489,1,0.007186,0.000000
40490,1,0.007184,0.000000
40491,1,0.007182,0.000000
40492,1,0.007180,0.000000
40493,1,0.007178,0.000000
40494,1,0.007176,0.000000
40495,1,0.007174,0.000000
40496,1,0.007172,0.000000
40497,1,0.007170,0.000000
40498,1,0.007168,0.000000
40499,1,0.007166,0.000000
40500,1,0.007164,0.000000
40501,1,0.007162,0.000000
40502,1,0.007160,0.000000
40503,1,0.007158,0.000000
40504,1,0.007157,0.000000
40505,1,0.007155,0.000000
40506,1,0.007153,0.000000
40507,1,0.007151,0.000000
40508,1,0.007149,0.000000
40509,1,0.007147,0.000000
40510,1,0.007145,0.000000
40511,1,0.007143,0.000000
40512,1,0.007141,0.000000
40513,1,0.007139,0.000000
40514,1,0.007137,0.000000
40515,1,0.007135,0.000000
40516,1,0.007133,0.000000
40517,1,0.007131,0.000000
40518,1,0.007129,0.000000
40519,1,0.007127,0.000000
40520,1,0.007125,0.000000
40521,1,0.007123,0.000000
40522,1,0.007122,0.000000
40523,1,0.007120,0.000000
40524,1,0.007118,0.000000
40525,1,0.007116,0.000000
40526,1,0.007114,0.000000
40527,1,0.007112,0.000000
40528,1,0.007110,0.000000
40529,1,0.007108,0.000000
40530,1,0.007106,0.000000
40531,1,0.007104,0.000000
40532,1,0.007102,0.000000
40533,1,0.007100,0.000000
40534,1,0.007098,0.000000
40535,1,0.007096,0.000000
40536,1,0.007095,0.000000
40537,1,0.007093,0.000000
40538,1,0.007091,0.000000
40539,1,0.007089,0.000000
40540,1,0.007087,0.000000
40541,1,0.007085,0.000000
40542,1,0.007083,0.000000
40543,1,0.007081,0.000000
40544,1,0.007079,0.000000
40545,1,0.007077,0.000000
40546,1,0.007075,0.000000
40547,1,0.007073,0.000000
40548,1,0.007071,0.000000
40549,1,0.007069,0.000000
40550,1,0.007068,0.000000
40551,1,0.007066,0.000000
40552,1,0.007064,0.000000
40553,1,0.007062,0.000000
40554,1,0.007060,0.000000
40555,1,0.007058,0.000000
40556,1,0.007056,0.000000
40557,1,0.007054,0.000000
40558,1,0.007052,0.000000
40559,1,0.007050,0.000000
40560,1,0.007048,0.000000
40561,1,0.007047,0.000000
40562,1,0.007045,0.000000
40563,1,0.007043,0.000000
40564,1,0.007041,0.000000
40565,1,0.007039,0.000000
40566,1,0.007037,0.000000
40567,1,0.007035,0.000000
40568,1,0.007033,0.000000
40569,1,0.007031,0.000000
40570,1,0.007029,0.000000
40571,1,0.007027,0.000000
40572,1,0.007026,0.000000
40573,1,0.007024,0.000000
40574,1,0.007022,0.000000
40575,1,0.007020,0.000000
40576,1,0.007018,0.000000
40577,1,0.007016,0.000000
40578,1,0.007014,0.000000
40579,1,0.007012,0.000000
40580,1,0.007010,0.000000
40581,1,0.007008,0.000000
40582,1,0.007006,0.000000
40583,1,0.007005,0.000000
40584,1,0.007003,0.000000
40585,1,0.007001,0.000000
40586,1,0.006999,0.000000
40587,1,0.006997,0.000000
40588,1,0.006995,0.000000
40589,1,0.006993,0.000000
40590,1,0.006991,0.000000
40591,1,0.006989,0.000000
40592,1,0.006988,0.000000
40593,1,0.006986,0.000000
40594,1,0.006984,0.000000
40595,1,0.006982,0.000000
40596,1,0.006980,0.000000
40597,1,0.006978,0.000000
40598,1,0.006976,0.000000
40599,1,0.006974,0.000000
40600,1,0.006972,0.000000
40601,1,0.006971,0.000000
40602,1,0.006969,0.000000
40603,1,0.006967,0.000000
40604,1,0.006965,0.000000
40605,1,0.006963,0.000000
40606,1,0.006961,0.000000
40607,1,0.006959,0.000000
40608,1,0.006957,0.000000
40609,1,0.006955,0.000000
40610,1,0.006954,0.000000
40611,1,0.006952,0.000000
40612,1,0.006950,0.000000
40613,1,0.006948,0.000000
40614,1,0.006946,0.000000
40615,1,0.006944,0.000000
40616,1,0.006942,0.000000
40617,1,0.006940,0.000000
40618,1,0.006939,0.000000
40619,1,0.006937,0.000000
40620,1,0.006935,0.000000
40621,1,0.006933,0.000000
40622,1,0.006931,0.000000
40623,1,0.006929,0.000000
40624,1,0.006927,0.000000
40625,1,0.006925,0.000000
40626,1,0.006924,0.000000
40627,1,0.006922,0.000000
40628,1,0.006920,0.000000
40629,1,0.006918,0.000000
40630,1,0.006916,0.000000
40631,1,0.006914,0.000000
40632,1,0.006912,0.000000
40633,1,0.006910,0.000000
40634,1,0.006909,0.000000
40635,1,0.006907,0.000000
40636,1,0.006905,0.000000
40637,1,0.006903,0.000000
40638,1,0.006901,0.000000
40639,1,0.006899,0.000000
40640,1,0.006897,0.000000
40641,1,0.006895,0.000000
40642,1,0.006894,0.000000
40643,1,0.006892,0.000000
40644,1,0.006890,0.000000
40645,1,0.006888,0.000000
40646,1,0.006886,0.000000
40647,1,0.006884,0.000000
40648,1,0.006882,0.000000
40649,1,0.006881,0.000000
40650,1,0.006879,0.000000
40651,1,0.006877,0.000000
40652,1,0.006875,0.000000
40653,1,0.006873,0.000000
40654,1,0.006871,0.000000
40655,1,0.006869,0.000000
40656,1,0.006868,0.000000
40657,1,0.006866,0.000000
40658,1,0.006864,0.000000
40659,1,0.006862,0.000000
40660,1,0.006860,0.000000
40661,1,0.006858,0.000000
40662,1,0.006856,0.000000
40663,1,0.006855,0.000000
40664,1,0.006853,0.000000
40665,1,0.006851,0.000000
40666,1,0.006849,0.000000
40667,1,0.006847,0.000000
40668,1,0.006845,0.000000
40669,1,0.006844,0.000000
40670,1,0.006842,0.000000
40671,1,0.006840,0.000000
40672,1,0.006838,0.000000
40673,1,0.006836,0.000000
40674,1,0.006834,0.000000
40675,1,0.006832,0.000000
40676,1,0.006831,0.000000
40677,1,0.006829,0.000000
40678,1,0.006827,0.000000
40679,1,0.006825,0.000000
40680,1,0.006823,0.000000
40681,1,0.006821,0.000000
40682,1,0.006820,0.000000
40683,1,0.006818,0.000000
40684,1,0.006816,0.000000
40685,1,0.006814,0.000000
40686,1,0.006812,0.000000
40687,1,0.006810,0.000000
40688,1,0.006809,0.000000
40689,1,0.006807,0.000000
40690,1,0.006805,0.000000
40691,1,0.006803,0.000000
40692,1,0.006801,0.000000
40693,1,0.006799,0.000000
40694,1,0.006798,0.000000
40695,1,0.006796,0.000000
40696,1,0.006794,0.000000
40697,1,0.006792,0.000000
40698,1,0.006790,0.000000
40699,1,0.006788,0.000000
40700,1,0.006787,0.000000
40701,1,0.006785,0.000000
40702,1,0.006783,0.000000
40703,1,0.006781,0.000000
40704,1,0.006779,0.000000
40705,1,0.006777,0.000000
40706,1,0.006776,0.000000
40707,1,0.006774,0.000000
40708,1,0.006772,0.000000
40709,1,0.006770,0.000000
40710,1,0.006768,0.000000
40711,1,0.006766,0.000000
40712,1,0.006765,0.000000
40713,1,0.006763,0.000000
40714,1,0.006761,0.000000
40715,1,0.006759,0.000000
40716,1,0.006757,0.000000
40717,1,0.006756,0.000000
40718,1,0.006754,0.000000
40719,1,0.006752,0.000000
40720,1,0.006750,0.000000
40721,1,0.006748,0.000000
40722,1,0.006746,0.000000
40723,1,0.006745,0.000000
40724,1,0.006743,0.000000
40725,1,0.006741,0.000000
40726,1,0.006739,0.000000
40727,1,0.006737,0.000000
40728,1,0.006736,0.000000
40729,1,0.006734,0.000000
40730,1,0.006732,0.000000
40731,1,0.006730,0.000000
40732,1,0.006728,0.000000
40733,1,0.006726,0.000000
40734,1,0.006725,0.000000
40735,1,0.006723,0.000000
40736,1,0.006721,0.000000
40737,1,0.006719,0.000000
40738,1,0.006717,0.000000
40739,1,0.006716,0.000000
40740,1,0.006714,0.000000
40741,1,0.006712,0.000000
40742,1,0.006710,0.000000
40743,1,0.006708,0.000000
40744,1,0.006707,0.000000
40745,1,0.006705,0.000000
40746,1,0.006703,0.000000
40747,1,0.006701,0.000000
40748,1,0.006699,0.000000
40749,1,0.006698,0.000000
40750,1,0.006696,0.000000
40751,1,0.006694,0.000000
40752,1,0.006692,0.000000
40753,1,0.006690,0.000000
40754,1,0.006689,0.000000
40755,1,0.006687,0.000000
40756,1,0.006685,0.000000
40757,1,0.006683,0.000000
40758,1,0.006681,0.000000
40759,1,0.006680,0.000000
40760,1,0.006678,0.000000
40761,1,0.006676,0.000000
40762,1,0.006674,0.000000
40763,1,0.006672,0.000000
40764,1,0.006671,0.000000
40765,1,0.006669,0.000000
40766,1,0.006667,0.000000
40767,1,0.006665,0.000000
40768,1,0.006663,0.000000
40769,1,0.006662,0.000000
40770,1,0.006660,0.000000
40771,1,0.006658,0.000000
40772,1,0.006656,0.000000
40773,1,0.006655,0.000000
40774,1,0.006653,0.000000
40775,1,0.006651,0.000000
40776,1,0.006649,0.000000
40777,1,0.006647,0.000000
40778,1,0.006646,0.000000
40779,1,0.006644,0.000000
40780,1,0.006642,0.000000
40781,1,0.006640,0.000000
40782,1,0.006638,0.000000
40783,1,0.006637,0.000000
40784,1,0.006635,0.000000
40785,1,0.006633,0.000000
40786,1,0.006631,0.000000
40787,1,0.006630,0.000000
40788,1,0.006628,0.000000
40789,1,0.006626,0.000000
40790,1,0.006624,0.000000
40791,1,0.006622,0.000000
40792,1,0.006621,0.000000
40793,1,0.006619,0.000000
40794,1,0.006617,0.000000
40795,1,0.006615,0.000000
40796,1,0.006614,0.000000
40797,1,0.006612,0.000000
40798,1,0.006610,0.000000
40799,1,0.006608,0.000000
40800,1,0.006606,0.000000
40801,1,0.006605,0.000000
40802,1,0.006603,0.000000
40803,1,0.006601,0.000000
40804,1,0.006599,0.000000
40805,1,0.006598,0.000000
40806,1,0.006596,0.000000
40807,1,0.006594,0.000000
40808,1,0.006592,0.000000
40809,1,0.006590,0.000000
40810,1,0.006589,0.000000
40811,1,0.006587,0.000000
40812,1,0.006585,0.000000
40813,1,0.006583,0.000000
40814,1,0.006582,0.000000
40815,1,0.006580,0.000000
40816,1,0.006578,0.000000
40817,1,0.006576,0.000000
40818,1,0.006575,0.000000
40819,1,0.006573,0.000000
40820,1,0.006571,0.000000
40821,1,0.006569,0.000000
40822,1,0.006568,0.000000
40823,1,0.006566,0.000000
40824,1,0.006564,0.000000
40825,1,0.006562,0.000000
40826,1,0.006561,0.000000
40827,1,0.006559,0.000000
40828,1,0.006557,0.000000
40829,1,0.006555,0.000000
40830,1,0.006553,0.000000
40831,1,0.006552,0.000000
40832,1,0.006550,0.000000
40833,1,0.006548,0.000000
40834,1,0.006546,0.000000
40835,1,0.006545,0.000000
40836,1,0.006543,0.000000
40837,1,0.006541,0.000000
40838,1,0.006539,0.000000
40839,1,0.006538,0.000000
40840,1,0.006536,0.000000
40841,1,0.006534,0.000000
40842,1,0.006532,0.000000
40843,1,0.006531,0.000000
40844,1,0.006529,0.000000
40845,1,0.006527,0.000000
40846,1,0.006525,0.000000
40847,1,0.006524,0.000000
40848,1,0.006522,0.000000
40849,1,0.006520,0.000000
40850,1,0.006518,0.000000
40851,1,0.006517,0.000000
40852,1,0.006515,0.000000
40853,1,0.006513,0.000000
40854,1,0.006511,0.000000
40855,1,0.006510,0.000000
40856,1,0.006508,0.000000
40857,1,0.006506,0.000000
40858,1,0.006505,0.000000
40859,1,0.006503,0.000000
40860,1,0.006501,0.000000
40861,1,0.006499,0.000000
40862,1,0.006498,0.000000
40863,1,0.006496,0.000000
40864,1,0.006494,0.000000
40865,1,0.006492,0.000000
40866,1,0.006491,0.000000
40867,1,0.006489,0.000000
40868,1,0.006487,0.000000
40869,1,0.006485,0.000000
40870,1,0.006484,0.000000
40871,1,0.006482,0.000000
40872,1,0.006480,0.000000
40873,1,0.006478,0.000000
40874,1,0.006477,0.000000
40875,1,0.006475,0.000000
40876,1,0.006473,0.000000
40877,1,0.006472,0.000000
40878,1,0.006470,0.000000
40879,1,0.006468,0.000000
40880,1,0.006466,0.000000
40881,1,0.006465,0.000000
40882,1,0.006463,0.000000
40883,1,0.006461,0.000000
40884,1,0.006459,0.000000
40885,1,0.006458,0.000000
40886,1,0.006456,0.000000
40887,1,0.006454,0.000000
40888,1,0.006453,0.000000
40889,1,0.006451,0.000000
40890,1,0.006449,0.000000
40891,1,0.006447,0.000000
40892,1,0.006446,0.000000
40893,1,0.006444,0.000000
40894,1,0.006442,0.000000
40895,1,0.006440,0.000000
40896,1,0.006439,0.000000
40897,1,0.006437,0.000000
40898,1,0.006435,0.000000
40899,1,0.006434,0.000000
40900,1,0.006432,0.000000
40901,1,0.006430,0.000000
40902,1,0.006428,0.000000
40903,1,0.006427,0.000000
40904,1,0.006425,0.000000
40905,1,0.006423,0.000000
40906,1,0.006422,0.000000
40907,1,0.006420,0.000000
40908,1,0.006418,0.000000
40909,1,0.006416,0.000000
40910,1,0.006415,0.000000
40911,1,0.006413,0.000000
40912,1,0.006411,0.000000
40913,1,0.006410,0.000000
40914,1,0.006408,0.000000
40915,1,0.006406,0.000000
40916,1,0.006404,0.000000
40917,1,0.006403,0.000000
40918,1,0.006401,0.000000
40919,1,0.006399,0.000000
40920,1,0.006398,0.000000
40921,1,0.006396,0.000000
40922,1,0.006394,0.000000
40923,1,0.006392,0.000000
40924,1,0.006391,0.000000
40925,1,0.006389,0.000000
40926,1,0.006387,0.000000
40927,1,0.006386,0.000000
40928,1,0.006384,0.000000
40929,1,0.006382,0.000000
40930,1,0.006381,0.000000
40931,1,0.006379,0.000000
40932,1,0.006377,0.000000
40933,1,0.006375,0.000000
40934,1,0.006374,0.000000
40935,1,0.006372,0.000000
40936,1,0.006370,0.000000
40937,1,0.006369,0.000000
40938,1,0.006367,0.000000
40939,1,0.006365,0.000000
40940,1,0.006364,0.000000
40941,1,0.006362,0.000000
40942,1,0.006360,0.000000
40943,1,0.006358,0.000000
40944,1,0.006357,0.000000
40945,1,0.006355,0.000000
40946,1,0.006353,0.000000
40947,1,0.006352,0.000000
40948,1,0.006350,0.000000
40949,1,0.006348,0.000000
40950,1,0.006347,0.000000
40951,1,0.006345,0.000000
40952,1,0.006343,0.000000
40953,1,0.006342,0.000000
40954,1,0.006340,0.000000
40955,1,0.006338,0.000000
40956,1,0.006336,0.000000
40957,1,0.006335,0.000000
40958,1,0.006333,0.000000
40959,1,0.006331,0.000000
40960,1,0.006330,0.000000
40961,1,0.006328,0.000000
40962,1,0.006326,0.000000
40963,1,0.006325,0.000000
40964,1,0.006323,0.000000
40965,1,0.006321,0.000000
40966,1,0.006320,0.000000
40967,1,0.006318,0.000000
40968,1,0.006316,0.000000
40969,1,0.006315,0.000000
40970,1,0.006313,0.000000
40971,1,0.006311,0.000000
40972,1,0.006309,0.000000
40973,1,0.006308,0.000000
40974,1,0.006306,0.000000
40975,1,0.006304,0.000000
40976,1,0.006303,0.000000
40977,1,0.006301,0.000000
40978,1,0.006299,0.000000
40979,1,0.006298,0.000000
40980,1,0.006296,0.000000
40981,1,0.006294,0.000000
40982,1,0.006293,0.000000
40983,1,0.006291,0.000000
40984,1,0.006289,0.000000
40985,1,0.006288,0.000000
40986,1,0.006286,0.000000
40987,1,0.006284,0.000000
40988,1,0.006283,0.000000
40989,1,0.006281,0.000000
40990,1,0.006279,0.000000
40991,1,0.006278,0.000000
40992,1,0.006276,0.000000
40993,1,0.006274,0.000000
40994,1,0.006273,0.000000
40995,1,0.006271,0.000000
40996,1,0.006269,0.000000
40997,1,0.006268,0.000000
40998,1,0.006266,0.000000
40999,1,0.006264,0.000000
41000,1,0.006263,0.000000
41001,1,0.006261,0.000000
41002,1,0.006259,0.000000
41003,1,0.006258,0.000000
41004,1,0.006256,0.000000
41005,1,0.006254,0.000000
41006,1,0.006253,0.000000
41007,1,0.006251,0.000000
41008,1,0.006249,0.000000
41009,1,0.006248,0.000000
41010,1,0.006246,0.000000
41011,1,0.006244,0.000000
41012,1,0.006243,0.000000
41013,1,0.006241,0.000000
41014,1,0.006239,0.000000
41015,1,0.006238,0.000000
41016,1,0.006236,0.000000
41017,1,0.006234,0.000000
41018,1,0.006233,0.000000
41019,1,0.006231,0.000000
41020,1,0.006229,0.000000
41021,1,0.006228,0.000000
41022,1,0.006226,0.000000
41023,1,0.006224,0.000000
41024,1,0.006223,0.000000
41025,1,0.006221,0.000000
41026,1,0.006219,0.000000
41027,1,0.006218,0.000000
41028,1,0.006216,0.000000
41029,1,0.006214,0.000000
41030,1,0.006213,0.000000
41031,1,0.006211,0.000000
41032,1,0.006210,0.000000
41033,1,0.006208,0.000000
41034,1,0.006206,0.000000
41035,1,0.006205,0.000000
41036,1,0.006203,0.000000
41037,1,0.006201,0.000000
41038,1,0.006200,0.000000
41039,1,0.006198,0.000000
41040,1,0.006196,0.000000
41041,1,0.006195,0.000000
41042,1,0.006193,0.000000
41043,1,0.006191,0.000000
41044,1,0.006190,0.000000
41045,1,0.006188,0.000000
41046,1,0.006186,0.000000
41047,1,0.006185,0.000000
41048,1,0.006183,0.000000
41049,1,0.006182,0.000000
41050,1,0.006180,0.000000
41051,1,0.006178,0.000000
41052,1,0.006177,0.000000
41053,1,0.006175,0.000000
41054,1,0.006173,0.000000
41055,1,0.006172,0.000000
41056,1,0.006170,0.000000
41057,1,0.006168,0.000000
41058,1,0.006167,0.000000
41059,1,0.006165,0.000000
41060,1,0.006163,0.000000
41061,1,0.006162,0.000000
41062,1,0.006160,0.000000
41063,1,0.006159,0.000000
41064,1,0.006157,0.000000
41065,1,0.006155,0.000000
41066,1,0.006154,0.000000
41067,1,0.006152,0.000000
41068,1,0.006150,0.000000
41069,1,0.006149,0.000000
41070,1,0.006147,0.000000
41071,1,0.006146,0.000000
41072,1,0.006144,0.000000
41073,1,0.006142,0.000000
41074,1,0.006141,0.000000
41075,1,0.006139,0.000000
41076,1,0.006137,0.000000
41077,1,0.006136,0.000000
41078,1,0.006134,0.000000
41079,1,0.006132,0.000000
41080,1,0.006131,0.000000
41081,1,0.006129,0.000000
41082,1,0.006128,0.000000
41083,1,0.006126,0.000000
41084,1,0.006124,0.000000
41085,1,0.006123,0.000000
41086,1,0.006121,0.000000
41087,1,0.006119,0.000000
41088,1,0.006118,0.000000
41089,1,0.006116,0.000000
41090,1,0.006115,0.000000
41091,1,0.006113,0.000000
41092,1,0.006111,0.000000
41093,1,0.006110,0.000000
41094,1,0.006108,0.000000
41095,1,0.006107,0.000000
41096,1,0.006105,0.000000
41097,1,0.006103,0.000000
41098,1,0.006102,0.000000
41099,1,0.006100,0.000000
41100,1,0.006098,0.000000
41101,1,0.006097,0.000000
41102,1,0.006095,0.000000
41103,1,0.006094,0.000000
41104,1,0.006092,0.000000
41105,1,0.006090,0.000000
41106,1,0.006089,0.000000
41107,1,0.006087,0.000000
41108,1,0.006086,0.000000
41109,1,0.006084,0.000000
41110,1,0.006082,0.000000
41111,1,0.006081,0.000000
41112,1,0.006079,0.000000
41113,1,0.006077,0.000000
41114,1,0.006076,0.000000
41115,1,0.006074,0.000000
41116,1,0.006073,0.000000
41117,1,0.006071,0.000000
41118,1,0.006069,0.000000
41119,1,0.006068,0.000000
41120,1,0.006066,0.000000
41121,1,0.006065,0.000000
41122,1,0.006063,0.000000
41123,1,0.006061,0.000000
41124,1,0.006060,0.000000
41125,1,0.006058,0.000000
41126,1,0.006057,0.000000
41127,1,0.006055,0.000000
41128,1,0.006053,0.000000
41129,1,0.006052,0.000000
41130,1,0.006050,0.000000
41131,1,0.006049,0.000000
41132,1,0.006047,0.000000
41133,1,0.006045,0.000000
41134,1,0.006044,0.000000
41135,1,0.006042,0.000000
41136,1,0.006041,0.000000
41137,1,0.006039,0.000000
41138,1,0.006037,0.000000
41139,1,0.006036,0.000000
41140,1,0.006034,0.000000
41141,1,0.006033,0.000000
41142,1,0.006031,0.000000
41143,1,0.006029,0.000000
41144,1,0.006028,0.000000
41145,1,0.006026,0.000000
41146,1,0.006025,0.000000
41147,1,0.006023,0.000000
41148,1,0.006021,0.000000
41149,1,0.006020,0.000000
41150,1,0.006018,0.000000
41151,1,0.006017,0.000000
41152,1,0.006015,0.000000
41153,1,0.006013,0.000000
41154,1,0.006012,0.000000
41155,1,0.006010,0.000000
41156,1,0.006009,0.000000
41157,1,0.006007,0.000000
41158,1,0.006005,0.000000
41159,1,0.006004,0.000000
41160,1,0.006002,0.000000
41161,1,0.006001,0.000000
41162,1,0.005999,0.000000
41163,1,0.005998,0.000000
41164,1,0.005996,0.000000
41165,1,0.005994,0.000000
41166,1,0.005993,0.000000
41167,1,0.005991,0.000000
41168,1,0.005990,0.000000
41169,1,0.005988,0.000000
41170,1,0.005986,0.000000
41171,1,0.005985,0.000000
41172,1,0.005983,0.000000
41173,1,0.005982,0.000000
41174,1,0.005980,0.000000
41175,1,0.005979,0.000000
41176,1,0.005977,0.000000
41177,1,0.005975,0.000000
41178,1,0.005974,0.000000
41179,1,0.005972,0.000000
41180,1,0.005971,0.000000
41181,1,0.005969,0.000000
41182,1,0.005967,0.000000
41183,1,0.005966,0.000000
41184,1,0.005964,0.000000
41185,1,0.005963,0.000000
41186,1,0.005961,0.000000
41187,1,0.005960,0.000000
41188,1,0.005958,0.000000
41189,1,0.005956,0.000000
41190,1,0.005955,0.000000
41191,1,0.005953,0.000000
41192,1,0.005952,0.000000
41193,1,0.005950,0.000000
41194,1,0.005949,0.000000
41195,1,0.005947,0.000000
41196,1,0.005945,0.000000
41197,1,0.005944,0.000000
41198,1,0.005942,0.000000
41199,1,0.005941,0.000000
41200,1,0.005939,0.000000
41201,1,0.005938,0.000000
41202,1,0.005936,0.000000
41203,1,0.005934,0.000000
41204,1,0.005933,0.000000
41205,1,0.005931,0.000000
41206,1,0.005930,0.000000
41207,1,0.005928,0.000000
41208,1,0.005927,0.000000
41209,1,0.005925,0.000000
41210,1,0.005923,0.000000
41211,1,0.005922,0.000000
41212,1,0.005920,0.000000
41213,1,0.005919,0.000000
41214,1,0.005917,0.000000
41215,1,0.005916,0.000000
41216,1,0.005914,0.000000
41217,1,0.005913,0.000000
41218,1,0.005911,0.000000
41219,1,0.005909,0.000000
41220,1,0.005908,0.000000
41221,1,0.005906,0.000000
41222,1,0.005905,0.000000
41223,1,0.005903,0.000000
41224,1,0.005902,0.000000
41225,1,0.005900,0.000000
41226,1,0.005899,0.000000
41227,1,0.005897,0.000000
41228,1,0.005895,0.000000
41229,1,0.005894,0.000000
41230,1,0.005892,0.000000
41231,1,0.005891,0.000000
41232,1,0.005889,0.000000
41233,1,0.005888,0.000000
41234,1,0.005886,0.000000
41235,1,0.005885,0.000000
41236,1,0.005883,0.000000
41237,1,0.005881,0.000000
41238,1,0.005880,0.000000
41239,1,0.005878,0.000000
41240,1,0.005877,0.000000
41241,1,0.005875,0.000000
41242,1,0.005874,0.000000
41243,1,0.005872,0.000000
41244,1,0.005871,0.000000
41245,1,0.005869,0.000000
41246,1,0.005867,0.000000
41247,1,0.005866,0.000000
41248,1,0.005864,0.000000
41249,1,0.005863,0.000000
41250,1,0.005861,0.000000
41251,1,0.005860,0.000000
41252,1,0.005858,0.000000
41253,1,0.005857,0.000000
41254,1,0.005855,0.000000
41255,1,0.005854,0.000000
41256,1,0.005852,0.000000
41257,1,0.005850,0.000000
41258,1,0.005849,0.000000
41259,1,0.005847,0.000000
41260,1,0.005846,0.000000
41261,1,0.005844,0.000000
41262,1,0.005843,0.000000
41263,1,0.005841,0.000000
41264,1,0.005840,0.000000
41265,1,0.005838,0.000000
41266,1,0.005837,0.000000
41267,1,0.005835,0.000000
41268,1,0.005834,0.000000
41269,1,0.005832,0.000000
41270,1,0.005830,0.000000
41271,1,0.005829,0.000000
41272,1,0.005827,0.000000
41273,1,0.005826,0.000000
41274,1,0.005824,0.000000
41275,1,0.005823,0.000000
41276,1,0.005821,0.000000
41277,1,0.005820,0.000000
41278,1,0.005818,0.000000
41279,1,0.005817,0.000000
41280,1,0.005815,0.000000
41281,1,0.005814,0.000000
41282,1,0.005812,0.000000
41283,1,0.005811,0.000000
41284,1,0.005809,0.000000
41285,1,0.005807,0.000000
41286,1,0.005806,0.000000
41287,1,0.005804,0.000000
41288,1,0.005803,0.000000
41289,1,0.005801,0.000000
41290,1,0.005800,0.000000
41291,1,0.005798,0.000000
41292,1,0.005797,0.000000
41293,1,0.005795,0.000000
41294,1,0.005794,0.000000
41295,1,0.005792,0.000000
41296,1,0.005791,0.000000
41297,1,0.005789,0.000000
41298,1,0.005788,0.000000
41299,1,0.005786,0.000000
41300,1,0.005785,0.000000
41301,1,0.005783,0.000000
41302,1,0.005782,0.000000
41303,1,0.005780,0.000000
41304,1,0.005779,0.000000
41305,1,0.005777,0.000000
41306,1,0.005775,0.000000
41307,1,0.005774,0.000000
41308,1,0.005772,0.000000
41309,1,0.005771,0.000000
41310,1,0.005769,0.000000
41311,1,0.005768,0.000000
41312,1,0.005766,0.000000
41313,1,0.005765,0.000000
41314,1,0.005763,0.000000
41315,1,0.005762,0.000000
41316,1,0.005760,0.000000
41317,1,0.005759,0.000000
41318,1,0.005757,0.000000
41319,1,0.005756,0.000000
41320,1,0.005754,0.000000
41321,1,0.005753,0.000000
41322,1,0.005751,0.000000
41323,1,0.005750,0.000000
41324,1,0.005748,0.000000
41325,1,0.005747,0.000000
41326,1,0.005745,0.000000
41327,1,0.005744,0.000000
41328,1,0.005742,0.000000
41329,1,0.005741,0.000000
41330,1,0.005739,0.000000
41331,1,0.005738,0.000000
41332,1,0.005736,0.000000
41333,1,0.005735,0.000000
41334,1,0.005733,0.000000
41335,1,0.005732,0.000000
41336,1,0.005730,0.000000
41337,1,0.005729,0.000000
41338,1,0.005727,0.000000
41339,1,0.005726,0.000000
41340,1,0.005724,0.000000
41341,1,0.005723,0.000000
41342,1,0.005721,0.000000
41343,1,0.005720,0.000000
41344,1,0.005718,0.000000
41345,1,0.005717,0.000000
41346,1,0.005715,0.000000
41347,1,0.005714,0.000000
41348,1,0.005712,0.000000
41349,1,0.005711,0.000000
41350,0,0.005709,0.000000
41351,1,0.005799,0.000000
41352,1,0.005880,0.000000
41353,1,0.005955,0.000000
41354,1,0.006023,0.000000
41355,1,0.006084,0.000000
41356,1,0.006141,0.000000
41357,1,0.006193,0.000000
41358,1,0.006240,0.000000
41359,1,0.006283,0.000000
41360,1,0.006323,0.000000
41361,1,0.006359,0.000000
41362,1,0.006392,0.000000
41363,1,0.006423,0.000000
41364,1,0.006451,0.000000
41365,1,0.006477,0.000000
41366,1,0.006500,0.000000
41367,1,0.006522,0.000000
41368,1,0.006542,0.000000
41369,1,0.006559,0.000000
41370,1,0.006575,0.000079
41371,1,0.006590,0.000277
41372,1,0.006603,0.000568
41373,1,0.006614,0.000930
41374,1,0.006624,0.001345
41375,1,0.006634,0.001793
41376,1,0.006642,0.002262
41377,1,0.006649,0.002737
41378,1,0.006655,0.003188
41379,1,0.006660,0.003582
41380,1,0.006664,0.003900
41381,1,0.006668,0.004135
41382,1,0.006672,0.004287
41383,1,0.006675,0.004363
41384,1,0.006677,0.004370
41385,1,0.006679,0.004320
41386,1,0.006680,0.004224
41387,1,0.006682,0.004092
41388,1,0.006683,0.003935
41389,1,0.006683,0.003763
41390,1,0.006684,0.003584
41391,1,0.006684,0.003405
41392,1,0.006684,0.003231
41393,1,0.006684,0.003067
41394,1,0.006683,0.002917
41395,1,0.006683,0.002781
41396,1,0.006682,0.002663
41397,1,0.006682,0.002562
41398,1,0.006681,0.002478
41399,1,0.006680,0.002409
41400,1,0.006679,0.002356
41401,1,0.006677,0.002316
41402,1,0.006676,0.002287
41403,1,0.006675,0.002268
41404,1,0.006673,0.002256
41405,1,0.006672,0.002248
41406,1,0.006670,0.002235
41407,1,0.006668,0.002211
41408,1,0.006667,0.002175
41409,1,0.006665,0.002124
41410,1,0.006663,0.002061
41411,1,0.006662,0.001987
41412,1,0.006660,0.001904
41413,1,0.006658,0.001814
41414,1,0.006656,0.001720
41415,1,0.006654,0.001624
41416,1,0.006652,0.001529
41417,1,0.006650,0.001435
41418,1,0.006648,0.001345
41419,1,0.006646,0.001259
41420,1,0.006644,0.001179
41421,1,0.006642,0.001105
41422,1,0.006640,0.001038
41423,1,0.006638,0.000977
41424,1,0.006636,0.000923
41425,1,0.006634,0.000875
41426,1,0.006632,0.000834
41427,1,0.006630,0.000798
41428,1,0.006628,0.000768
41429,1,0.006626,0.000741
41430,1,0.006624,0.000719
41431,1,0.006622,0.000701
41432,1,0.006620,0.000685
41433,1,0.006618,0.000669
41434,1,0.006616,0.000652
41435,1,0.006614,0.000633
41436,1,0.006612,0.000612
41437,1,0.006610,0.000588
41438,1,0.006607,0.000563
41439,1,0.006605,0.000536
41440,1,0.006603,0.000508
41441,1,0.006601,0.000479
41442,1,0.006599,0.000451
41443,1,0.006597,0.000423
41444,1,0.006595,0.000395
41445,1,0.006593,0.000369
41446,1,0.006591,0.000345
41447,1,0.006589,0.000322
41448,1,0.006587,0.000301
41449,1,0.006584,0.000281
41450,1,0.006582,0.000264
41451,1,0.006580,0.000248
41452,1,0.006578,0.000234
41453,1,0.006576,0.000222
41454,1,0.006574,0.000212
41455,1,0.006572,0.000203
41456,1,0.006570,0.000195
41457,1,0.006568,0.000188
41458,1,0.006566,0.000182
41459,1,0.006564,0.000177
41460,1,0.006562,0.000172
41461,1,0.006560,0.000167
41462,1,0.006557,0.000162
41463,1,0.006555,0.000156
41464,1,0.006553,0.000149
41465,1,0.006551,0.000143
41466,1,0.006549,0.000135
41467,1,0.006547,0.000128
41468,1,0.006545,0.000121
41469,1,0.006543,0.000113
41470,1,0.006541,0.000106
41471,1,0.006539,0.000099
41472,1,0.006537,0.000092
41473,1,0.006535,0.000086
41474,1,0.006533,0.000080
41475,1,0.006530,0.000075
41476,1,0.006528,0.000070
41477,1,0.006526,0.000066
41478,1,0.006524,0.000062
41479,1,0.006522,0.000058
41480,1,0.006520,0.000055
41481,1,0.006518,0.000053
41482,1,0.006516,0.000050
41483,1,0.006514,0.000048
41484,1,0.006512,0.000047
41485,1,0.006510,0.000045
41486,1,0.006508,0.000044
41487,1,0.006506,0.000043
41488,1,0.006504,0.000041
41489,1,0.006502,0.000040
41490,1,0.006500,0.000038
41491,1,0.006498,0.000037
41492,1,0.006495,0.000035
41493,1,0.006493,0.000033
41494,1,0.006491,0.000031
41495,1,0.006489,0.000029
41496,1,0.006487,0.000028
41497,1,0.006485,0.000026
41498,1,0.006483,0.000024
41499,1,0.006481,0.000022
41500,1,0.006479,0.000021
41501,1,0.006477,0.000020
41502,1,0.006475,0.000018
41503,1,0.006473,0.000017
41504,1,0.006471,0.000016
41505,1,0.006469,0.000015
41506,1,0.006467,0.000014
41507,1,0.006465,0.000014
41508,1,0.006463,0.000013
41509,1,0.006461,0.000012
41510,1,0.006459,0.000012
41511,1,0.006457,0.000011
41512,1,0.006455,0.000011
41513,1,0.006453,0.000011
41514,1,0.006451,0.000010
41515,1,0.006449,0.000010
41516,1,0.006447,0.000010
41517,1,0.006444,0.000009
41518,1,0.006442,0.000009
41519,1,0.006440,0.000008
41520,1,0.006438,0.000008
41521,1,0.006436,0.000008
41522,1,0.006434,0.000007
41523,1,0.006432,0.000007
41524,1,0.006430,0.000006
41525,1,0.006428,0.000006
41526,1,0.006426,0.000005
41527,1,0.006424,0.000005
41528,1,0.006422,0.000005
41529,1,0.006420,0.000004
41530,1,0.006418,0.000004
41531,1,0.006416,0.000004
41532,1,0.006414,0.000004
41533,1,0.006412,0.000003
41534,1,0.006410,0.000003
41535,1,0.006408,0.000003
41536,1,0.006406,0.000003
41537,1,0.006404,0.000003
41538,1,0.006402,0.000003
41539,1,0.006400,0.000003
41540,1,0.006398,0.000003
41541,1,0.006396,0.000003
41542,1,0.006394,0.000002
41543,1,0.006392,0.000002
41544,1,0.006390,0.000002
41545,1,0.006388,0.000002
41546,1,0.006386,0.000002
41547,1,0.006384,0.000002
41548,1,0.006382,0.000002
41549,1,0.006380,0.000002
41550,1,0.006378,0.000002
41551,1,0.006376,0.000001
41552,1,0.006374,0.000001
41553,1,0.006372,0.000001
41554,1,0.006370,0.000001
41555,1,0.006368,0.000001
41556,1,0.006366,0.000001
41557,1,0.006364,0.000001
41558,1,0.006362,0.000001
41559,1,0.006360,0.000001
41560,1,0.006358,0.000001
41561,1,0.006356,0.000001
41562,1,0.006354,0.000001
41563,1,0.006352,0.000001
41564,1,0.006350,0.000001
41565,1,0.006348,0.000001
41566,1,0.006346,0.000001
41567,1,0.006344,0.000001
41568,1,0.006342,0.000001
41569,1,0.006340,0.000001
41570,1,0.006338,0.000001
41571,1,0.006336,0.000001
41572,1,0.006334,0.000001
41573,1,0.006332,0.000000
41574,1,0.006330,0.000000
41575,1,0.006328,0.000000
41576,1,0.006326,0.000000
41577,1,0.006324,0.000000
41578,1,0.006322,0.000000
41579,1,0.006320,0.000000
41580,1,0.006318,0.000000
41581,1,0.006317,0.000000
41582,1,0.006315,0.000000
41583,1,0.006313,0.000000
41584,1,0.006311,0.000000
41585,1,0.006309,0.000000
41586,1,0.006307,0.000000
41587,1,0.006305,0.000000
41588,1,0.006303,0.000000
41589,1,0.006301,0.000000
41590,1,0.006299,0.000000
41591,1,0.006297,0.000000
41592,1,0.006295,0.000000
41593,1,0.006293,0.000000
41594,1,0.006291,0.000000
41595,1,0.006289,0.000000
41596,1,0.006287,0.000000
41597,1,0.006285,0.000000
41598,1,0.006283,0.000000
41599,1,0.006281,0.000000
41600,1,0.006279,0.000000
41601,1,0.006277,0.000000
41602,1,0.006275,0.000000
41603,1,0.006273,0.000000
41604,1,0.006271,0.000000
41605,1,0.006269,0.000000
41606,1,0.006268,0.000000
41607,1,0.006266,0.000000
41608,1,0.006264,0.000000
41609,1,0.006262,0.000000
41610,1,0.006260,0.000000
41611,1,0.006258,0.000000
41612,1,0.006256,0.000000
41613,1,0.006254,0.000000
41614,1,0.006252,0.000000
41615,1,0.006250,0.000000
41616,1,0.006248,0.000000
41617,1,0.006246,0.000000
41618,1,0.006244,0.000000
41619,1,0.006242,0.000000
41620,1,0.006240,0.000000
41621,1,0.006238,0.000000
41622,1,0.006236,0.000000
41623,1,0.006234,0.000000
41624,1,0.006233,0.000000
41625,1,0.006231,0.000000
41626,1,0.006229,0.000000
41627,1,0.006227,0.000000
41628,1,0.006225,0.000000
41629,1,0.006223,0.000000
41630,1,0.006221,0.000000
41631,1,0.006219,0.000000
41632,1,0.006217,0.000000
41633,1,0.006215,0.000000
41634,1,0.006213,0.000000
41635,1,0.006211,0.000000
41636,1,0.006209,0.000000
41637,1,0.006207,0.000000
41638,1,0.006206,0.000000
41639,1,0.006204,0.000000
41640,1,0.006202,0.000000
41641,1,0.006200,0.000000
41642,1,0.006198,0.000000
41643,1,0.006196,0.000000
41644,1,0.006194,0.000000
41645,1,0.006192,0.000000
41646,1,0.006190,0.000000
41647,1,0.006188,0.000000
41648,1,0.006186,0.000000
41649,1,0.006184,0.000000
41650,1,0.006183,0.000000
41651,1,0.006181,0.000000
41652,1,0.006179,0.000000
41653,1,0.006177,0.000000
41654,1,0.006175,0.000000
41655,1,0.006173,0.000000
41656,1,0.006171,0.000000
41657,1,0.006169,0.000000
41658,1,0.006167,0.000000
41659,1,0.006165,0.000000
41660,1,0.006163,0.000000
41661,1,0.006162,0.000000
41662,1,0.006160,0.000000
41663,1,0.006158,0.000000
41664,1,0.006156,0.000000
41665,1,0.006154,0.000000
41666,1,0.006152,0.000000
41667,1,0.006150,0.000000
41668,1,0.006148,0.000000
41669,1,0.006146,0.000000
41670,1,0.006144,0.000000
41671,1,0.006143,0.000000
41672,1,0.006141,0.000000
41673,1,0.006139,0.000000
41674,1,0.006137,0.000000
41675,1,0.006135,0.000000
41676,1,0.006133,0.000000
41677,1,0.006131,0.000000
41678,1,0.006129,0.000000
41679,1,0.006127,0.000000
41680,1,0.006126,0.000000
41681,1,0.006124,0.000000
41682,1,0.006122,0.000000
41683,1,0.006120,0.000000
41684,1,0.006118,0.000000
41685,1,0.006116,0.000000
41686,1,0.006114,0.000000
41687,1,0.006112,0.000000
41688,1,0.006111,0.000000
41689,1,0.006109,0.000000
41690,1,0.006107,0.000000
41691,1,0.006105,0.000000
41692,1,0.006103,0.000000
41693,1,0.006101,0.000000
41694,1,0.006099,0.000000
41695,1,0.006097,0.000000
41696,1,0.006095,0.000000
41697,1,0.006094,0.000000
41698,1,0.006092,0.000000
41699,1,0.006090,0.000000
41700,1,0.006088,0.000000
41701,1,0.006086,0.000000
41702,1,0.006084,0.000000
41703,1,0.006082,0.000000
41704,1,0.006081,0.000000
41705,1,0.006079,0.000000
41706,1,0.006077,0.000000
41707,1,0.006075,0.000000
41708,1,0.006073,0.000000
41709,1,0.006071,0.000000
41710,1,0.006069,0.000000
41711,1,0.006067,0.000000
41712,1,0.006066,0.000000
41713,1,0.006064,0.000000
41714,1,0.006062,0.000000
41715,1,0.006060,0.000000
41716,1,0.006058,0.000000
41717,1,0.006056,0.000000
41718,1,0.006054,0.000000
41719,1,0.006053,0.000000
41720,1,0.006051,0.000000
41721,1,0.006049,0.000000
41722,1,0.006047,0.000000
41723,1,0.006045,0.000000
41724,1,0.006043,0.000000
41725,1,0.006041,0.000000
41726,1,0.006040,0.000000
41727,1,0.006038,0.000000
41728,1,0.006036,0.000000
41729,1,0.006034,0.000000
41730,1,0.006032,0.000000
41731,1,0.006030,0.000000
41732,1,0.006029,0.000000
41733,1,0.006027,0.000000
41734,1,0.006025,0.000000
41735,1,0.006023,0.000000
41736,1,0.006021,0.000000
41737,1,0.006019,0.000000
41738,1,0.006017,0.000000
41739,1,0.006016,0.000000
41740,1,0.006014,0.000000
41741,1,0.006012,0.000000
41742,1,0.006010,0.000000
41743,1,0.006008,0.000000
41744,1,0.006006,0.000000
41745,1,0.006005,0.000000
41746,1,0.006003,0.000000
41747,1,0.006001,0.000000
41748,1,0.005999,0.000000
41749,1,0.005997,0.000000
41750,1,0.005995,0.000000
41751,1,0.005994,0.000000
41752,1,0.005992,0.000000
41753,1,0.005990,0.000000
41754,1,0.005988,0.000000
41755,1,0.005986,0.000000
41756,1,0.005984,0.000000
41757,1,0.005983,0.000000
41758,1,0.005981,0.000000
41759,1,0.005979,0.000000
41760,1,0.005977,0.000000
41761,1,0.005975,0.000000
41762,1,0.005974,0.000000
41763,1,0.005972,0.000000
41764,1,0.005970,0.000000
41765,1,0.005968,0.000000
41766,1,0.005966,0.000000
41767,1,0.005964,0.000000
41768,1,0.005963,0.000000
41769,1,0.005961,0.000000
41770,1,0.005959,0.000000
41771,1,0.005957,0.000000
41772,1,0.005955,0.000000
41773,1,0.005954,0.000000
41774,1,0.005952,0.000000
41775,1,0.005950,0.000000
41776,1,0.005948,0.000000
41777,1,0.005946,0.000000
41778,1,0.005944,0.000000
41779,1,0.005943,0.000000
41780,1,0.005941,0.000000
41781,1,0.005939,0.000000
41782,1,0.005937,0.000000
41783,1,0.005935,0.000000
41784,1,0.005934,0.000000
41785,1,0.005932,0.000000
41786,1,0.005930,0.000000
41787,1,0.005928,0.000000
41788,1,0.005926,0.000000
41789,1,0.005925,0.000000
41790,1,0.005923,0.000000
41791,1,0.005921,0.000000
41792,1,0.005919,0.000000
41793,1,0.005917,0.000000
41794,1,0.005916,0.000000
41795,1,0.005914,0.000000
41796,1,0.005912,0.000000
41797,1,0.005910,0.000000
41798,1,0.005908,0.000000
41799,1,0.005907,0.000000
41800,1,0.005905,0.000000
41801,1,0.005903,0.000000
41802,1,0.005901,0.000000
41803,1,0.005899,0.000000
41804,1,0.005898,0.000000
41805,1,0.005896,0.000000
41806,1,0.005894,0.000000
41807,1,0.005892,0.000000
41808,1,0.005891,0.000000
41809,1,0.005889,0.000000
41810,1,0.005887,0.000000
41811,1,0.005885,0.000000
41812,1,0.005883,0.000000
41813,1,0.005882,0.000000
41814,1,0.005880,0.000000
41815,1,0.005878,0.000000
41816,1,0.005876,0.000000
41817,1,0.005874,0.000000
41818,1,0.005873,0.000000
41819,1,0.005871,0.000000
41820,1,0.005869,0.000000
41821,1,0.005867,0.000000
41822,1,0.005866,0.000000
41823,1,0.005864,0.000000
41824,1,0.005862,0.000000
41825,1,0.005860,0.000000
41826,1,0.005858,0.000000
41827,1,0.005857,0.000000
41828,1,0.005855,0.000000
41829,1,0.005853,0.000000
41830,1,0.005851,0.000000
41831,1,0.005850,0.000000
41832,1,0.005848,0.000000
41833,1,0.005846,0.000000
41834,1,0.005844,0.000000
41835,1,0.005843,0.000000
41836,1,0.005841,0.000000
41837,1,0.005839,0.000000
41838,1,0.005837,0.000000
41839,1,0.005836,0.000000
41840,1,0.005834,0.000000
41841,1,0.005832,0.000000
41842,1,0.005830,0.000000
41843,1,0.005828,0.000000
41844,1,0.005827,0.000000
41845,1,0.005825,0.000000
41846,1,0.005823,0.000000
41847,1,0.005821,0.000000
41848,1,0.005820,0.000000
41849,1,0.005818,0.000000
41850,1,0.005816,0.000000
41851,1,0.005814,0.000000
41852,1,0.005813,0.000000
41853,1,0.005811,0.000000
41854,1,0.005809,0.000000
41855,1,0.005807,0.000000
41856,1,0.005806,0.000000
41857,1,0.005804,0.000000
41858,1,0.005802,0.000000
41859,1,0.005800,0.000000
41860,1,0.005799,0.000000
41861,1,0.005797,0.000000
41862,1,0.005795,0.000000
41863,1,0.005793,0.000000
41864,1,0.005792,0.000000
41865,1,0.005790,0.000000
41866,1,0.005788,0.000000
41867,1,0.005786,0.000000
41868,1,0.005785,0.000000
41869,1,0.005783,0.000000
41870,1,0.005781,0.000000
41871,1,0.005779,0.000000
41872,1,0.005778,0.000000
41873,1,0.005776,0.000000
41874,1,0.005774,0.000000
41875,1,0.005772,0.000000
41876,1,0.005771,0.000000
41877,1,0.005769,0.000000
41878,1,0.005767,0.000000
41879,1,0.005766,0.000000
41880,1,0.005764,0.000000
41881,1,0.005762,0.000000
41882,1,0.005760,0.000000
41883,1,0.005759,0.000000
41884,1,0.005757,0.000000
41885,1,0.005755,0.000000
41886,1,0.005753,0.000000
41887,1,0.005752,0.000000
41888,1,0.005750,0.000000
41889,1,0.005748,0.000000
41890,1,0.005746,0.000000
41891,1,0.005745,0.000000
41892,1,0.005743,0.000000
41893,1,0.005741,0.000000
41894,1,0.005740,0.000000
41895,1,0.005738,0.000000
41896,1,0.005736,0.000000
41897,1,0.005734,0.000000
41898,1,0.005733,0.000000
41899,1,0.005731,0.000000
41900,1,0.005729,0.000000
41901,1,0.005728,0.000000
41902,1,0.005726,0.000000
41903,1,0.005724,0.000000
41904,1,0.005722,0.000000
41905,1,0.005721,0.000000
41906,1,0.005719,0.000000
41907,1,0.005717,0.000000
41908,1,0.005716,0.000000
41909,1,0.005714,0.000000
41910,1,0.005712,0.000000
41911,1,0.005710,0.000000
41912,1,0.005709,0.000000
41913,1,0.005707,0.000000
41914,1,0.005705,0.000000
41915,1,0.005704,0.000000
41916,1,0.005702,0.000000
41917,1,0.005700,0.000000
41918,1,0.005698,0.000000
41919,1,0.005697,0.000000
41920,1,0.005695,0.000000
41921,1,0.005693,0.000000
41922,1,0.005692,0.000000
41923,1,0.005690,0.000000
41924,1,0.005688,0.000000
41925,1,0.005686,0.000000
41926,1,0.005685,0.000000
41927,1,0.005683,0.000000
41928,1,0.005681,0.000000
41929,1,0.005680,0.000000
41930,1,0.005678,0.000000
41931,1,0.005676,0.000000
41932,1,0.005675,0.000000
41933,1,0.005673,0.000000
41934,1,0.005671,0.000000
41935,1,0.005669,0.000000
41936,1,0.005668,0.000000
41937,1,0.005666,0.000000
41938,1,0.005664,0.000000
41939,1,0.005663,0.000000
41940,1,0.005661,0.000000
41941,1,0.005659,0.000000
41942,1,0.005658,0.000000
41943,1,0.005656,0.000000
41944,1,0.005654,0.000000
41945,1,0.005653,0.000000
41946,1,0.005651,0.000000
41947,1,0.005649,0.000000
41948,1,0.005648,0.000000
41949,1,0.005646,0.000000
41950,1,0.005644,0.000000
41951,1,0.005642,0.000000
41952,1,0.005641,0.000000
41953,1,0.005639,0.000000
41954,1,0.005637,0.000000
41955,1,0.005636,0.000000
41956,1,0.005634,0.000000
41957,1,0.005632,0.000000
41958,1,0.005631,0.000000
41959,1,0.005629,0.000000
41960,1,0.005627,0.000000
41961,1,0.005626,0.000000
41962,1,0.005624,0.000000
41963,1,0.005622,0.000000
41964,1,0.005621,0.000000
41965,1,0.005619,0.000000
41966,1,0.005617,0.000000
41967,1,0.005616,0.000000
41968,1,0.005614,0.000000
41969,1,0.005612,0.000000
41970,1,0.005611,0.000000
41971,1,0.005609,0.000000
41972,1,0.005607,0.000000
41973,1,0.005606,0.000000
41974,1,0.005604,0.000000
41975,1,0.005602,0.000000
41976,1,0.005601,0.000000
41977,1,0.005599,0.000000
41978,1,0.005597,0.000000
41979,1,0.005596,0.000000
41980,1,0.005594,0.000000
41981,1,0.005592,0.000000
41982,1,0.005591,0.000000
41983,1,0.005589,0.000000
41984,1,0.005587,0.000000
41985,1,0.005586,0.000000
41986,1,0.005584,0.000000
41987,1,0.005582,0.000000
41988,1,0.005581,0.000000
41989,1,0.005579,0.000000
41990,1,0.005577,0.000000
41991,1,0.005576,0.000000
41992,1,0.005574,0.000000
41993,1,0.005572,0.000000
41994,1,0.005571,0.000000
41995,1,0.005569,0.000000
41996,1,0.005567,0.000000
41997,1,0.005566,0.000000
41998,1,0.005564,0.000000
41999,1,0.005562,0.000000
42000,1,0.005561,0.000000
42001,1,0.005559,0.000000
42002,1,0.005557,0.000000
42003,1,0.005556,0.000000
42004,1,0.005554,0.000000
42005,1,0.005552,0.000000
42006,1,0.005551,0.000000
42007,1,0.005549,0.000000
42008,1,0.005548,0.000000
42009,1,0.005546,0.000000
42010,1,0.005544,0.000000
42011,1,0.005543,0.000000
42012,1,0.005541,0.000000
42013,1,0.005539,0.000000
42014,1,0.005538,0.000000
42015,1,0.005536,0.000000
42016,1,0.005534,0.000000
42017,1,0.005533,0.000000
42018,1,0.005531,0.000000
42019,1,0.005529,0.000000
42020,1,0.005528,0.000000
42021,1,0.005526,0.000000
42022,1,0.005525,0.000000
42023,1,0.005523,0.000000
42024,1,0.005521,0.000000
42025,1,0.005520,0.000000
42026,1,0.005518,0.000000
42027,1,0.005516,0.000000
42028,1,0.005515,0.000000
42029,1,0.005513,0.000000
42030,1,0.005511,0.000000
42031,1,0.005510,0.000000
42032,1,0.005508,0.000000
42033,1,0.005507,0.000000
42034,1,0.005505,0.000000
42035,1,0.005503,0.000000
42036,1,0.005502,0.000000
42037,1,0.005500,0.000000
42038,1,0.005498,0.000000
42039,1,0.005497,0.000000
42040,1,0.005495,0.000000
42041,1,0.005494,0.000000
42042,1,0.005492,0.000000
42043,1,0.005490,0.000000
42044,1,0.005489,0.000000
42045,1,0.005487,0.000000
42046,1,0.005485,0.000000
42047,1,0.005484,0.000000
42048,1,0.005482,0.000000
42049,1,0.005481,0.000000
42050,1,0.005479,0.000000
42051,1,0.005477,0.000000
42052,1,0.005476,0.000000
42053,1,0.005474,0.000000
42054,1,0.005472,0.000000
42055,1,0.005471,0.000000
42056,1,0.005469,0.000000
42057,1,0.005468,0.000000
42058,1,0.005466,0.000000
42059,1,0.005464,0.000000
42060,1,0.005463,0.000000
42061,1,0.005461,0.000000
42062,1,0.005460,0.000000
42063,1,0.005458,0.000000
42064,1,0.005456,0.000000
42065,1,0.005455,0.000000
42066,1,0.005453,0.000000
42067,1,0.005452,0.000000
42068,1,0.005450,0.000000
42069,1,0.005448,0.000000
42070,1,0.005447,0.000000
42071,1,0.005445,0.000000
42072,1,0.005443,0.000000
42073,1,0.005442,0.000000
42074,1,0.005440,0.000000
42075,1,0.005439,0.000000
42076,1,0.005437,0.000000
42077,1,0.005435,0.000000
42078,1,0.005434,0.000000
42079,1,0.005432,0.000000
42080,1,0.005431,0.000000
42081,1,0.005429,0.000000
42082,1,0.005427,0.000000
42083,1,0.005426,0.000000
42084,1,0.005424,0.000000
42085,1,0.005423,0.000000
42086,1,0.005421,0.000000
42087,1,0.005419,0.000000
42088,1,0.005418,0.000000
42089,1,0.005416,0.000000
42090,1,0.005415,0.000000
42091,1,0.005413,0.000000
42092,1,0.005412,0.000000
42093,1,0.005410,0.000000
42094,1,0.005408,0.000000
42095,1,0.005407,0.000000
42096,1,0.005405,0.000000
42097,1,0.005404,0.000000
42098,1,0.005402,0.000000
42099,1,0.005400,0.000000
42100,1,0.005399,0.000000
42101,1,0.005397,0.000000
42102,1,0.005396,0.000000
42103,1,0.005394,0.000000
42104,1,0.005392,0.000000
42105,1,0.005391,0.000000
42106,1,0.005389,0.000000
42107,1,0.005388,0.000000
42108,1,0.005386,0.000000
42109,1,0.005385,0.000000
42110,1,0.005383,0.000000
42111,1,0.005381,0.000000
42112,1,0.005380,0.000000
42113,1,0.005378,0.000000
42114,1,0.005377,0.000000
42115,1,0.005375,0.000000
42116,1,0.005373,0.000000
42117,1,0.005372,0.000000
42118,1,0.005370,0.000000
42119,1,0.005369,0.000000
42120,1,0.005367,0.000000
42121,1,0.005366,0.000000
42122,1,0.005364,0.000000
42123,1,0.005362,0.000000
42124,1,0.005361,0.000000
42125,1,0.005359,0.000000
42126,1,0.005358,0.000000
42127,1,0.005356,0.000000
42128,1,0.005355,0.000000
42129,1,0.005353,0.000000
42130,1,0.005351,0.000000
42131,1,0.005350,0.000000
42132,1,0.005348,0.000000
42133,1,0.005347,0.000000
42134,1,0.005345,0.000000
42135,1,0.005344,0.000000
42136,1,0.005342,0.000000
42137,1,0.005340,0.000000
42138,1,0.005339,0.000000
42139,1,0.005337,0.000000
42140,1,0.005336,0.000000
42141,1,0.005334,0.000000
42142,1,0.005333,0.000000
42143,1,0.005331,0.000000
42144,1,0.005330,0.000000
42145,1,0.005328,0.000000
42146,1,0.005326,0.000000
42147,1,0.005325,0.000000
42148,1,0.005323,0.000000
42149,1,0.005322,0.000000
42150,1,0.005320,0.000000
42151,1,0.005319,0.000000
42152,1,0.005317,0.000000
42153,1,0.005316,0.000000
42154,1,0.005314,0.000000
42155,1,0.005312,0.000000
42156,1,0.005311,0.000000
42157,1,0.005309,0.000000
42158,1,0.005308,0.000000
42159,1,0.005306,0.000000
42160,1,0.005305,0.000000
42161,1,0.005303,0.000000
42162,1,0.005302,0.000000
42163,1,0.005300,0.000000
42164,1,0.005298,0.000000
42165,1,0.005297,0.000000
42166,1,0.005295,0.000000
42167,1,0.005294,0.000000
42168,1,0.005292,0.000000
42169,1,0.005291,0.000000
42170,1,0.005289,0.000000
42171,1,0.005288,0.000000
42172,1,0.005286,0.000000
42173,1,0.005285,0.000000
42174,1,0.005283,0.000000
42175,1,0.005281,0.000000
42176,1,0.005280,0.000000
42177,1,0.005278,0.000000
42178,1,0.005277,0.000000
42179,1,0.005275,0.000000
42180,1,0.005274,0.000000
42181,1,0.005272,0.000000
42182,1,0.005271,0.000000
42183,1,0.005269,0.000000
42184,1,0.005268,0.000000
42185,1,0.005266,0.000000
42186,1,0.005265,0.000000
42187,1,0.005263,0.000000
42188,1,0.005261,0.000000
42189,1,0.005260,0.000000
42190,1,0.005258,0.000000
42191,1,0.005257,0.000000
42192,1,0.005255,0.000000
42193,1,0.005254,0.000000
42194,1,0.005252,0.000000
42195,1,0.005251,0.000000
42196,1,0.005249,0.000000
42197,1,0.005248,0.000000
42198,1,0.005246,0.000000
42199,1,0.005245,0.000000
42200,1,0.005243,0.000000
42201,1,0.005242,0.000000
42202,1,0.005240,0.000000
42203,1,0.005239,0.000000
42204,1,0.005237,0.000000
42205,1,0.005235,0.000000
42206,1,0.005234,0.000000
42207,1,0.005232,0.000000
42208,1,0.005231,0.000000
42209,1,0.005229,0.000000
42210,1,0.005228,0.000000
42211,1,0.005226,0.000000
42212,1,0.005225,0.000000
42213,1,0.005223,0.000000
42214,1,0.005222,0.000000
42215,1,0.005220,0.000000
42216,1,0.005219,0.000000
42217,1,0.005217,0.000000
42218,1,0.005216,0.000000
42219,1,0.005214,0.000000
42220,1,0.005213,0.000000
42221,1,0.005211,0.000000
42222,1,0.005210,0.000000
42223,1,0.005208,0.000000
42224,1,0.005207,0.000000
42225,1,0.005205,0.000000
42226,1,0.005204,0.000000
42227,1,0.005202,0.000000
42228,1,0.005201,0.000000
42229,1,0.005199,0.000000
42230,1,0.005198,0.000000
42231,1,0.005196,0.000000
42232,1,0.005195,0.000000
42233,1,0.005193,0.000000
42234,1,0.005192,0.000000
42235,1,0.005190,0.000000
42236,1,0.005189,0.000000
42237,1,0.005187,0.000000
42238,1,0.005186,0.000000
42239,1,0.005184,0.000000
42240,1,0.005183,0.000000
42241,1,0.005181,0.000000
42242,1,0.005180,0.000000
42243,1,0.005178,0.000000
42244,1,0.005177,0.000000
42245,1,0.005175,0.000000
42246,1,0.005174,0.000000
42247,1,0.005172,0.000000
42248,1,0.005171,0.000000
42249,1,0.005169,0.000000
42250,1,0.005168,0.000000
42251,1,0.005166,0.000000
42252,1,0.005165,0.000000
42253,1,0.005163,0.000000
42254,1,0.005162,0.000000
42255,1,0.005160,0.000000
42256,1,0.005159,0.000000
42257,1,0.005157,0.000000
42258,1,0.005156,0.000000
42259,1,0.005154,0.000000
42260,1,0.005153,0.000000
42261,1,0.005151,0.000000
42262,1,0.005150,0.000000
42263,1,0.005148,0.000000
42264,1,0.005147,0.000000
42265,1,0.005145,0.000000
42266,1,0.005144,0.000000
42267,1,0.005142,0.000000
42268,1,0.005141,0.000000
42269,1,0.005139,0.000000
42270,1,0.005138,0.000000
42271,1,0.005136,0.000000
42272,1,0.005135,0.000000
42273,1,0.005133,0.000000
42274,1,0.005132,0.000000
42275,1,0.005130,0.000000
42276,1,0.005129,0.000000
42277,1,0.005127,0.000000
42278,1,0.005126,0.000000
42279,1,0.005124,0.000000
42280,1,0.005123,0.000000
42281,1,0.005121,0.000000
42282,1,0.005120,0.000000
42283,1,0.005118,0.000000
42284,1,0.005117,0.000000
42285,1,0.005115,0.000000
42286,1,0.005114,0.000000
42287,1,0.005112,0.000000
42288,1,0.005111,0.000000
42289,1,0.005110,0.000000
42290,1,0.005108,0.000000
42291,1,0.005107,0.000000
42292,1,0.005105,0.000000
42293,1,0.005104,0.000000
42294,1,0.005102,0.000000
42295,1,0.005101,0.000000
42296,1,0.005099,0.000000
42297,1,0.005098,0.000000
42298,1,0.005096,0.000000
42299,1,0.005095,0.000000
42300,1,0.005093,0.000000
42301,1,0.005092,0.000000
42302,1,0.005090,0.000000
42303,1,0.005089,0.000000
42304,1,0.005087,0.000000
42305,1,0.005086,0.000000
42306,1,0.005085,0.000000
42307,1,0.005083,0.000000
42308,1,0.005082,0.000000
42309,1,0.005080,0.000000
42310,1,0.005079,0.000000
42311,1,0.005077,0.000000
42312,1,0.005076,0.000000
42313,1,0.005074,0.000000
42314,1,0.005073,0.000000
42315,1,0.005071,0.000000
42316,1,0.005070,0.000000
42317,1,0.005068,0.000000
42318,1,0.005067,0.000000
42319,1,0.005065,0.000000
42320,1,0.005064,0.000000
42321,1,0.005063,0.000000
42322,1,0.005061,0.000000
42323,1,0.005060,0.000000
42324,1,0.005058,0.000000
42325,1,0.005057,0.000000
42326,1,0.005055,0.000000
42327,1,0.005054,0.000000
42328,1,0.005052,0.000000
42329,1,0.005051,0.000000
42330,1,0.005049,0.000000
42331,1,0.005048,0.000000
42332,1,0.005047,0.000000
42333,1,0.005045,0.000000
42334,1,0.005044,0.000000
42335,1,0.005042,0.000000
42336,1,0.005041,0.000000
42337,1,0.005039,0.000000
42338,1,0.005038,0.000000
42339,1,0.005036,0.000000
42340,1,0.005035,0.000000
42341,1,0.005034,0.000000
42342,1,0.005032,0.000000
42343,1,0.005031,0.000000
42344,1,0.005029,0.000000
42345,1,0.005028,0.000000
42346,1,0.005026,0.000000
42347,1,0.005025,0.000000
42348,1,0.005023,0.000000
42349,1,0.005022,0.000000
42350,1,0.005021,0.000000
42351,1,0.005019,0.000000
42352,1,0.005018,0.000000
42353,1,0.005016,0.000000
42354,1,0.005015,0.000000
42355,1,0.005013,0.000000
42356,1,0.005012,0.000000
42357,1,0.005010,0.000000
42358,1,0.005009,0.000000
42359,1,0.005008,0.000000
42360,1,0.005006,0.000000
42361,1,0.005005,0.000000
42362,1,0.005003,0.000000
42363,1,0.005002,0.000000
42364,1,0.005000,0.000000
42365,1,0.004999,0.000000
42366,1,0.004997,0.000000
42367,1,0.004996,0.000000
42368,1,0.004995,0.000000
42369,1,0.004993,0.000000
42370,1,0.004992,0.000000
42371,1,0.004990,0.000000
42372,1,0.004989,0.000000
42373,1,0.004987,0.000000
42374,1,0.004986,0.000000
42375,1,0.004985,0.000000
42376,1,0.004983,0.000000
42377,1,0.004982,0.000000
42378,1,0.004980,0.000000
42379,1,0.004979,0.000000
42380,1,0.004977,0.000000
42381,1,0.004976,0.000000
42382,1,0.004975,0.000000
42383,1,0.004973,0.000000
42384,1,0.004972,0.000000
42385,1,0.004970,0.000000
42386,1,0.004969,0.000000
42387,1,0.004967,0.000000
42388,1,0.004966,0.000000
42389,1,0.004965,0.000000
42390,1,0.004963,0.000000
42391,1,0.004962,0.000000
42392,1,0.004960,0.000000
42393,1,0.004959,0.000000
42394,1,0.004958,0.000000
42395,1,0.004956,0.000000
42396,1,0.004955,0.000000
42397,1,0.004953,0.000000
42398,1,0.004952,0.000000
42399,1,0.004950,0.000000
42400,1,0.004949,0.000000
42401,1,0.004948,0.000000
42402,1,0.004946,0.000000
42403,1,0.004945,0.000000
42404,1,0.004943,0.000000
42405,1,0.004942,0.000000
42406,1,0.004941,0.000000
42407,1,0.004939,0.000000
42408,1,0.004938,0.000000
42409,1,0.004936,0.000000
42410,1,0.004935,0.000000
42411,1,0.004933,0.000000
42412,1,0.004932,0.000000
42413,1,0.004931,0.000000
42414,1,0.004929,0.000000
42415,1,0.004928,0.000000
42416,1,0.004926,0.000000
42417,1,0.004925,0.000000
42418,1,0.004924,0.000000
42419,1,0.004922,0.000000
42420,1,0.004921,0.000000
42421,1,0.004919,0.000000
42422,1,0.004918,0.000000
42423,1,0.004917,0.000000
42424,1,0.004915,0.000000
42425,1,0.004914,0.000000
42426,1,0.004912,0.000000
42427,1,0.004911,0.000000
42428,1,0.004910,0.000000
42429,1,0.004908,0.000000
42430,1,0.004907,0.000000
42431,1,0.004905,0.000000
42432,1,0.004904,0.000000
42433,1,0.004903,0.000000
42434,1,0.004901,0.000000
42435,1,0.004900,0.000000
42436,1,0.004898,0.000000
42437,1,0.004897,0.000000
42438,1,0.004896,0.000000
42439,1,0.004894,0.000000
42440,1,0.004893,0.000000
42441,1,0.004891,0.000000
42442,1,0.004890,0.000000
42443,1,0.004889,0.000000
42444,1,0.004887,0.000000
42445,1,0.004886,0.000000
42446,1,0.004884,0.000000
42447,1,0.004883,0.000000
42448,1,0.004882,0.000000
42449,1,0.004880,0.000000
42450,1,0.004879,0.000000
42451,1,0.004877,0.000000
42452,1,0.004876,0.000000
42453,1,0.004875,0.000000
42454,1,0.004873,0.000000
42455,1,0.004872,0.000000
42456,1,0.004871,0.000000
42457,1,0.004869,0.000000
42458,1,0.004868,0.000000
42459,1,0.004866,0.000000
42460,1,0.004865,0.000000
42461,1,0.004864,0.000000
42462,1,0.004862,0.000000
42463,1,0.004861,0.000000
42464,1,0.004859,0.000000
42465,1,0.004858,0.000000
42466,1,0.004857,0.000000
42467,1,0.004855,0.000000
42468,1,0.004854,0.000000
42469,1,0.004853,0.000000
42470,1,0.004851,0.000000
42471,1,0.004850,0.000000
42472,1,0.004848,0.000000
42473,1,0.004847,0.000000
42474,1,0.004846,0.000000
42475,1,0.004844,0.000000
42476,1,0.004843,0.000000
42477,1,0.004842,0.000000
42478,1,0.004840,0.000000
42479,1,0.004839,0.000000
42480,1,0.004837,0.000000
42481,1,0.004836,0.000000
42482,1,0.004835,0.000000
42483,1,0.004833,0.000000
42484,1,0.004832,0.000000
42485,1,0.004831,0.000000
42486,1,0.004829,0.000000
42487,1,0.004828,0.000000
42488,1,0.004826,0.000000
42489,1,0.004825,0.000000
42490,1,0.004824,0.000000
42491,1,0.004822,0.000000
42492,1,0.004821,0.000000
42493,1,0.004820,0.000000
42494,1,0.004818,0.000000
42495,1,0.004817,0.000000
42496,1,0.004815,0.000000
42497,1,0.004814,0.000000
42498,1,0.004813,0.000000
42499,1,0.004811,0.000000
42500,1,0.004810,0.000000
42501,1,0.004809,0.000000
42502,1,0.004807,0.000000
42503,1,0.004806,0.000000
42504,1,0.004805,0.000000
42505,1,0.004803,0.000000
42506,1,0.004802,0.000000
42507,1,0.004800,0.000000
42508,1,0.004799,0.000000
42509,1,0.004798,0.000000
42510,1,0.004796,0.000000
42511,1,0.004795,0.000000
42512,1,0.004794,0.000000
42513,1,0.004792,0.000000
42514,1,0.004791,0.000000
42515,1,0.004790,0.000000
42516,1,0.004788,0.000000
42517,1,0.004787,0.000000
42518,1,0.004785,0.000000
42519,1,0.004784,0.000000
42520,1,0.004783,0.000000
42521,1,0.004781,0.000000
42522,1,0.004780,0.000000
42523,1,0.004779,0.000000
42524,1,0.004777,0.000000
42525,1,0.004776,0.000000
42526,1,0.004775,0.000000
42527,1,0.004773,0.000000
42528,1,0.004772,0.000000
42529,1,0.004771,0.000000
42530,1,0.004769,0.000000
42531,1,0.004768,0.000000
42532,1,0.004767,0.000000
42533,1,0.004765,0.000000
42534,1,0.004764,0.000000
42535,1,0.004763,0.000000
42536,1,0.004761,0.000000
42537,1,0.004760,0.000000
42538,1,0.004758,0.000000
42539,1,0.004757,0.000000
42540,1,0.004756,0.000000
42541,1,0.004754,0.000000
42542,1,0.004753,0.000000
42543,1,0.004752,0.000000
42544,1,0.004750,0.000000
42545,1,0.004749,0.000000
42546,1,0.004748,0.000000
42547,1,0.004746,0.000000
42548,1,0.004745,0.000000
42549,1,0.004744,0.000000
42550,1,0.004742,0.000000
42551,1,0.004741,0.000000
42552,1,0.004740,0.000000
42553,1,0.004738,0.000000
42554,1,0.004737,0.000000
42555,1,0.004736,0.000000
42556,1,0.004734,0.000000
42557,1,0.004733,0.000000
42558,1,0.004732,0.000000
42559,1,0.004730,0.000000
42560,1,0.004729,0.000000
42561,1,0.004728,0.000000
42562,1,0.004726,0.000000
42563,1,0.004725,0.000000
42564,1,0.004724,0.000000
42565,1,0.004722,0.000000
42566,1,0.004721,0.000000
42567,1,0.004720,0.000000
42568,1,0.004718,0.000000
42569,1,0.004717,0.000000
42570,1,0.004716,0.000000
42571,1,0.004714,0.000000
42572,1,0.004713,0.000000
42573,1,0.004712,0.000000
42574,1,0.004710,0.000000
42575,1,0.004709,0.000000
42576,1,0.004708,0.000000
42577,1,0.004706,0.000000
42578,1,0.004705,0.000000
42579,1,0.004704,0.000000
42580,1,0.004702,0.000000
42581,1,0.004701,0.000000
42582,1,0.004700,0.000000
42583,1,0.004698,0.000000
42584,1,0.004697,0.000000
42585,1,0.004696,0.000000
42586,1,0.004694,0.000000
42587,1,0.004693,0.000000
42588,1,0.004692,0.000000
42589,1,0.004690,0.000000
42590,1,0.004689,0.000000
42591,1,0.004688,0.000000
42592,1,0.004686,0.000000
42593,1,0.004685,0.000000
42594,1,0.004684,0.000000
42595,1,0.004682,0.000000
42596,1,0.004681,0.000000
42597,1,0.004680,0.000000
42598,1,0.004679,0.000000
42599,1,0.004677,0.000000
42600,1,0.004676,0.000000
42601,1,0.004675,0.000000
42602,1,0.004673,0.000000
42603,1,0.004672,0.000000
42604,1,0.004671,0.000000
42605,1,0.004669,0.000000
42606,1,0.004668,0.000000
42607,1,0.004667,0.000000
42608,1,0.004665,0.000000
42609,1,0.004664,0.000000
42610,1,0.004663,0.000000
42611,1,0.004661,0.000000
42612,1,0.004660,0.000000
42613,1,0.004659,0.000000
42614,1,0.004658,0.000000
42615,1,0.004656,0.000000
42616,1,0.004655,0.000000
42617,1,0.004654,0.000000
42618,1,0.004652,0.000000
42619,1,0.004651,0.000000
42620,1,0.004650,0.000000
42621,1,0.004648,0.000000
42622,1,0.004647,0.000000
42623,1,0.004646,0.000000
42624,1,0.004644,0.000000
42625,1,0.004643,0.000000
42626,1,0.004642,0.000000
42627,1,0.004641,0.000000
42628,1,0.004639,0.000000
42629,1,0.004638,0.000000
42630,1,0.004637,0.000000
42631,1,0.004635,0.000000
42632,1,0.004634,0.000000
42633,1,0.004633,0.000000
42634,1,0.004631,0.000000
42635,1,0.004630,0.000000
42636,1,0.004629,0.000000
42637,1,0.004627,0.000000
42638,1,0.004626,0.000000
42639,1,0.004625,0.000000
42640,1,0.004624,0.000000
42641,1,0.004622,0.000000
42642,1,0.004621,0.000000
42643,1,0.004620,0.000000
42644,1,0.004618,0.000000
42645,1,0.004617,0.000000
42646,1,0.004616,0.000000
42647,1,0.004615,0.000000
42648,1,0.004613,0.000000
42649,1,0.004612,0.000000
42650,1,0.004611,0.000000
42651,1,0.004609,0.000000
42652,1,0.004608,0.000000
42653,1,0.004607,0.000000
42654,1,0.004605,0.000000
42655,1,0.004604,0.000000
42656,1,0.004603,0.000000
42657,1,0.004602,0.000000
42658,1,0.004600,0.000000
42659,1,0.004599,0.000000
42660,1,0.004598,0.000000
42661,1,0.004596,0.000000
42662,1,0.004595,0.000000
42663,1,0.004594,0.000000
42664,1,0.004593,0.000000
42665,1,0.004591,0.000000
42666,1,0.004590,0.000000
42667,1,0.004589,0.000000
42668,1,0.004587,0.000000
42669,1,0.004586,0.000000
42670,1,0.004585,0.000000
42671,1,0.004584,0.000000
42672,1,0.004582,0.000000
42673,1,0.004581,0.000000
42674,1,0.004580,0.000000
42675,1,0.004578,0.000000
42676,1,0.004577,0.000000
42677,1,0.004576,0.000000
42678,1,0.004575,0.000000
42679,1,0.004573,0.000000
42680,1,0.004572,0.000000
42681,1,0.004571,0.000000
42682,1,0.004569,0.000000
42683,1,0.004568,0.000000
42684,1,0.004567,0.000000
42685,1,0.004566,0.000000
42686,1,0.004564,0.000000
42687,1,0.004563,0.000000
42688,1,0.004562,0.000000
42689,1,0.004561,0.000000
42690,1,0.004559,0.000000
42691,1,0.004558,0.000000
42692,1,0.004557,0.000000
42693,1,0.004555,0.000000
42694,1,0.004554,0.000000
42695,1,0.004553,0.000000
42696,1,0.004552,0.000000
42697,1,0.004550,0.000000
42698,1,0.004549,0.000000
42699,1,0.004548,0.000000
42700,1,0.004547,0.000000
42701,1,0.004545,0.000000
42702,1,0.004544,0.000000
42703,1,0.004543,0.000000
42704,1,0.004541,0.000000
42705,1,0.004540,0.000000
42706,1,0.004539,0.000000
42707,1,0.004538,0.000000
42708,1,0.004536,0.000000
42709,1,0.004535,0.000000
42710,1,0.004534,0.000000
42711,1,0.004533,0.000000
42712,1,0.004531,0.000000
42713,1,0.004530,0.000000
42714,1,0.004529,0.000000
42715,1,0.004527,0.000000
42716,1,0.004526,0.000000
42717,1,0.004525,0.000000
42718,1,0.004524,0.000000
42719,1,0.004522,0.000000
42720,1,0.004521,0.000000
42721,1,0.004520,0.000000
42722,1,0.004519,0.000000
42723,1,0.004517,0.000000
42724,1,0.004516,0.000000
42725,1,0.004515,0.000000
42726,1,0.004514,0.000000
42727,1,0.004512,0.000000
42728,1,0.004511,0.000000
42729,1,0.004510,0.000000
42730,1,0.004509,0.000000
42731,1,0.004507,0.000000
42732,1,0.004506,0.000000
42733,1,0.004505,0.000000
42734,1,0.004504,0.000000
42735,1,0.004502,0.000000
42736,1,0.004501,0.000000
42737,1,0.004500,0.000000
42738,1,0.004499,0.000000
42739,1,0.004497,0.000000
42740,1,0.004496,0.000000
42741,1,0.004495,0.000000
42742,1,0.004494,0.000000
42743,1,0.004492,0.000000
42744,1,0.004491,0.000000
42745,1,0.004490,0.000000
42746,1,0.004489,0.000000
42747,1,0.004487,0.000000
42748,1,0.004486,0.000000
42749,1,0.004485,0.000000
42750,1,0.004484,0.000000
42751,1,0.004482,0.000000
42752,1,0.004481,0.000000
42753,1,0.004480,0.000000
42754,1,0.004479,0.000000
42755,1,0.004477,0.000000
42756,1,0.004476,0.000000
42757,1,0.004475,0.000000
42758,1,0.004474,0.000000
42759,1,0.004472,0.000000
42760,1,0.004471,0.000000
42761,1,0.004470,0.000000
42762,1,0.004469,0.000000
42763,1,0.004467,0.000000
42764,1,0.004466,0.000000
42765,1,0.004465,0.000000
42766,1,0.004464,0.000000
42767,1,0.004462,0.000000
42768,1,0.004461,0.000000
42769,1,0.004460,0.000000
42770,1,0.004459,0.000000
42771,1,0.004457,0.000000
42772,1,0.004456,0.000000
42773,1,0.004455,0.000000
42774,1,0.004454,0.000000
42775,1,0.004452,0.000000
42776,1,0.004451,0.000000
42777,1,0.004450,0.000000
42778,1,0.004449,0.000000
42779,1,0.004447,0.000000
42780,1,0.004446,0.000000
42781,1,0.004445,0.000000
42782,1,0.004444,0.000000
42783,1,0.004443,0.000000
42784,1,0.004441,0.000000
42785,1,0.004440,0.000000
42786,1,0.004439,0.000000
42787,1,0.004438,0.000000
42788,1,0.004436,0.000000
42789,1,0.004435,0.000000
42790,1,0.004434,0.000000
42791,1,0.004433,0.000000
42792,1,0.004431,0.000000
42793,1,0.004430,0.000000
42794,1,0.004429,0.000000
42795,1,0.004428,0.000000
42796,1,0.004426,0.000000
42797,1,0.004425,0.000000
42798,1,0.004424,0.000000
42799,1,0.004423,0.000000
42800,1,0.004422,0.000000
42801,1,0.004420,0.000000
42802,1,0.004419,0.000000
42803,1,0.004418,0.000000
42804,1,0.004417,0.000000
42805,1,0.004415,0.000000
42806,1,0.004414,0.000000
42807,1,0.004413,0.000000
42808,1,0.004412,0.000000
42809,1,0.004411,0.000000
42810,1,0.004409,0.000000
42811,1,0.004408,0.000000
42812,1,0.004407,0.000000
42813,1,0.004406,0.000000
42814,1,0.004404,0.000000
42815,1,0.004403,0.000000
42816,1,0.004402,0.000000
42817,1,0.004401,0.000000
42818,1,0.004400,0.000000
42819,1,0.004398,0.000000
42820,1,0.004397,0.000000
42821,1,0.004396,0.000000
42822,1,0.004395,0.000000
42823,1,0.004393,0.000000
42824,1,0.004392,0.000000
42825,1,0.004391,0.000000
42826,1,0.004390,0.000000
42827,1,0.004389,0.000000
42828,1,0.004387,0.000000
42829,1,0.004386,0.000000
42830,1,0.004385,0.000000
42831,1,0.004384,0.000000
42832,1,0.004383,0.000000
42833,1,0.004381,0.000000
42834,1,0.004380,0.000000
42835,1,0.004379,0.000000
42836,1,0.004378,0.000000
42837,1,0.004376,0.000000
42838,1,0.004375,0.000000
42839,1,0.004374,0.000000
42840,1,0.004373,0.000000
42841,1,0.004372,0.000000
42842,1,0.004370,0.000000
42843,1,0.004369,0.000000
42844,1,0.004368,0.000000
42845,1,0.004367,0.000000
42846,1,0.004366,0.000000
42847,1,0.004364,0.000000
42848,1,0.004363,0.000000
42849,1,0.004362,0.000000
42850,1,0.004361,0.000000
42851,1,0.004360,0.000000
42852,1,0.004358,0.000000
42853,1,0.004357,0.000000
42854,1,0.004356,0.000000
42855,1,0.004355,0.000000
42856,1,0.004353,0.000000
42857,1,0.004352,0.000000
42858,1,0.004351,0.000000
42859,1,0.004350,0.000000
42860,1,0.004349,0.000000
42861,1,0.004347,0.000000
42862,1,0.004346,0.000000
42863,1,0.004345,0.000000
42864,1,0.004344,0.000000
42865,1,0.004343,0.000000
42866,1,0.004341,0.000000
42867,1,0.004340,0.000000
42868,1,0.004339,0.000000
42869,1,0.004338,0.000000
42870,1,0.004337,0.000000
42871,1,0.004335,0.000000
42872,1,0.004334,0.000000
42873,1,0.004333,0.000000
42874,1,0.004332,0.000000
42875,1,0.004331,0.000000
42876,1,0.004329,0.000000
42877,1,0.004328,0.000000
42878,1,0.004327,0.000000
42879,1,0.004326,0.000000
42880,1,0.004325,0.000000
42881,1,0.004324,0.000000
42882,1,0.004322,0.000000
42883,1,0.004321,0.000000
42884,1,0.004320,0.000000
42885,1,0.004319,0.000000
42886,1,0.004318,0.000000
42887,1,0.004316,0.000000
42888,1,0.004315,0.000000
42889,1,0.004314,0.000000
42890,1,0.004313,0.000000
42891,1,0.004312,0.000000
42892,1,0.004310,0.000000
42893,1,0.004309,0.000000
42894,1,0.004308,0.000000
42895,1,0.004307,0.000000
42896,1,0.004306,0.000000
42897,1,0.004304,0.000000
42898,1,0.004303,0.000000
42899,1,0.004302,0.000000
42900,1,0.004301,0.000000
42901,1,0.004300,0.000000
42902,1,0.004299,0.000000
42903,1,0.004297,0.000000
42904,1,0.004296,0.000000
42905,1,0.004295,0.000000
42906,1,0.004294,0.000000
42907,1,0.004293,0.000000
42908,1,0.004291,0.000000
42909,1,0.004290,0.000000
42910,1,0.004289,0.000000
42911,1,0.004288,0.000000
42912,1,0.004287,0.000000
42913,1,0.004286,0.000000
42914,1,0.004284,0.000000
42915,1,0.004283,0.000000
42916,1,0.004282,0.000000
42917,1,0.004281,0.000000
42918,1,0.004280,0.000000
42919,1,0.004278,0.000000
42920,1,0.004277,0.000000
42921,1,0.004276,0.000000
42922,1,0.004275,0.000000
42923,1,0.004274,0.000000
42924,1,0.004273,0.000000
42925,1,0.004271,0.000000
42926,1,0.004270,0.000000
42927,1,0.004269,0.000000
42928,1,0.004268,0.000000
42929,1,0.004267,0.000000
42930,1,0.004265,0.000000
42931,1,0.004264,0.000000
42932,1,0.004263,0.000000
42933,1,0.004262,0.000000
42934,1,0.004261,0.000000
42935,1,0.004260,0.000000
42936,1,0.004258,0.000000
42937,1,0.004257,0.000000
42938,1,0.004256,0.000000
42939,1,0.004255,0.000000
42940,1,0.004254,0.000000
42941,1,0.004253,0.000000
42942,1,0.004251,0.000000
42943,1,0.004250,0.000000
42944,1,0.004249,0.000000
42945,1,0.004248,0.000000
42946,1,0.004247,0.000000
42947,1,0.004246,0.000000
42948,1,0.004244,0.000000
42949,1,0.004243,0.000000
42950,1,0.004242,0.000000
42951,1,0.004241,0.000000
42952,1,0.004240,0.000000
42953,1,0.004239,0.000000
42954,1,0.004237,0.000000
42955,1,0.004236,0.000000
42956,1,0.004235,0.000000
42957,1,0.004234,0.000000
42958,1,0.004233,0.000000
42959,1,0.004232,0.000000
42960,1,0.004230,0.000000
42961,1,0.004229,0.000000
42962,1,0.004228,0.000000
42963,1,0.004227,0.000000
42964,1,0.004226,0.000000
42965,1,0.004225,0.000000
42966,1,0.004223,0.000000
42967,1,0.004222,0.000000
42968,1,0.004221,0.000000
42969,1,0.004220,0.000000
42970,1,0.004219,0.000000
42971,1,0.004218,0.000000
42972,1,0.004217,0.000000
42973,1,0.004215,0.000000
42974,1,0.004214,0.000000
42975,1,0.004213,0.000000
42976,1,0.004212,0.000000
42977,1,0.004211,0.000000
42978,1,0.004210,0.000000
42979,1,0.004208,0.000000
42980,1,0.004207,0.000000
42981,1,0.004206,0.000000
42982,1,0.004205,0.000000
42983,1,0.004204,0.000000
42984,1,0.004203,0.000000
42985,1,0.004201,0.000000
42986,1,0.004200,0.000000
42987,1,0.004199,0.000000
42988,1,0.004198,0.000000
42989,1,0.004197,0.000000
42990,1,0.004196,0.000000
42991,1,0.004195,0.000000
42992,1,0.004193,0.000000
42993,1,0.004192,0.000000
42994,1,0.004191,0.000000
42995,1,0.004190,0.000000
42996,1,0.004189,0.000000
42997,1,0.004188,0.000000
42998,1,0.004187,0.000000
42999,1,0.004185,0.000000
43000,1,0.004184,0.000000
43001,1,0.004183,0.000000
43002,1,0.004182,0.000000
43003,1,0.004181,0.000000
43004,1,0.004180,0.000000
43005,1,0.004179,0.000000
43006,1,0.004177,0.000000
43007,1,0.004176,0.000000
43008,1,0.004175,0.000000
43009,1,0.004174,0.000000
43010,1,0.004173,0.000000
43011,1,0.004172,0.000000
43012,1,0.004170,0.000000
43013,1,0.004169,0.000000
43014,1,0.004168,0.000000
43015,1,0.004167,0.000000
43016,1,0.004166,0.000000
43017,1,0.004165,0.000000
43018,1,0.004164,0.000000
43019,1,0.004163,0.000000
43020,1,0.004161,0.000000
43021,1,0.004160,0.000000
43022,1,0.004159,0.000000
43023,1,0.004158,0.000000
43024,1,0.004157,0.000000
43025,1,0.004156,0.000000
43026,1,0.004155,0.000000
43027,1,0.004153,0.000000
43028,1,0.004152,0.000000
43029,1,0.004151,0.000000
43030,1,0.004150,0.000000
43031,1,0.004149,0.000000
43032,1,0.004148,0.000000
43033,1,0.004147,0.000000
43034,1,0.004145,0.000000
43035,1,0.004144,0.000000
43036,1,0.004143,0.000000
43037,1,0.004142,0.000000
43038,1,0.004141,0.000000
43039,1,0.004140,0.000000
43040,1,0.004139,0.000000
43041,1,0.004138,0.000000
43042,1,0.004136,0.000000
43043,1,0.004135,0.000000
43044,1,0.004134,0.000000
43045,1,0.004133,0.000000
43046,1,0.004132,0.000000
43047,1,0.004131,0.000000
43048,1,0.004130,0.000000
43049,1,0.004128,0.000000
43050,1,0.004127,0.000000
43051,1,0.004126,0.000000
43052,1,0.004125,0.000000
43053,1,0.004124,0.000000
43054,1,0.004123,0.000000
43055,1,0.004122,0.000000
43056,1,0.004121,0.000000
43057,1,0.004119,0.000000
43058,1,0.004118,0.000000
43059,1,0.004117,0.000000
43060,1,0.004116,0.000000
43061,1,0.004115,0.000000
43062,1,0.004114,0.000000
43063,1,0.004113,0.000000
43064,1,0.004112,0.000000
43065,1,0.004110,0.000000
43066,1,0.004109,0.000000
43067,1,0.004108,0.000000
43068,1,0.004107,0.000000
43069,1,0.004106,0.000000
43070,1,0.004105,0.000000
43071,1,0.004104,0.000000
43072,1,0.004103,0.000000
43073,1,0.004102,0.000000
43074,1,0.004100,0.000000
43075,1,0.004099,0.000000
43076,1,0.004098,0.000000
43077,1,0.004097,0.000000
43078,1,0.004096,0.000000
43079,1,0.004095,0.000000
43080,1,0.004094,0.000000
43081,1,0.004093,0.000000
43082,1,0.004091,0.000000
43083,1,0.004090,0.000000
43084,1,0.004089,0.000000
43085,1,0.004088,0.000000
43086,1,0.004087,0.000000
43087,1,0.004086,0.000000
43088,1,0.004085,0.000000
43089,1,0.004084,0.000000
43090,1,0.004083,0.000000
43091,1,0.004081,0.000000
43092,1,0.004080,0.000000
43093,1,0.004079,0.000000
43094,1,0.004078,0.000000
43095,1,0.004077,0.000000
43096,1,0.004076,0.000000
43097,1,0.004075,0.000000
43098,1,0.004074,0.000000
43099,1,0.004073,0.000000
43100,1,0.004071,0.000000
43101,1,0.004070,0.000000
43102,1,0.004069,0.000000
43103,1,0.004068,0.000000
43104,1,0.004067,0.000000
43105,1,0.004066,0.000000
43106,1,0.004065,0.000000
43107,1,0.004064,0.000000
43108,1,0.004063,0.000000
43109,1,0.004061,0.000000
43110,1,0.004060,0.000000
43111,1,0.004059,0.000000
43112,1,0.004058,0.000000
43113,1,0.004057,0.000000
43114,1,0.004056,0.000000
43115,1,0.004055,0.000000
43116,1,0.004054,0.000000
43117,1,0.004053,0.000000
43118,1,0.004052,0.000000
43119,1,0.004050,0.000000
43120,1,0.004049,0.000000
43121,1,0.004048,0.000000
43122,1,0.004047,0.000000
43123,1,0.004046,0.000000
43124,1,0.004045,0.000000
43125,1,0.004044,0.000000
43126,1,0.004043,0.000000
43127,1,0.004042,0.000000
43128,1,0.004040,0.000000
43129,1,0.004039,0.000000
43130,1,0.004038,0.000000
43131,1,0.004037,0.000000
43132,1,0.004036,0.000000
43133,1,0.004035,0.000000
43134,1,0.004034,0.000000
43135,1,0.004033,0.000000
43136,1,0.004032,0.000000
43137,1,0.004031,0.000000
43138,1,0.004030,0.000000
43139,1,0.004028,0.000000
43140,1,0.004027,0.000000
43141,1,0.004026,0.000000
43142,1,0.004025,0.000000
43143,1,0.004024,0.000000
43144,1,0.004023,0.000000
43145,1,0.004022,0.000000
43146,1,0.004021,0.000000
43147,1,0.004020,0.000000
43148,1,0.004019,0.000000
43149,1,0.004017,0.000000
43150,1,0.004016,0.000000
43151,1,0.004015,0.000000
43152,1,0.004014,0.000000
43153,1,0.004013,0.000000
43154,1,0.004012,0.000000
43155,1,0.004011,0.000000
43156,1,0.004010,0.000000
43157,1,0.004009,0.000000
43158,1,0.004008,0.000000
43159,1,0.004007,0.000000
43160,1,0.004006,0.000000
43161,1,0.004004,0.000000
43162,1,0.004003,0.000000
43163,1,0.004002,0.000000
43164,1,0.004001,0.000000
43165,1,0.004000,0.000000
43166,1,0.003999,0.000000
43167,1,0.003998,0.000000
43168,1,0.003997,0.000000
43169,1,0.003996,0.000000
43170,1,0.003995,0.000000
43171,1,0.003994,0.000000
43172,1,0.003992,0.000000
43173,1,0.003991,0.000000
43174,1,0.003990,0.000000
43175,1,0.003989,0.000000
43176,1,0.003988,0.000000
43177,1,0.003987,0.000000
43178,1,0.003986,0.000000
43179,1,0.003985,0.000000
43180,1,0.003984,0.000000
43181,1,0.003983,0.000000
43182,1,0.003982,0.000000
43183,1,0.003981,0.000000
43184,1,0.003979,0.000000
43185,1,0.003978,0.000000
43186,1,0.003977,0.000000
43187,1,0.003976,0.000000
43188,1,0.003975,0.000000
43189,1,0.003974,0.000000
43190,1,0.003973,0.000000
43191,1,0.003972,0.000000
43192,1,0.003971,0.000000
43193,1,0.003970,0.000000
43194,1,0.003969,0.000000
43195,1,0.003968,0.000000
43196,1,0.003967,0.000000
43197,1,0.003966,0.000000
43198,1,0.003964,0.000000
43199,1,0.003963,0.000000
43200,1,0.003962,0.000000
43201,1,0.003961,0.000000
43202,1,0.003960,0.000000
43203,1,0.003959,0.000000
43204,1,0.003958,0.000000
43205,1,0.003957,0.000000
43206,1,0.003956,0.000000
43207,1,0.003955,0.000000
43208,1,0.003954,0.000000
43209,1,0.003953,0.000000
43210,1,0.003952,0.000000
43211,1,0.003950,0.000000
43212,1,0.003949,0.000000
43213,1,0.003948,0.000000
43214,1,0.003947,0.000000
43215,1,0.003946,0.000000
43216,1,0.003945,0.000000
43217,1,0.003944,0.000000
43218,1,0.003943,0.000000
43219,1,0.003942,0.000000
43220,1,0.003941,0.000000
43221,1,0.003940,0.000000
43222,1,0.003939,0.000000
43223,1,0.003938,0.000000
43224,1,0.003937,0.000000
43225,1,0.003936,0.000000
43226,1,0.003934,0.000000
43227,1,0.003933,0.000000
43228,1,0.003932,0.000000
43229,1,0.003931,0.000000
43230,1,0.003930,0.000000
43231,1,0.003929,0.000000
43232,1,0.003928,0.000000
43233,1,0.003927,0.000000
43234,1,0.003926,0.000000
43235,1,0.003925,0.000000
43236,1,0.003924,0.000000
43237,1,0.003923,0.000000
43238,1,0.003922,0.000000
43239,1,0.003921,0.000000
43240,1,0.003920,0.000000
43241,1,0.003919,0.000000
43242,1,0.003917,0.000000
43243,1,0.003916,0.000000
43244,1,0.003915,0.000000
43245,1,0.003914,0.000000
43246,1,0.003913,0.000000
43247,1,0.003912,0.000000
43248,1,0.003911,0.000000
43249,1,0.003910,0.000000
43250,1,0.003909,0.000000
43251,1,0.003908,0.000000
43252,1,0.003907,0.000000
43253,1,0.003906,0.000000
43254,1,0.003905,0.000000
43255,1,0.003904,0.000000
43256,1,0.003903,0.000000
43257,1,0.003902,0.000000
43258,1,0.003901,0.000000
43259,1,0.003900,0.000000
43260,1,0.003898,0.000000
43261,1,0.003897,0.000000
43262,1,0.003896,0.000000
43263,1,0.003895,0.000000
43264,1,0.003894,0.000000
43265,1,0.003893,0.000000
43266,1,0.003892,0.000000
43267,1,0.003891,0.000000
43268,1,0.003890,0.000000
43269,1,0.003889,0.000000
43270,1,0.003888,0.000000
43271,1,0.003887,0.000000
43272,1,0.003886,0.000000
43273,1,0.003885,0.000000
43274,1,0.003884,0.000000
43275,1,0.003883,0.000000
43276,1,0.003882,0.000000
43277,1,0.003881,0.000000
43278,1,0.003880,0.000000
43279,1,0.003879,0.000000
43280,1,0.003877,0.000000
43281,1,0.003876,0.000000
43282,1,0.003875,0.000000
43283,1,0.003874,0.000000
43284,1,0.003873,0.000000
43285,1,0.003872,0.000000
43286,1,0.003871,0.000000
43287,1,0.003870,0.000000
43288,1,0.003869,0.000000
43289,1,0.003868,0.000000
43290,1,0.003867,0.000000
43291,1,0.003866,0.000000
43292,1,0.003865,0.000000
43293,1,0.003864,0.000000
43294,1,0.003863,0.000000
43295,1,0.003862,0.000000
43296,1,0.003861,0.000000
43297,1,0.003860,0.000000
43298,1,0.003859,0.000000
43299,1,0.003858,0.000000
43300,1,0.003857,0.000000
43301,1,0.003856,0.000000
43302,1,0.003855,0.000000
43303,1,0.003854,0.000000
43304,1,0.003852,0.000000
43305,1,0.003851,0.000000
43306,1,0.003850,0.000000
43307,1,0.003849,0.000000
43308,1,0.003848,0.000000
43309,1,0.003847,0.000000
43310,1,0.003846,0.000000
43311,1,0.003845,0.000000
43312,1,0.003844,0.000000
43313,1,0.003843,0.000000
43314,1,0.003842,0.000000
43315,1,0.003841,0.000000
43316,1,0.003840,0.000000
43317,1,0.003839,0.000000
43318,1,0.003838,0.000000
43319,1,0.003837,0.000000
43320,1,0.003836,0.000000
43321,1,0.003835,0.000000
43322,1,0.003834,0.000000
43323,1,0.003833,0.000000
43324,1,0.003832,0.000000
43325,1,0.003831,0.000000
43326,1,0.003830,0.000000
43327,1,0.003829,0.000000
43328,1,0.003828,0.000000
43329,1,0.003827,0.000000
43330,1,0.003826,0.000000
43331,1,0.003825,0.000000
43332,1,0.003824,0.000000
43333,1,0.003823,0.000000
43334,1,0.003821,0.000000
43335,1,0.003820,0.000000
43336,1,0.003819,0.000000
43337,1,0.003818,0.000000
43338,1,0.003817,0.000000
43339,1,0.003816,0.000000
43340,1,0.003815,0.000000
43341,1,0.003814,0.000000
43342,1,0.003813,0.000000
43343,1,0.003812,0.000000
43344,1,0.003811,0.000000
43345,1,0.003810,0.000000
43346,1,0.003809,0.000000
43347,1,0.003808,0.000000
43348,1,0.003807,0.000000
43349,1,0.003806,0.000000
43350,1,0.003805,0.000000
43351,1,0.003804,0.000000
43352,1,0.003803,0.000000
43353,1,0.003802,0.000000
43354,1,0.003801,0.000000
43355,1,0.003800,0.000000
43356,1,0.003799,0.000000
43357,1,0.003798,0.000000
43358,1,0.003797,0.000000
43359,1,0.003796,0.000000
43360,1,0.003795,0.000000
43361,1,0.003794,0.000000
43362,1,0.003793,0.000000
43363,1,0.003792,0.000000
43364,1,0.003791,0.000000
43365,1,0.003790,0.000000
43366,1,0.003789,0.000000
43367,1,0.003788,0.000000
43368,1,0.003787,0.000000
43369,1,0.003786,0.000000
43370,1,0.003785,0.000000
43371,1,0.003784,0.000000
43372,1,0.003783,0.000000
43373,1,0.003782,0.000000
43374,1,0.003781,0.000000
43375,1,0.003780,0.000000
43376,1,0.003779,0.000000
43377,1,0.003778,0.000000
43378,1,0.003777,0.000000
43379,1,0.003776,0.000000
43380,1,0.003775,0.000000
43381,1,0.003774,0.000000
43382,1,0.003773,0.000000
43383,1,0.003772,0.000000
43384,1,0.003770,0.000000
43385,1,0.003769,0.000000
43386,1,0.003768,0.000000
43387,1,0.003767,0.000000
43388,1,0.003766,0.000000
43389,1,0.003765,0.000000
43390,1,0.003764,0.000000
43391,1,0.003763,0.000000
43392,1,0.003762,0.000000
43393,1,0.003761,0.000000
43394,1,0.003760,0.000000
43395,1,0.003759,0.000000
43396,1,0.003758,0.000000
43397,1,0.003757,0.000000
43398,1,0.003756,0.000000
43399,1,0.003755,0.000000
43400,1,0.003754,0.000000
43401,1,0.003753,0.000000
43402,1,0.003752,0.000000
43403,1,0.003751,0.000000
43404,1,0.003750,0.000000
43405,1,0.003749,0.000000
43406,1,0.003748,0.000000
43407,1,0.003747,0.000000
43408,1,0.003746,0.000000
43409,1,0.003745,0.000000
43410,1,0.003744,0.000000
43411,1,0.003743,0.000000
43412,1,0.003742,0.000000
43413,1,0.003741,0.000000
43414,1,0.003740,0.000000
43415,1,0.003739,0.000000
43416,1,0.003738,0.000000
43417,1,0.003737,0.000000
43418,1,0.003736,0.000000
43419,1,0.003735,0.000000
43420,1,0.003734,0.000000
43421,1,0.003733,0.000000
43422,1,0.003732,0.000000
43423,1,0.003731,0.000000
43424,1,0.003730,0.000000
43425,1,0.003729,0.000000
43426,1,0.003728,0.000000
43427,1,0.003727,0.000000
43428,1,0.003726,0.000000
43429,1,0.003725,0.000000
43430,1,0.003724,0.000000
43431,1,0.003723,0.000000
43432,1,0.003722,0.000000
43433,1,0.003721,0.000000
43434,1,0.003720,0.000000
43435,1,0.003719,0.000000
43436,1,0.003718,0.000000
43437,1,0.003717,0.000000
43438,1,0.003716,0.000000
43439,1,0.003715,0.000000
43440,1,0.003714,0.000000
43441,1,0.003713,0.000000
43442,1,0.003712,0.000000
43443,1,0.003711,0.000000
43444,1,0.003710,0.000000
43445,1,0.003709,0.000000
43446,1,0.003708,0.000000
43447,1,0.003707,0.000000
43448,1,0.003706,0.000000
43449,1,0.003705,0.000000
43450,1,0.003704,0.000000
43451,1,0.003703,0.000000
43452,1,0.003702,0.000000
43453,1,0.003701,0.000000
43454,1,0.003700,0.000000
43455,1,0.003699,0.000000
43456,1,0.003698,0.000000
43457,1,0.003697,0.000000
43458,1,0.003696,0.000000
43459,1,0.003696,0.000000
43460,1,0.003695,0.000000
43461,1,0.003694,0.000000
43462,1,0.003693,0.000000
43463,1,0.003692,0.000000
43464,1,0.003691,0.000000
43465,1,0.003690,0.000000
43466,1,0.003689,0.000000
43467,1,0.003688,0.000000
43468,1,0.003687,0.000000
43469,1,0.003686,0.000000
43470,1,0.003685,0.000000
43471,1,0.003684,0.000000
43472,1,0.003683,0.000000
43473,1,0.003682,0.000000
43474,1,0.003681,0.000000
43475,1,0.003680,0.000000
43476,1,0.003679,0.000000
43477,1,0.003678,0.000000
43478,1,0.003677,0.000000
43479,1,0.003676,0.000000
43480,1,0.003675,0.000000
43481,1,0.003674,0.000000
43482,1,0.003673,0.000000
43483,1,0.003672,0.000000
43484,1,0.003671,0.000000
43485,1,0.003670,0.000000
43486,1,0.003669,0.000000
43487,1,0.003668,0.000000
43488,1,0.003667,0.000000
43489,1,0.003666,0.000000
43490,1,0.003665,0.000000
43491,1,0.003664,0.000000
43492,1,0.003663,0.000000
43493,1,0.003662,0.000000
43494,1,0.003661,0.000000
43495,1,0.003660,0.000000
43496,1,0.003659,0.000000
43497,1,0.003658,0.000000
43498,1,0.003657,0.000000
43499,1,0.003656,0.000000
43500,1,0.003655,0.000000
43501,1,0.003654,0.000000
43502,1,0.003653,0.000000
43503,1,0.003652,0.000000
43504,1,0.003651,0.000000
43505,1,0.003650,0.000000
43506,1,0.003649,0.000000
43507,1,0.003648,0.000000
43508,1,0.003647,0.000000
43509,1,0.003647,0.000000
43510,1,0.003646,0.000000
43511,1,0.003645,0.000000
43512,1,0.003644,0.000000
43513,1,0.003643,0.000000
43514,1,0.003642,0.000000
43515,1,0.003641,0.000000
43516,1,0.003640,0.000000
43517,1,0.003639,0.000000
43518,1,0.003638,0.000000
43519,1,0.003637,0.000000
43520,1,0.003636,0.000000
43521,1,0.003635,0.000000
43522,1,0.003634,0.000000
43523,1,0.003633,0.000000
43524,1,0.003632,0.000000
43525,1,0.003631,0.000000
43526,1,0.003630,0.000000
43527,1,0.003629,0.000000
43528,1,0.003628,0.000000
43529,1,0.003627,0.000000
43530,1,0.003626,0.000000
43531,1,0.003625,0.000000
43532,1,0.003624,0.000000
43533,1,0.003623,0.000000
43534,1,0.003622,0.000000
43535,1,0.003621,0.000000
43536,1,0.003620,0.000000
43537,1,0.003619,0.000000
43538,1,0.003618,0.000000
43539,1,0.003617,0.000000
43540,1,0.003616,0.000000
43541,1,0.003616,0.000000
43542,1,0.003615,0.000000
43543,1,0.003614,0.000000
43544,1,0.003613,0.000000
43545,1,0.003612,0.000000
43546,1,0.003611,0.000000
43547,1,0.003610,0.000000
43548,1,0.003609,0.000000
43549,1,0.003608,0.000000
43550,1,0.003607,0.000000
43551,1,0.003606,0.000000
43552,1,0.003605,0.000000
43553,1,0.003604,0.000000
43554,1,0.003603,0.000000
43555,1,0.003602,0.000000
43556,1,0.003601,0.000000
43557,1,0.003600,0.000000
43558,1,0.003599,0.000000
43559,1,0.003598,0.000000
43560,1,0.003597,0.000000
43561,1,0.003596,0.000000
43562,1,0.003595,0.000000
43563,1,0.003594,0.000000
43564,1,0.003593,0.000000
43565,1,0.003593,0.000000
43566,1,0.003592,0.000000
43567,1,0.003591,0.000000
43568,1,0.003590,0.000000
43569,1,0.003589,0.000000
43570,1,0.003588,0.000000
43571,1,0.003587,0.000000
43572,1,0.003586,0.000000
43573,1,0.003585,0.000000
43574,1,0.003584,0.000000
43575,1,0.003583,0.000000
43576,1,0.003582,0.000000
43577,1,0.003581,0.000000
43578,1,0.003580,0.000000
43579,1,0.003579,0.000000
43580,1,0.003578,0.000000
43581,1,0.003577,0.000000
43582,1,0.003576,0.000000
43583,1,0.003575,0.000000
43584,1,0.003574,0.000000
43585,1,0.003573,0.000000
43586,1,0.003573,0.000000
43587,1,0.003572,0.000000
43588,1,0.003571,0.000000
43589,1,0.003570,0.000000
43590,1,0.003569,0.000000
43591,1,0.003568,0.000000
43592,1,0.003567,0.000000
43593,1,0.003566,0.000000
43594,1,0.003565,0.000000
43595,1,0.003564,0.000000
43596,1,0.003563,0.000000
43597,1,0.003562,0.000000
43598,1,0.003561,0.000000
43599,1,0.003560,0.000000
43600,1,0.003559,0.000000
43601,1,0.003558,0.000000
43602,1,0.003557,0.000000
43603,1,0.003556,0.000000
43604,1,0.003555,0.000000
43605,1,0.003555,0.000000
43606,1,0.003554,0.000000
43607,1,0.003553,0.000000
43608,1,0.003552,0.000000
43609,1,0.003551,0.000000
43610,1,0.003550,0.000000
43611,1,0.003549,0.000000
43612,1,0.003548,0.000000
43613,1,0.003547,0.000000
43614,1,0.003546,0.000000
43615,1,0.003545,0.000000
43616,1,0.003544,0.000000
43617,1,0.003543,0.000000
43618,1,0.003542,0.000000
43619,1,0.003541,0.000000
43620,1,0.003540,0.000000
43621,1,0.003539,0.000000
43622,1,0.003539,0.000000
43623,1,0.003538,0.000000
43624,1,0.003537,0.000000
43625,1,0.003536,0.000000
43626,1,0.003535,0.000000
43627,1,0.003534,0.000000
43628,1,0.003533,0.000000
43629,1,0.003532,0.000000
43630,1,0.003531,0.000000
43631,1,0.003530,0.000000
43632,1,0.003529,0.000000
43633,1,0.003528,0.000000
43634,1,0.003527,0.000000
43635,1,0.003526,0.000000
43636,1,0.003525,0.000000
43637,1,0.003524,0.000000
43638,1,0.003524,0.000000
43639,1,0.003523,0.000000
43640,1,0.003522,0.000000
43641,1,0.003521,0.000000
43642,1,0.003520,0.000000
43643,1,0.003519,0.000000
43644,1,0.003518,0.000000
43645,1,0.003517,0.000000
43646,1,0.003516,0.000000
43647,1,0.003515,0.000000
43648,1,0.003514,0.000000
43649,1,0.003513,0.000000
43650,1,0.003512,0.000000
43651,1,0.003511,0.000000
43652,1,0.003510,0.000000
43653,1,0.003510,0.000000
43654,1,0.003509,0.000000
43655,1,0.003508,0.000000
43656,1,0.003507,0.000000
43657,1,0.003506,0.000000
43658,1,0.003505,0.000000
43659,1,0.003504,0.000000
43660,1,0.003503,0.000000
43661,1,0.003502,0.000000
43662,1,0.003501,0.000000
43663,1,0.003500,0.000000
43664,1,0.003499,0.000000
43665,1,0.003498,0.000000
43666,1,0.003498,0.000000
43667,1,0.003497,0.000000
43668,1,0.003496,0.000000
43669,1,0.003495,0.000000
43670,1,0.003494,0.000000
43671,1,0.003493,0.000000
43672,1,0.003492,0.000000
43673,1,0.003491,0.000000
43674,1,0.003490,0.000000
43675,1,0.003489,0.000000
43676,1,0.003488,0.000000
43677,1,0.003487,0.000000
43678,1,0.003486,0.000000
43679,1,0.003485,0.000000
43680,1,0.003485,0.000000
43681,1,0.003484,0.000000
43682,1,0.003483,0.000000
43683,1,0.003482,0.000000
43684,1,0.003481,0.000000
43685,1,0.003480,0.000000
43686,1,0.003479,0.000000
43687,1,0.003478,0.000000
43688,1,0.003477,0.000000
43689,1,0.003476,0.000000
43690,1,0.003475,0.000000
43691,1,0.003474,0.000000
43692,1,0.003474,0.000000
43693,1,0.003473,0.000000
43694,1,0.003472,0.000000
43695,1,0.003471,0.000000
43696,1,0.003470,0.000000
43697,1,0.003469,0.000000
43698,1,0.003468,0.000000
43699,1,0.003467,0.000000
43700,1,0.003466,0.000000
43701,1,0.003465,0.000000
43702,1,0.003464,0.000000
43703,1,0.003463,0.000000
43704,1,0.003463,0.000000
43705,1,0.003462,0.000000
43706,1,0.003461,0.000000
43707,1,0.003460,0.000000
43708,1,0.003459,0.000000
43709,1,0.003458,0.000000
43710,1,0.003457,0.000000
43711,1,0.003456,0.000000
43712,1,0.003455,0.000000
43713,1,0.003454,0.000000
43714,1,0.003453,0.000000
43715,1,0.003452,0.000000
43716,1,0.003452,0.000000
43717,1,0.003451,0.000000
43718,1,0.003450,0.000000
43719,1,0.003449,0.000000
43720,1,0.003448,0.000000
43721,1,0.003447,0.000000
43722,1,0.003446,0.000000
43723,1,0.003445,0.000000
43724,1,0.003444,0.000000
43725,1,0.003443,0.000000
43726,1,0.003442,0.000000
43727,1,0.003442,0.000000
43728,1,0.003441,0.000000
43729,1,0.003440,0.000000
43730,1,0.003439,0.000000
43731,1,0.003438,0.000000
43732,1,0.003437,0.000000
43733,1,0.003436,0.000000
43734,1,0.003435,0.000000
43735,1,0.003434,0.000000
43736,1,0.003433,0.000000
43737,1,0.003432,0.000000
43738,1,0.003432,0.000000
43739,1,0.003431,0.000000
43740,1,0.003430,0.000000
43741,1,0.003429,0.000000
43742,1,0.003428,0.000000
43743,1,0.003427,0.000000
43744,1,0.003426,0.000000
43745,1,0.003425,0.000000
43746,1,0.003424,0.000000
43747,1,0.003423,0.000000
43748,1,0.003423,0.000000
43749,1,0.003422,0.000000
43750,1,0.003421,0.000000
43751,1,0.003420,0.000000
43752,1,0.003419,0.000000
43753,1,0.003418,0.000000
43754,1,0.003417,0.000000
43755,1,0.003416,0.000000
43756,1,0.003415,0.000000
43757,1,0.003414,0.000000
43758,1,0.003414,0.000000
43759,1,0.003413,0.000000
43760,1,0.003412,0.000000
43761,1,0.003411,0.000000
43762,1,0.003410,0.000000
43763,1,0.003409,0.000000
43764,1,0.003408,0.000000
43765,1,0.003407,0.000000
43766,1,0.003406,0.000000
43767,1,0.003405,0.000000
43768,1,0.003405,0.000000
43769,1,0.003404,0.000000
43770,1,0.003403,0.000000
43771,1,0.003402,0.000000
43772,1,0.003401,0.000000
43773,1,0.003400,0.000000
43774,1,0.003399,0.000000
43775,1,0.003398,0.000000
43776,1,0.003397,0.000000
43777,1,0.003396,0.000000
43778,1,0.003396,0.000000
43779,1,0.003395,0.000000
43780,1,0.003394,0.000000
43781,1,0.003393,0.000000
43782,1,0.003392,0.000000
43783,1,0.003391,0.000000
43784,1,0.003390,0.000000
43785,1,0.003389,0.000000
43786,1,0.003388,0.000000
43787,1,0.003388,0.000000
43788,1,0.003387,0.000000
43789,1,0.003386,0.000000
43790,1,0.003385,0.000000
43791,1,0.003384,0.000000
43792,1,0.003383,0.000000
43793,1,0.003382,0.000000
43794,1,0.003381,0.000000
43795,1,0.003380,0.000000
43796,1,0.003380,0.000000
43797,1,0.003379,0.000000
43798,1,0.003378,0.000000
43799,1,0.003377,0.000000
43800,1,0.003376,0.000000
43801,1,0.003375,0.000000
43802,1,0.003374,0.000000
43803,1,0.003373,0.000000
43804,1,0.003372,0.000000
43805,1,0.003372,0.000000
43806,1,0.003371,0.000000
43807,1,0.003370,0.000000
43808,1,0.003369,0.000000
43809,1,0.003368,0.000000
43810,1,0.003367,0.000000
43811,1,0.003366,0.000000
43812,1,0.003365,0.000000
43813,1,0.003364,0.000000
43814,1,0.003364,0.000000
43815,1,0.003363,0.000000
43816,1,0.003362,0.000000
43817,1,0.003361,0.000000
43818,1,0.003360,0.000000
43819,1,0.003359,0.000000
43820,1,0.003358,0.000000
43821,1,0.003357,0.000000
43822,1,0.003356,0.000000
43823,1,0.003356,0.000000
43824,1,0.003355,0.000000
43825,1,0.003354,0.000000
43826,1,0.003353,0.000000
43827,1,0.003352,0.000000
43828,1,0.003351,0.000000
43829,1,0.003350,0.000000
43830,1,0.003349,0.000000
43831,1,0.003349,0.000000
43832,1,0.003348,0.000000
43833,1,0.003347,0.000000
43834,1,0.003346,0.000000
43835,1,0.003345,0.000000
43836,1,0.003344,0.000000
43837,1,0.003343,0.000000
43838,1,0.003342,0.000000
43839,1,0.003341,0.000000
43840,1,0.003341,0.000000
43841,1,0.003340,0.000000
43842,1,0.003339,0.000000
43843,1,0.003338,0.000000
43844,1,0.003337,0.000000
43845,1,0.003336,0.000000
43846,1,0.003335,0.000000
43847,1,0.003334,0.000000
43848,1,0.003334,0.000000
43849,1,0.003333,0.000000
43850,1,0.003332,0.000000
43851,1,0.003331,0.000000
43852,1,0.003330,0.000000
43853,1,0.003329,0.000000
43854,1,0.003328,0.000000
43855,1,0.003327,0.000000
43856,1,0.003327,0.000000
43857,1,0.003326,0.000000
43858,1,0.003325,0.000000
43859,1,0.003324,0.000000
43860,1,0.003323,0.000000
43861,1,0.003322,0.000000
43862,1,0.003321,0.000000
43863,1,0.003320,0.000000
43864,1,0.003320,0.000000
43865,1,0.003319,0.000000
43866,1,0.003318,0.000000
43867,1,0.003317,0.000000
43868,1,0.003316,0.000000
43869,1,0.003315,0.000000
43870,1,0.003314,0.000000
43871,1,0.003314,0.000000
43872,1,0.003313,0.000000
43873,1,0.003312,0.000000
43874,1,0.003311,0.000000
43875,1,0.003310,0.000000
43876,1,0.003309,0.000000
43877,1,0.003308,0.000000
43878,1,0.003307,0.000000
43879,1,0.003307,0.000000
43880,1,0.003306,0.000000
43881,1,0.003305,0.000000
43882,1,0.003304,0.000000
43883,1,0.003303,0.000000
43884,1,0.003302,0.000000
43885,1,0.003301,0.000000
43886,1,0.003301,0.000000
43887,1,0.003300,0.000000
43888,1,0.003299,0.000000
43889,1,0.003298,0.000000
43890,1,0.003297,0.000000
43891,1,0.003296,0.000000
43892,1,0.003295,0.000000
43893,1,0.003294,0.000000
43894,1,0.003294,0.000000
43895,1,0.003293,0.000000
43896,1,0.003292,0.000000
43897,1,0.003291,0.000000
43898,1,0.003290,0.000000
43899,1,0.003289,0.000000
43900,1,0.003288,0.000000
43901,1,0.003288,0.000000
43902,1,0.003287,0.000000
43903,1,0.003286,0.000000
43904,1,0.003285,0.000000
43905,1,0.003284,0.000000
43906,1,0.003283,0.000000
43907,1,0.003282,0.000000
43908,1,0.003282,0.000000
43909,1,0.003281,0.000000
43910,1,0.003280,0.000000
43911,1,0.003279,0.000000
43912,1,0.003278,0.000000
43913,1,0.003277,0.000000
43914,1,0.003276,0.000000
43915,1,0.003276,0.000000
43916,1,0.003275,0.000000
43917,1,0.003274,0.000000
43918,1,0.003273,0.000000
43919,1,0.003272,0.000000
43920,1,0.003271,0.000000
43921,1,0.003270,0.000000
43922,1,0.003270,0.000000
43923,1,0.003269,0.000000
43924,1,0.003268,0.000000
43925,1,0.003267,0.000000
43926,1,0.003266,0.000000
43927,1,0.003265,0.000000
43928,1,0.003264,0.000000
43929,1,0.003264,0.000000
43930,1,0.003263,0.000000
43931,1,0.003262,0.000000
43932,1,0.003261,0.000000
43933,1,0.003260,0.000000
43934,1,0.003259,0.000000
43935,1,0.003258,0.000000
43936,1,0.003258,0.000000
43937,1,0.003257,0.000000
43938,1,0.003256,0.000000
43939,1,0.003255,0.000000
43940,1,0.003254,0.000000
43941,1,0.003253,0.000000
43942,1,0.003252,0.000000
43943,1,0.003252,0.000000
43944,1,0.003251,0.000000
43945,1,0.003250,0.000000
43946,1,0.003249,0.000000
43947,1,0.003248,0.000000
43948,1,0.003247,0.000000
43949,1,0.003246,0.000000
43950,1,0.003246,0.000000
43951,1,0.003245,0.000000
43952,1,0.003244,0.000000
43953,1,0.003243,0.000000
43954,1,0.003242,0.000000
43955,1,0.003241,0.000000
43956,1,0.003241,0.000000
43957,1,0.003240,0.000000
43958,1,0.003239,0.000000
43959,1,0.003238,0.000000
43960,1,0.003237,0.000000
43961,1,0.003236,0.000000
43962,1,0.003235,0.000000
43963,1,0.003235,0.000000
43964,1,0.003234,0.000000
43965,1,0.003233,0.000000
43966,1,0.003232,0.000000
43967,1,0.003231,0.000000
43968,1,0.003230,0.000000
43969,1,0.003230,0.000000
43970,1,0.003229,0.000000
43971,1,0.003228,0.000000
43972,1,0.003227,0.000000
43973,1,0.003226,0.000000
43974,1,0.003225,0.000000
43975,1,0.003224,0.000000
43976,1,0.003224,0.000000
43977,1,0.003223,0.000000
43978,1,0.003222,0.000000
43979,1,0.003221,0.000000
43980,1,0.003220,0.000000
43981,1,0.003219,0.000000
43982,1,0.003219,0.000000
43983,1,0.003218,0.000000
43984,1,0.003217,0.000000
43985,1,0.003216,0.000000
43986,1,0.003215,0.000000
43987,1,0.003214,0.000000
43988,1,0.003214,0.000000
43989,1,0.003213,0.000000
43990,1,0.003212,0.000000
43991,1,0.003211,0.000000
43992,1,0.003210,0.000000
43993,1,0.003209,0.000000
43994,1,0.003209,0.000000
43995,1,0.003208,0.000000
43996,1,0.003207,0.000000
43997,1,0.003206,0.000000
43998,1,0.003205,0.000000
43999,1,0.003204,0.000000
44000,1,0.003203,0.000000
44001,1,0.003203,0.000000
44002,1,0.003202,0.000000
44003,1,0.003201,0.000000
44004,1,0.003200,0.000000
44005,1,0.003199,0.000000
44006,1,0.003198,0.000000
44007,1,0.003198,0.000000
44008,1,0.003197,0.000000
44009,1,0.003196,0.000000
44010,1,0.003195,0.000000
44011,1,0.003194,0.000000
44012,1,0.003193,0.000000
44013,1,0.003193,0.000000
44014,1,0.003192,0.000000
44015,1,0.003191,0.000000
44016,1,0.003190,0.000000
44017,1,0.003189,0.000000
44018,1,0.003188,0.000000
44019,1,0.003188,0.000000
44020,1,0.003187,0.000000
44021,1,0.003186,0.000000
44022,1,0.003185,0.000000
44023,1,0.003184,0.000000
44024,1,0.003183,0.000000
44025,1,0.003183,0.000000
44026,1,0.003182,0.000000
44027,1,0.003181,0.000000
44028,1,0.003180,0.000000
44029,1,0.003179,0.000000
44030,1,0.003179,0.000000
44031,1,0.003178,0.000000
44032,1,0.003177,0.000000
44033,1,0.003176,0.000000
44034,1,0.003175,0.000000
44035,1,0.003174,0.000000
44036,1,0.003174,0.000000
44037,1,0.003173,0.000000
44038,1,0.003172,0.000000
44039,1,0.003171,0.000000
44040,1,0.003170,0.000000
44041,1,0.003169,0.000000
44042,1,0.003169,0.000000
44043,1,0.003168,0.000000
44044,1,0.003167,0.000000
44045,1,0.003166,0.000000
44046,1,0.003165,0.000000
44047,1,0.003164,0.000000
44048,1,0.003164,0.000000
44049,1,0.003163,0.000000
44050,1,0.003162,0.000000
44051,1,0.003161,0.000000
44052,1,0.003160,0.000000
44053,1,0.003160,0.000000
44054,1,0.003159,0.000000
44055,1,0.003158,0.000000
44056,1,0.003157,0.000000
44057,1,0.003156,0.000000
44058,1,0.003155,0.000000
44059,1,0.003155,0.000000
44060,1,0.003154,0.000000
44061,1,0.003153,0.000000
44062,1,0.003152,0.000000
44063,1,0.003151,0.000000
44064,1,0.003150,0.000000
44065,1,0.003150,0.000000
44066,1,0.003149,0.000000
44067,1,0.003148,0.000000
44068,1,0.003147,0.000000
44069,1,0.003146,0.000000
44070,1,0.003146,0.000000
44071,1,0.003145,0.000000
44072,1,0.003144,0.000000
44073,1,0.003143,0.000000
44074,1,0.003142,0.000000
44075,1,0.003141,0.000000
44076,1,0.003141,0.000000
44077,1,0.003140,0.000000
44078,1,0.003139,0.000000
44079,1,0.003138,0.000000
44080,1,0.003137,0.000000
44081,1,0.003137,0.000000
44082,1,0.003136,0.000000
44083,1,0.003135,0.000000
44084,1,0.003134,0.000000
44085,1,0.003133,0.000000
44086,1,0.003132,0.000000
44087,1,0.003132,0.000000
44088,1,0.003131,0.000000
44089,1,0.003130,0.000000
44090,1,0.003129,0.000000
44091,1,0.003128,0.000000
44092,1,0.003128,0.000000
44093,1,0.003127,0.000000
44094,1,0.003126,0.000000
44095,1,0.003125,0.000000
44096,1,0.003124,0.000000
44097,1,0.003124,0.000000
44098,1,0.003123,0.000000
44099,1,0.003122,0.000000
44100,1,0.003121,0.000000
44101,1,0.003120,0.000000
44102,1,0.003119,0.000000
44103,1,0.003119,0.000000
44104,1,0.003118,0.000000
44105,1,0.003117,0.000000
44106,1,0.003116,0.000000
44107,1,0.003115,0.000000
44108,1,0.003115,0.000000
44109,1,0.003114,0.000000
44110,1,0.003113,0.000000
44111,1,0.003112,0.000000
44112,1,0.003111,0.000000
44113,1,0.003111,0.000000
44114,1,0.003110,0.000000
44115,1,0.003109,0.000000
44116,1,0.003108,0.000000
44117,1,0.003107,0.000000
44118,1,0.003106,0.000000
44119,1,0.003106,0.000000
44120,1,0.003105,0.000000
44121,1,0.003104,0.000000
44122,1,0.003103,0.000000
44123,1,0.003102,0.000000
44124,1,0.003102,0.000000
44125,1,0.003101,0.000000
44126,1,0.003100,0.000000
44127,1,0.003099,0.000000
44128,1,0.003098,0.000000
44129,1,0.003098,0.000000
44130,1,0.003097,0.000000
44131,1,0.003096,0.000000
44132,1,0.003095,0.000000
44133,1,0.003094,0.000000
44134,1,0.003094,0.000000
44135,1,0.003093,0.000000
44136,1,0.003092,0.000000
44137,1,0.003091,0.000000
44138,1,0.003090,0.000000
44139,1,0.003090,0.000000
44140,1,0.003089,0.000000
44141,1,0.003088,0.000000
44142,1,0.003087,0.000000
44143,1,0.003086,0.000000
44144,1,0.003086,0.000000
44145,1,0.003085,0.000000
44146,1,0.003084,0.000000
44147,1,0.003083,0.000000
44148,1,0.003082,0.000000
44149,1,0.003082,0.000000
44150,1,0.003081,0.000000
44151,1,0.003080,0.000000
44152,1,0.003079,0.000000
44153,1,0.003078,0.000000
44154,1,0.003078,0.000000
44155,1,0.003077,0.000000
44156,1,0.003076,0.000000
44157,1,0.003075,0.000000
44158,1,0.003074,0.000000
44159,1,0.003074,0.000000
44160,1,0.003073,0.000000
44161,1,0.003072,0.000000
44162,1,0.003071,0.000000
44163,1,0.003070,0.000000
44164,1,0.003070,0.000000
44165,1,0.003069,0.000000
44166,1,0.003068,0.000000
44167,1,0.003067,0.000000
44168,1,0.003066,0.000000
44169,1,0.003066,0.000000
44170,1,0.003065,0.000000
44171,1,0.003064,0.000000
44172,1,0.003063,0.000000
44173,1,0.003062,0.000000
44174,1,0.003062,0.000000
44175,1,0.003061,0.000000
44176,1,0.003060,0.000000
44177,1,0.003059,0.000000
44178,1,0.003058,0.000000
44179,1,0.003058,0.000000
44180,1,0.003057,0.000000
44181,1,0.003056,0.000000
44182,1,0.003055,0.000000
44183,1,0.003055,0.000000
44184,1,0.003054,0.000000
44185,1,0.003053,0.000000
44186,1,0.003052,0.000000
44187,1,0.003051,0.000000
44188,1,0.003051,0.000000
44189,1,0.003050,0.000000
44190,1,0.003049,0.000000
44191,1,0.003048,0.000000
44192,1,0.003047,0.000000
44193,1,0.003047,0.000000
44194,1,0.003046,0.000000
44195,1,0.003045,0.000000
44196,1,0.003044,0.000000
44197,1,0.003043,0.000000
44198,1,0.003043,0.000000
44199,1,0.003042,0.000000
44200,1,0.003041,0.000000
44201,1,0.003040,0.000000
44202,1,0.003039,0.000000
44203,1,0.003039,0.000000
44204,1,0.003038,0.000000
44205,1,0.003037,0.000000
44206,1,0.003036,0.000000
44207,1,0.003036,0.000000
44208,1,0.003035,0.000000
44209,1,0.003034,0.000000
44210,1,0.003033,0.000000
44211,1,0.003032,0.000000
44212,1,0.003032,0.000000
44213,1,0.003031,0.000000
44214,1,0.003030,0.000000
44215,1,0.003029,0.000000
44216,1,0.003028,0.000000
44217,1,0.003028,0.000000
44218,1,0.003027,0.000000
44219,1,0.003026,0.000000
44220,1,0.003025,0.000000
44221,1,0.003025,0.000000
44222,1,0.003024,0.000000
44223,1,0.003023,0.000000
44224,1,0.003022,0.000000
44225,1,0.003021,0.000000
44226,1,0.003021,0.000000
44227,1,0.003020,0.000000
44228,1,0.003019,0.000000
44229,1,0.003018,0.000000
44230,1,0.003018,0.000000
44231,1,0.003017,0.000000
44232,1,0.003016,0.000000
44233,1,0.003015,0.000000
44234,1,0.003014,0.000000
44235,1,0.003014,0.000000
44236,1,0.003013,0.000000
44237,1,0.003012,0.000000
44238,1,0.003011,0.000000
44239,1,0.003011,0.000000
44240,1,0.003010,0.000000
44241,1,0.003009,0.000000
44242,1,0.003008,0.000000
44243,1,0.003007,0.000000
44244,1,0.003007,0.000000
44245,1,0.003006,0.000000
44246,1,0.003005,0.000000
44247,1,0.003004,0.000000
44248,1,0.003004,0.000000
44249,1,0.003003,0.000000
44250,1,0.003002,0.000000
44251,1,0.003001,0.000000
44252,1,0.003000,0.000000
44253,1,0.003000,0.000000
44254,1,0.002999,0.000000
44255,1,0.002998,0.000000
44256,1,0.002997,0.000000
44257,1,0.002997,0.000000
44258,1,0.002996,0.000000
44259,1,0.002995,0.000000
44260,1,0.002994,0.000000
44261,1,0.002993,0.000000
44262,1,0.002993,0.000000
44263,1,0.002992,0.000000
44264,1,0.002991,0.000000
44265,1,0.002990,0.000000
44266,1,0.002990,0.000000
44267,1,0.002989,0.000000
44268,1,0.002988,0.000000
44269,1,0.002987,0.000000
44270,1,0.002986,0.000000
44271,1,0.002986,0.000000
44272,1,0.002985,0.000000
44273,1,0.002984,0.000000
44274,1,0.002983,0.000000
44275,1,0.002983,0.000000
44276,1,0.002982,0.000000
44277,1,0.002981,0.000000
44278,1,0.002980,0.000000
44279,1,0.002980,0.000000
44280,1,0.002979,0.000000
44281,1,0.002978,0.000000
44282,1,0.002977,0.000000
44283,1,0.002976,0.000000
44284,1,0.002976,0.000000
44285,1,0.002975,0.000000
44286,1,0.002974,0.000000
44287,1,0.002973,0.000000
44288,1,0.002973,0.000000
44289,1,0.002972,0.000000
44290,1,0.002971,0.000000
44291,1,0.002970,0.000000
44292,1,0.002970,0.000000
44293,1,0.002969,0.000000
44294,1,0.002968,0.000000
44295,1,0.002967,0.000000
44296,1,0.002966,0.000000
44297,1,0.002966,0.000000
44298,1,0.002965,0.000000
44299,1,0.002964,0.000000
44300,1,0.002963,0.000000
44301,1,0.002963,0.000000
44302,1,0.002962,0.000000
44303,1,0.002961,0.000000
44304,1,0.002960,0.000000
44305,1,0.002960,0.000000
44306,1,0.002959,0.000000
44307,1,0.002958,0.000000
44308,1,0.002957,0.000000
44309,1,0.002957,0.000000
44310,1,0.002956,0.000000
44311,1,0.002955,0.000000
44312,1,0.002954,0.000000
44313,1,0.002953,0.000000
44314,1,0.002953,0.000000
44315,1,0.002952,0.000000
44316,1,0.002951,0.000000
44317,1,0.002950,0.000000
44318,1,0.002950,0.000000
44319,1,0.002949,0.000000
44320,1,0.002948,0.000000
44321,1,0.002947,0.000000
44322,1,0.002947,0.000000
44323,1,0.002946,0.000000
44324,1,0.002945,0.000000
44325,1,0.002944,0.000000
44326,1,0.002944,0.000000
44327,1,0.002943,0.000000
44328,1,0.002942,0.000000
44329,1,0.002941,0.000000
44330,1,0.002941,0.000000
44331,1,0.002940,0.000000
44332,1,0.002939,0.000000
44333,1,0.002938,0.000000
44334,1,0.002937,0.000000
44335,1,0.002937,0.000000
44336,1,0.002936,0.000000
44337,1,0.002935,0.000000
44338,1,0.002934,0.000000
44339,1,0.002934,0.000000
44340,1,0.002933,0.000000
44341,1,0.002932,0.000000
44342,1,0.002931,0.000000
44343,1,0.002931,0.000000
44344,1,0.002930,0.000000
44345,1,0.002929,0.000000
44346,1,0.002928,0.000000
44347,1,0.002928,0.000000
44348,1,0.002927,0.000000
44349,1,0.002926,0.000000
44350,1,0.002925,0.000000
44351,1,0.002925,0.000000
44352,1,0.002924,0.000000
44353,1,0.002923,0.000000
44354,1,0.002922,0.000000
44355,1,0.002922,0.000000
44356,1,0.002921,0.000000
44357,1,0.002920,0.000000
44358,1,0.002919,0.000000
44359,1,0.002919,0.000000
44360,1,0.002918,0.000000
44361,1,0.002917,0.000000
44362,1,0.002916,0.000000
44363,1,0.002916,0.000000
44364,1,0.002915,0.000000
44365,1,0.002914,0.000000
44366,1,0.002913,0.000000
44367,1,0.002913,0.000000
44368,1,0.002912,0.000000
44369,1,0.002911,0.000000
44370,1,0.002910,0.000000
44371,1,0.002910,0.000000
44372,1,0.002909,0.000000
44373,1,0.002908,0.000000
44374,1,0.002907,0.000000
44375,1,0.002907,0.000000
44376,1,0.002906,0.000000
44377,1,0.002905,0.000000
44378,1,0.002904,0.000000
44379,1,0.002904,0.000000
44380,1,0.002903,0.000000
44381,1,0.002902,0.000000
44382,1,0.002901,0.000000
44383,1,0.002901,0.000000
44384,1,0.002900,0.000000
44385,1,0.002899,0.000000
44386,1,0.002898,0.000000
44387,1,0.002898,0.000000
44388,1,0.002897,0.000000
44389,1,0.002896,0.000000
44390,1,0.002895,0.000000
44391,1,0.002895,0.000000
44392,1,0.002894,0.000000
44393,1,0.002893,0.000000
44394,1,0.002892,0.000000
44395,1,0.002892,0.000000
44396,1,0.002891,0.000000
44397,1,0.002890,0.000000
44398,1,0.002889,0.000000
44399,1,0.002889,0.000000
44400,1,0.002888,0.000000
44401,1,0.002887,0.000000
44402,1,0.002886,0.000000
44403,1,0.002886,0.000000
44404,1,0.002885,0.000000
44405,1,0.002884,0.000000
44406,1,0.002883,0.000000
44407,1,0.002883,0.000000
44408,1,0.002882,0.000000
44409,1,0.002881,0.000000
44410,1,0.002881,0.000000
44411,1,0.002880,0.000000
44412,1,0.002879,0.000000
44413,1,0.002878,0.000000
44414,1,0.002878,0.000000
44415,1,0.002877,0.000000
44416,1,0.002876,0.000000
44417,1,0.002875,0.000000
44418,1,0.002875,0.000000
44419,1,0.002874,0.000000
44420,1,0.002873,0.000000
44421,1,0.002872,0.000000
44422,1,0.002872,0.000000
44423,1,0.002871,0.000000
44424,1,0.002870,0.000000
44425,1,0.002869,0.000000
44426,1,0.002869,0.000000
44427,1,0.002868,0.000000
44428,1,0.002867,0.000000
44429,1,0.002866,0.000000
44430,1,0.002866,0.000000
44431,1,0.002865,0.000000
44432,1,0.002864,0.000000
44433,1,0.002864,0.000000
44434,1,0.002863,0.000000
44435,1,0.002862,0.000000
44436,1,0.002861,0.000000
44437,1,0.002861,0.000000
44438,1,0.002860,0.000000
44439,1,0.002859,0.000000
44440,1,0.002858,0.000000
44441,1,0.002858,0.000000
44442,1,0.002857,0.000000
44443,1,0.002856,0.000000
44444,1,0.002855,0.000000
44445,1,0.002855,0.000000
44446,1,0.002854,0.000000
44447,1,0.002853,0.000000
44448,1,0.002853,0.000000
44449,1,0.002852,0.000000
44450,1,0.002851,0.000000
44451,1,0.002850,0.000000
44452,1,0.002850,0.000000
44453,1,0.002849,0.000000
44454,1,0.002848,0.000000
44455,1,0.002847,0.000000
44456,1,0.002847,0.000000
44457,1,0.002846,0.000000
44458,1,0.002845,0.000000
44459,1,0.002844,0.000000
44460,1,0.002844,0.000000
44461,1,0.002843,0.000000
44462,1,0.002842,0.000000
44463,1,0.002842,0.000000
44464,1,0.002841,0.000000
44465,1,0.002840,0.000000
44466,1,0.002839,0.000000
44467,1,0.002839,0.000000
44468,1,0.002838,0.000000
44469,1,0.002837,0.000000
44470,1,0.002836,0.000000
44471,1,0.002836,0.000000
44472,1,0.002835,0.000000
44473,1,0.002834,0.000000
44474,1,0.002834,0.000000
44475,1,0.002833,0.000000
44476,1,0.002832,0.000000
44477,1,0.002831,0.000000
44478,1,0.002831,0.000000
44479,1,0.002830,0.000000
44480,1,0.002829,0.000000
44481,1,0.002828,0.000000
44482,1,0.002828,0.000000
44483,1,0.002827,0.000000
44484,1,0.002826,0.000000
44485,1,0.002826,0.000000
44486,1,0.002825,0.000000
44487,1,0.002824,0.000000
44488,1,0.002823,0.000000
44489,1,0.002823,0.000000
44490,1,0.002822,0.000000
44491,1,0.002821,0.000000
44492,1,0.002820,0.000000
44493,1,0.002820,0.000000
44494,1,0.002819,0.000000
44495,1,0.002818,0.000000
44496,1,0.002818,0.000000
44497,1,0.002817,0.000000
44498,1,0.002816,0.000000
44499,1,0.002815,0.000000
44500,1,0.002815,0.000000
44501,1,0.002814,0.000000
44502,1,0.002813,0.000000
44503,1,0.002813,0.000000
44504,1,0.002812,0.000000
44505,1,0.002811,0.000000
44506,1,0.002810,0.000000
44507,1,0.002810,0.000000
44508,1,0.002809,0.000000
44509,1,0.002808,0.000000
44510,1,0.002807,0.000000
44511,1,0.002807,0.000000
44512,1,0.002806,0.000000
44513,1,0.002805,0.000000
44514,1,0.002805,0.000000
44515,1,0.002804,0.000000
44516,1,0.002803,0.000000
44517,1,0.002802,0.000000
44518,1,0.002802,0.000000
44519,1,0.002801,0.000000
44520,1,0.002800,0.000000
44521,1,0.002800,0.000000
44522,1,0.002799,0.000000
44523,1,0.002798,0.000000
44524,1,0.002797,0.000000
44525,1,0.002797,0.000000
44526,1,0.002796,0.000000
44527,1,0.002795,0.000000
44528,1,0.002795,0.000000
44529,1,0.002794,0.000000
44530,1,0.002793,0.000000
44531,1,0.002792,0.000000
44532,1,0.002792,0.000000
44533,1,0.002791,0.000000
44534,1,0.002790,0.000000
44535,1,0.002790,0.000000
44536,1,0.002789,0.000000
44537,1,0.002788,0.000000
44538,1,0.002787,0.000000
44539,1,0.002787,0.000000
44540,1,0.002786,0.000000
44541,1,0.002785,0.000000
44542,1,0.002785,0.000000
44543,1,0.002784,0.000000
44544,1,0.002783,0.000000
44545,1,0.002782,0.000000
44546,1,0.002782,0.000000
44547,1,0.002781,0.000000
44548,1,0.002780,0.000000
44549,1,0.002780,0.000000
44550,1,0.002779,0.000000
44551,1,0.002778,0.000000
44552,1,0.002777,0.000000
44553,1,0.002777,0.000000
44554,1,0.002776,0.000000
44555,1,0.002775,0.000000
44556,1,0.002775,0.000000
44557,1,0.002774,0.000000
44558,1,0.002773,0.000000
44559,1,0.002772,0.000000
44560,1,0.002772,0.000000
44561,1,0.002771,0.000000
44562,1,0.002770,0.000000
44563,1,0.002770,0.000000
44564,1,0.002769,0.000000
44565,1,0.002768,0.000000
44566,1,0.002767,0.000000
44567,1,0.002767,0.000000
44568,1,0.002766,0.000000
44569,1,0.002765,0.000000
44570,1,0.002765,0.000000
44571,1,0.002764,0.000000
44572,1,0.002763,0.000000
44573,1,0.002762,0.000000
44574,1,0.002762,0.000000
44575,1,0.002761,0.000000
44576,1,0.002760,0.000000
44577,1,0.002760,0.000000
44578,1,0.002759,0.000000
44579,1,0.002758,0.000000
44580,1,0.002758,0.000000
44581,1,0.002757,0.000000
44582,1,0.002756,0.000000
44583,1,0.002755,0.000000
44584,1,0.002755,0.000000
44585,1,0.002754,0.000000
44586,1,0.002753,0.000000
44587,1,0.002753,0.000000
44588,1,0.002752,0.000000
44589,1,0.002751,0.000000
44590,1,0.002750,0.000000
44591,1,0.002750,0.000000
44592,1,0.002749,0.000000
44593,1,0.002748,0.000000
44594,1,0.002748,0.000000
44595,1,0.002747,0.000000
44596,1,0.002746,0.000000
44597,1,0.002746,0.000000
44598,1,0.002745,0.000000
44599,1,0.002744,0.000000
44600,1,0.002743,0.000000
44601,1,0.002743,0.000000
44602,1,0.002742,0.000000
44603,1,0.002741,0.000000
44604,1,0.002741,0.000000
44605,1,0.002740,0.000000
44606,1,0.002739,0.000000
44607,1,0.002739,0.000000
44608,1,0.002738,0.000000
44609,1,0.002737,0.000000
44610,1,0.002736,0.000000
44611,1,0.002736,0.000000
44612,1,0.002735,0.000000
44613,1,0.002734,0.000000
44614,1,0.002734,0.000000
44615,1,0.002733,0.000000
44616,1,0.002732,0.000000
44617,1,0.002732,0.000000
44618,1,0.002731,0.000000
44619,1,0.002730,0.000000
44620,1,0.002729,0.000000
44621,1,0.002729,0.000000
44622,1,0.002728,0.000000
44623,1,0.002727,0.000000
44624,1,0.002727,0.000000
44625,1,0.002726,0.000000
44626,1,0.002725,0.000000
44627,1,0.002725,0.000000
44628,1,0.002724,0.000000
44629,1,0.002723,0.000000
44630,1,0.002723,0.000000
44631,1,0.002722,0.000000
44632,1,0.002721,0.000000
44633,1,0.002720,0.000000
44634,1,0.002720,0.000000
44635,1,0.002719,0.000000
44636,1,0.002718,0.000000
44637,1,0.002718,0.000000
44638,1,0.002717,0.000000
44639,1,0.002716,0.000000
44640,1,0.002716,0.000000
44641,1,0.002715,0.000000
44642,1,0.002714,0.000000
44643,1,0.002713,0.000000
44644,1,0.002713,0.000000
44645,1,0.002712,0.000000
44646,1,0.002711,0.000000
44647,1,0.002711,0.000000
44648,1,0.002710,0.000000
44649,1,0.002709,0.000000
44650,1,0.002709,0.000000
44651,1,0.002708,0.000000
44652,1,0.002707,0.000000
44653,1,0.002707,0.000000
44654,1,0.002706,0.000000
44655,0,0.002705,0.000000
44656,1,0.002770,0.000000
44657,1,0.002829,0.000000
44658,1,0.002883,0.000000
44659,1,0.002933,0.000000
44660,1,0.002979,0.000000
44661,1,0.003022,0.000000
44662,1,0.003060,0.000000
44663,1,0.003096,0.000000
44664,1,0.003129,0.000000
44665,1,0.003160,0.000000
44666,1,0.003188,0.000000
44667,1,0.003214,0.000000
44668,1,0.003238,0.000000
44669,1,0.003260,0.000000
44670,1,0.003281,0.000000
44671,1,0.003300,0.000000
44672,1,0.003317,0.000000
44673,1,0.003333,0.000000
44674,1,0.003347,0.000000
44675,1,0.003360,0.000085
44676,1,0.003372,0.000290
44677,1,0.003383,0.000590
44678,1,0.003393,0.000961
44679,1,0.003402,0.001385
44680,1,0.003410,0.001842
44681,1,0.003417,0.002320
44682,1,0.003423,0.002802
44683,1,0.003428,0.003253
44684,1,0.003433,0.003640
44685,1,0.003438,0.003948
44686,1,0.003442,0.004172
44687,1,0.003445,0.004312
44688,1,0.003448,0.004376
44689,1,0.003450,0.004372
44690,1,0.003453,0.004313
44691,1,0.003455,0.004209
44692,1,0.003456,0.004072
44693,1,0.003458,0.003912
44694,1,0.003459,0.003738
44695,1,0.003460,0.003559
44696,1,0.003461,0.003380
44697,1,0.003462,0.003209
44698,1,0.003463,0.003049
44699,1,0.003463,0.002903
44700,1,0.003464,0.002773
44701,1,0.003464,0.002660
44702,1,0.003464,0.002565
44703,1,0.003464,0.002486
44704,1,0.003464,0.002424
44705,1,0.003464,0.002376
44706,1,0.003464,0.002342
44707,1,0.003463,0.002318
44708,1,0.003463,0.002303
44709,1,0.003463,0.002294
44710,1,0.003462,0.002285
44711,1,0.003462,0.002269
44712,1,0.003461,0.002240
44713,1,0.003461,0.002198
44714,1,0.003460,0.002141
44715,1,0.003459,0.002072
44716,1,0.003459,0.001993
44717,1,0.003458,0.001905
44718,1,0.003457,0.001812
44719,1,0.003456,0.001715
44720,1,0.003456,0.001617
44721,1,0.003455,0.001520
44722,1,0.003454,0.001426
44723,1,0.003453,0.001336
44724,1,0.003452,0.001251
44725,1,0.003452,0.001173
44726,1,0.003451,0.001100
44727,1,0.003450,0.001035
44728,1,0.003449,0.000976
44729,1,0.003448,0.000924
44730,1,0.003447,0.000879
44731,1,0.003446,0.000840
44732,1,0.003445,0.000806
44733,1,0.003445,0.000777
44734,1,0.003444,0.000753
44735,1,0.003443,0.000733
44736,1,0.003442,0.000715
44737,1,0.003441,0.000699
44738,1,0.003440,0.000682
44739,1,0.003439,0.000663
44740,1,0.003438,0.000642
44741,1,0.003437,0.000619
44742,1,0.003436,0.000593
44743,1,0.003435,0.000566
44744,1,0.003434,0.000537
44745,1,0.003434,0.000508
44746,1,0.003433,0.000478
44747,1,0.003432,0.000449
44748,1,0.003431,0.000420
44749,1,0.003430,0.000393
44750,1,0.003429,0.000367
44751,1,0.003428,0.000342
44752,1,0.003427,0.000320
44753,1,0.003426,0.000299
44754,1,0.003425,0.000280
44755,1,0.003424,0.000264
44756,1,0.003423,0.000249
44757,1,0.003422,0.000236
44758,1,0.003421,0.000224
44759,1,0.003420,0.000214
44760,1,0.003420,0.000206
44761,1,0.003419,0.000199
44762,1,0.003418,0.000192
44763,1,0.003417,0.000187
44764,1,0.003416,0.000182
44765,1,0.003415,0.000176
44766,1,0.003414,0.000171
44767,1,0.003413,0.000165
44768,1,0.003412,0.000158
44769,1,0.003411,0.000151
44770,1,0.003410,0.000143
44771,1,0.003409,0.000136
44772,1,0.003408,0.000128
44773,1,0.003407,0.000120
44774,1,0.003406,0.000113
44775,1,0.003405,0.000105
44776,1,0.003405,0.000098
44777,1,0.003404,0.000092
44778,1,0.003403,0.000085
44779,1,0.003402,0.000080
44780,1,0.003401,0.000075
44781,1,0.003400,0.000070
44782,1,0.003399,0.000066
44783,1,0.003398,0.000062
44784,1,0.003397,0.000059
44785,1,0.003396,0.000056
44786,1,0.003395,0.000053
44787,1,0.003394,0.000051
44788,0,0.003393,0.000041
44789,1,0.003469,0.000033
44790,1,0.003538,0.000026
44791,1,0.003602,0.000021
44792,1,0.003660,0.000017
44793,1,0.003714,0.000013
44794,1,0.003763,0.000011
44795,1,0.003807,0.000009
44796,1,0.003848,0.000007
44797,1,0.003886,0.000006
44798,1,0.003920,0.000004
44799,1,0.003952,0.000004
44800,1,0.003980,0.000003
44801,1,0.004007,0.000002
44802,1,0.004031,0.000002
44803,1,0.004053,0.000001
44804,1,0.004073,0.000001
44805,1,0.004092,0.000001
44806,1,0.004109,0.000001
44807,1,0.004124,0.000001
44808,1,0.004138,0.000027
44809,1,0.004151,0.000132
44810,1,0.004163,0.000301
44811,1,0.004173,0.000519
44812,1,0.004183,0.000776
44813,1,0.004191,0.001062
44814,1,0.004199,0.001367
44815,1,0.004206,0.001683
44816,1,0.004212,0.002005
44817,1,0.004217,0.002325
44818,1,0.004222,0.002639
44819,1,0.004226,0.002941
44820,1,0.004229,0.003227
44821,1,0.004233,0.003495
44822,1,0.004235,0.003721
44823,1,0.004237,0.003895
44824,1,0.004239,0.004012
44825,1,0.004241,0.004073
44826,1,0.004242,0.004082
44827,1,0.004243,0.004044
44828,1,0.004244,0.003966
44829,1,0.004245,0.003855
44830,1,0.004245,0.003719
44831,1,0.004246,0.003563
44832,1,0.004246,0.003396
44833,1,0.004246,0.003221
44834,1,0.004246,0.003044
44835,1,0.004245,0.002869
44836,1,0.004245,0.002699
44837,1,0.004245,0.002537
44838,1,0.004244,0.002385
44839,1,0.004244,0.002244
44840,1,0.004243,0.002115
44841,1,0.004243,0.001999
44842,1,0.004242,0.001895
44843,1,0.004241,0.001803
44844,1,0.004240,0.001722
44845,1,0.004239,0.001652
44846,1,0.004238,0.001593
44847,1,0.004237,0.001542
44848,1,0.004236,0.001499
44849,1,0.004235,0.001463
44850,1,0.004234,0.001433
44851,1,0.004233,0.001407
44852,1,0.004232,0.001384
44853,1,0.004231,0.001365
44854,1,0.004230,0.001346
44855,1,0.004229,0.001324
44856,1,0.004228,0.001297
44857,1,0.004227,0.001265
44858,1,0.004225,0.001227
44859,1,0.004224,0.001183
44860,1,0.004223,0.001135
44861,1,0.004222,0.001083
44862,1,0.004221,0.001029
44863,1,0.004219,0.000973
44864,1,0.004218,0.000917
44865,1,0.004217,0.000861
44866,1,0.004216,0.000807
44867,1,0.004214,0.000754
44868,1,0.004213,0.000704
44869,1,0.004212,0.000656
44870,1,0.004211,0.000612
44871,1,0.004209,0.000570
44872,1,0.004208,0.000533
44873,1,0.004207,0.000498
44874,1,0.004206,0.000467
44875,1,0.004204,0.000439
44876,1,0.004203,0.000414
44877,1,0.004202,0.000392
44878,1,0.004200,0.000372
44879,1,0.004199,0.000355
44880,1,0.004198,0.000340
44881,1,0.004197,0.000327
44882,1,0.004195,0.000316
44883,1,0.004194,0.000306
44884,1,0.004193,0.000298
44885,1,0.004192,0.000290
44886,1,0.004190,0.000283
44887,1,0.004189,0.000276
44888,1,0.004188,0.000268
44889,1,0.004186,0.000260
44890,1,0.004185,0.000251
44891,1,0.004184,0.000241
44892,1,0.004183,0.000230
44893,1,0.004181,0.000219
44894,1,0.004180,0.000208
44895,1,0.004179,0.000196
44896,1,0.004177,0.000185
44897,1,0.004176,0.000173
44898,1,0.004175,0.000162
44899,1,0.004174,0.000151
44900,1,0.004172,0.000141
44901,1,0.004171,0.000131
44902,1,0.004170,0.000122
44903,1,0.004169,0.000114
44904,1,0.004167,0.000106
44905,1,0.004166,0.000099
44906,1,0.004165,0.000092
44907,1,0.004163,0.000087
44908,1,0.004162,0.000082
44909,1,0.004161,0.000077
44910,1,0.004160,0.000073
44911,1,0.004158,0.000069
44912,1,0.004157,0.000066
44913,1,0.004156,0.000064
44914,1,0.004155,0.000061
44915,1,0.004153,0.000059
44916,1,0.004152,0.000057
44917,1,0.004151,0.000056
44918,1,0.004149,0.000054
44919,1,0.004148,0.000053
44920,1,0.004147,0.000051
44921,1,0.004146,0.000049
44922,1,0.004144,0.000048
44923,1,0.004143,0.000046
44924,1,0.004142,0.000044
44925,1,0.004141,0.000042
44926,1,0.004139,0.000039
44927,1,0.004138,0.000037
44928,1,0.004137,0.000035
44929,1,0.004136,0.000033
44930,1,0.004134,0.000031
44931,1,0.004133,0.000029
44932,1,0.004132,0.000027
44933,1,0.004131,0.000025
44934,1,0.004129,0.000023
44935,1,0.004128,0.000021
44936,1,0.004127,0.000020
44937,1,0.004125,0.000019
44938,1,0.004124,0.000017
44939,1,0.004123,0.000016
44940,1,0.004122,0.000015
44941,1,0.004120,0.000014
44942,1,0.004119,0.000014
44943,1,0.004118,0.000013
44944,1,0.004117,0.000012
44945,1,0.004115,0.000012
44946,1,0.004114,0.000012
44947,1,0.004113,0.000011
44948,1,0.004112,0.000011
44949,1,0.004110,0.000010
44950,1,0.004109,0.000010
44951,1,0.004108,0.000010
44952,1,0.004107,0.000010
44953,1,0.004105,0.000009
44954,1,0.004104,0.000009
44955,1,0.004103,0.000009
44956,1,0.004102,0.000008
44957,1,0.004100,0.000008
44958,1,0.004099,0.000007
44959,1,0.004098,0.000007
44960,1,0.004097,0.000006
44961,1,0.004095,0.000006
44962,1,0.004094,0.000006
44963,1,0.004093,0.000005
44964,1,0.004092,0.000005
44965,1,0.004091,0.000005
44966,1,0.004089,0.000004
44967,1,0.004088,0.000004
44968,1,0.004087,0.000004
44969,1,0.004086,0.000003
44970,1,0.004084,0.000003
44971,1,0.004083,0.000003
44972,1,0.004082,0.000003
44973,1,0.004081,0.000003
44974,1,0.004079,0.000003
44975,1,0.004078,0.000002
44976,1,0.004077,0.000002
44977,1,0.004076,0.000002
44978,1,0.004074,0.000002
44979,1,0.004073,0.000002
44980,1,0.004072,0.000002
44981,1,0.004071,0.000002
44982,1,0.004069,0.000002
44983,1,0.004068,0.000002
44984,1,0.004067,0.000002
44985,1,0.004066,0.000002
44986,1,0.004065,0.000002
44987,1,0.004063,0.000002
44988,1,0.004062,0.000002
44989,1,0.004061,0.000001
44990,1,0.004060,0.000001
44991,1,0.004058,0.000001
44992,1,0.004057,0.000001
44993,1,0.004056,0.000001
44994,1,0.004055,0.000001
44995,1,0.004053,0.000001
44996,1,0.004052,0.000001
44997,1,0.004051,0.000001
44998,1,0.004050,0.000001
44999,1,0.004049,0.000001
45000,0,0.004047,0.000001
45001,0,0.004134,0.000000
45002,0,0.004274,0.000000
45003,0,0.004454,0.000000
45004,0,0.004669,0.000000
45005,0,0.004915,0.000000
45006,0,0.005190,0.000000
45007,0,0.005494,0.000000
45008,0,0.005826,0.000000
45009,0,0.006185,0.000000
45010,0,0.006572,0.000000
45011,0,0.006987,0.000000
45012,0,0.007429,0.000000
45013,0,0.007899,0.000000
45014,0,0.008397,0.000000
45015,0,0.008922,0.000000
45016,0,0.009474,0.000000
45017,0,0.010054,0.000000
45018,0,0.010659,0.000000
45019,0,0.011290,0.000000
45020,0,0.011945,0.000000
45021,0,0.012623,0.000000
45022,0,0.013322,0.000000
45023,0,0.014040,0.000000
45024,0,0.014775,0.000000
45025,0,0.015524,0.000187
45026,0,0.016285,0.001100
45027,0,0.017055,0.002535
45028,0,0.017829,0.004332
45029,0,0.018606,0.006362
45030,0,0.019381,0.008523
45031,0,0.020150,0.010737
45032,0,0.020910,0.012941
45033,0,0.021658,0.015088
45034,0,0.022390,0.017143
45035,0,0.023101,0.019078
45036,0,0.023791,0.020875
45037,0,0.024454,0.022522
45038,0,0.025090,0.024011
45039,0,0.025695,0.025339
45040,0,0.026268,0.026505
45041,0,0.026807,0.027510
45042,0,0.027312,0.028360
45043,0,0.027781,0.029058
45044,0,0.028215,0.029612
45045,0,0.028613,0.030029
45046,0,0.028977,0.030315
45047,0,0.029305,0.030480
45048,0,0.029601,0.030532
45049,0,0.029864,0.030478
45050,0,0.030096,0.030328
45051,0,0.030299,0.030089
45052,0,0.030474,0.029769
45053,0,0.030623,0.029376
45054,0,0.030747,0.028917
45055,0,0.030848,0.028400
45056,0,0.030928,0.027831
45057,0,0.030988,0.027216
45058,0,0.031030,0.026562
45059,0,0.031056,0.025874
45060,0,0.031067,0.025159
45061,0,0.031064,0.024420
45062,0,0.031049,0.023662
45063,0,0.031022,0.022891
45064,0,0.030986,0.022097
45065,0,0.030941,0.021275
45066,0,0.030888,0.020423
45067,0,0.030828,0.019544
45068,0,0.030762,0.018643
45069,0,0.030690,0.017729
45070,0,0.030613,0.016807
45071,0,0.030532,0.015887
45072,0,0.030448,0.014976
45073,0,0.030360,0.014079
45074,0,0.030270,0.013203
45075,0,0.030177,0.012353
45076,0,0.030082,0.011533
45077,0,0.029986,0.010746
45078,0,0.029889,0.009995
45079,0,0.029790,0.009281
45080,0,0.029690,0.008606
45081,0,0.029590,0.007970
45082,0,0.029489,0.007373
45083,0,0.029388,0.006815
45084,0,0.029287,0.006294
45085,0,0.029185,0.005811
45086,0,0.029084,0.005363
45087,0,0.028983,0.004949
45088,0,0.028882,0.004568
45089,0,0.028781,0.004217
45090,0,0.028680,0.003896
45091,0,0.028580,0.003602
45092,0,0.028481,0.003334
45093,0,0.028382,0.003090
45094,0,0.028283,0.002867
45095,0,0.028185,0.002666
45096,0,0.028088,0.002483
45097,0,0.027991,0.002317
45098,0,0.027894,0.002167
45099,0,0.027799,0.002032
45100,0,0.027704,0.001910
45101,0,0.027610,0.001799
45102,0,0.027516,0.001700
45103,0,0.027423,0.001610
45104,0,0.027331,0.001529
45105,0,0.027240,0.001455
45106,0,0.027149,0.001389
45107,0,0.027059,0.001328
45108,0,0.026970,0.001273
45109,0,0.026881,0.001223
45110,0,0.026793,0.001177
45111,0,0.026706,0.001135
45112,0,0.026620,0.001096
45113,0,0.026534,0.001060
45114,0,0.026449,0.001027
45115,0,0.026365,0.000995
45116,0,0.026281,0.000965
45117,0,0.026199,0.000937
45118,0,0.026116,0.000910
45119,0,0.026035,0.000885
45120,0,0.025954,0.000860
45121,0,0.025874,0.000836
45122,0,0.025795,0.000813
45123,0,0.025716,0.000790
45124,0,0.025638,0.000768
45125,0,0.025561,0.000746
45126,0,0.025484,0.000725
45127,0,0.025408,0.000704
45128,0,0.025332,0.000683
45129,0,0.025258,0.000662
45130,0,0.025183,0.000642
45131,0,0.025110,0.000622
45132,0,0.025037,0.000602
45133,0,0.024964,0.000582
45134,0,0.024893,0.000563
45135,0,0.024822,0.000544
45136,0,0.024751,0.000525
45137,0,0.024681,0.000506
45138,0,0.024611,0.000487
45139,0,0.024543,0.000469
45140,0,0.024474,0.000451
45141,0,0.024406,0.000433
45142,0,0.024339,0.000416
45143,0,0.024273,0.000398
45144,0,0.024206,0.000381
45145,0,0.024141,0.000363
45146,0,0.024076,0.000346
45147,0,0.024011,0.000328
45148,0,0.023947,0.000311
45149,0,0.023883,0.000293
45150,0,0.023820,0.000276
45151,0,0.023757,0.000259
45152,0,0.023695,0.000243
45153,0,0.023633,0.000227
45154,0,0.023572,0.000212
45155,0,0.023511,0.000198
45156,0,0.023451,0.000184
45157,0,0.023391,0.000171
45158,0,0.023332,0.000158
45159,0,0.023273,0.000146
45160,0,0.023214,0.000135
45161,0,0.023156,0.000125
45162,0,0.023098,0.000115
45163,0,0.023041,0.000106
45164,0,0.022984,0.000098
45165,0,0.022927,0.000091
45166,0,0.022871,0.000083
45167,0,0.022815,0.000077
45168,0,0.022760,0.000071
45169,0,0.022705,0.000066
45170,0,0.022651,0.000061
45171,0,0.022596,0.000056
45172,0,0.022543,0.000052
45173,0,0.022489,0.000048
45174,0,0.022436,0.000045
45175,0,0.022383,0.000042
45176,0,0.022331,0.000039
45177,0,0.022279,0.000036
45178,0,0.022227,0.000034
45179,0,0.022176,0.000032
45180,0,0.022125,0.000030
45181,0,0.022074,0.000029
45182,0,0.022024,0.000027
45183,0,0.021974,0.000026
45184,0,0.021924,0.000024
45185,0,0.021875,0.000023
45186,0,0.021826,0.000022
45187,0,0.021777,0.000021
45188,0,0.021729,0.000021
45189,0,0.021681,0.000020
45190,0,0.021633,0.000019
45191,0,0.021585,0.000018
45192,0,0.021538,0.000018
45193,0,0.021491,0.000017
45194,0,0.021445,0.000017
45195,0,0.021398,0.000016
45196,0,0.021352,0.000016
45197,0,0.021307,0.000015
45198,0,0.021261,0.000015
45199,0,0.021216,0.000014
45200,0,0.021171,0.000014
45201,0,0.021126,0.000014
45202,0,0.021082,0.000013
45203,0,0.021038,0.000013
45204,0,0.020994,0.000012
45205,0,0.020950,0.000012
45206,0,0.020907,0.000012
45207,0,0.020864,0.000011
45208,0,0.020821,0.000011
45209,0,0.020778,0.000011
45210,0,0.020736,0.000010
45211,0,0.020694,0.000010
45212,0,0.020652,0.000010
45213,0,0.020610,0.000009
45214,0,0.020569,0.000009
45215,0,0.020528,0.000009
45216,0,0.020487,0.000008
45217,0,0.020446,0.000008
45218,0,0.020406,0.000008
45219,0,0.020365,0.000007
45220,0,0.020325,0.000007
45221,0,0.020286,0.000007
45222,0,0.020246,0.000006
45223,0,0.020207,0.000006
45224,0,0.020168,0.000006
45225,0,0.020129,0.000005
45226,0,0.020090,0.000005
45227,0,0.020051,0.000005
45228,0,0.020013,0.000004
45229,0,0.019975,0.000004
45230,0,0.019937,0.000004
45231,0,0.019899,0.000004
45232,0,0.019862,0.000003
45233,0,0.019824,0.000003
45234,0,0.019787,0.000003
45235,0,0.019750,0.000003
45236,0,0.019714,0.000002
45237,0,0.019677,0.000002
45238,0,0.019641,0.000002
45239,0,0.019605,0.000002
45240,0,0.019569,0.000002
45241,0,0.019533,0.000002
45242,0,0.019497,0.000001
45243,0,0.019462,0.000001
45244,0,0.019427,0.000001
45245,0,0.019392,0.000001
45246,0,0.019357,0.000001
45247,0,0.019322,0.000001
45248,0,0.019287,0.000001
45249,0,0.019253,0.000001
45250,0,0.019219,0.000001
45251,0,0.019185,0.000001
45252,0,0.019151,0.000001
45253,0,0.019117,0.000001
45254,0,0.019084,0.000001
45255,0,0.019050,0.000001
45256,0,0.019017,0.000001
45257,0,0.018984,0.000001
45258,0,0.018951,0.000001
45259,0,0.018918,0.000000
45260,0,0.018886,0.000000
45261,0,0.018853,0.000000
45262,0,0.018821,0.000000
45263,0,0.018789,0.000000
45264,0,0.018757,0.000000
45265,0,0.018725,0.000000
45266,0,0.018694,0.000000
45267,0,0.018662,0.000000
45268,0,0.018631,0.000000
45269,0,0.018600,0.000000
45270,0,0.018568,0.000000
45271,0,0.018538,0.000000
45272,0,0.018507,0.000000
45273,0,0.018476,0.000000
45274,0,0.018446,0.000000
45275,0,0.018415,0.000000
45276,0,0.018385,0.000000
45277,0,0.018355,0.000000
45278,0,0.018325,0.000000
45279,0,0.018295,0.000000
45280,0,0.018265,0.000000
45281,0,0.018236,0.000000
45282,0,0.018206,0.000000
45283,0,0.018177,0.000000
45284,0,0.018148,0.000000
45285,0,0.018119,0.000000
45286,0,0.018090,0.000000
45287,0,0.018061,0.000000
45288,0,0.018032,0.000000
45289,0,0.018004,0.000000
45290,0,0.017975,0.000000
45291,0,0.017947,0.000000
45292,0,0.017919,0.000000
45293,0,0.017891,0.000000
45294,0,0.017863,0.000000
45295,0,0.017835,0.000000
45296,0,0.017807,0.000000
45297,0,0.017780,0.000000
45298,0,0.017752,0.000000
45299,0,0.017725,0.000000
45300,0,0.017698,0.000000
45301,0,0.017671,0.000000
45302,0,0.017644,0.000000
45303,0,0.017617,0.000000
45304,0,0.017590,0.000000
45305,0,0.017563,0.000000
45306,0,0.017537,0.000000
45307,0,0.017510,0.000000
45308,0,0.017484,0.000000
45309,0,0.017458,0.000000
45310,0,0.017432,0.000000
45311,0,0.017406,0.000000
45312,0,0.017380,0.000000
45313,0,0.017354,0.000000
45314,0,0.017328,0.000000
45315,0,0.017302,0.000000
45316,0,0.017277,0.000000
45317,0,0.017252,0.000000
45318,0,0.017226,0.000000
45319,0,0.017201,0.000000
45320,0,0.017176,0.000000
45321,0,0.017151,0.000000
45322,0,0.017126,0.000000
45323,0,0.017101,0.000000
45324,0,0.017077,0.000000
45325,0,0.017052,0.000000
45326,0,0.017027,0.000000
45327,0,0.017003,0.000000
45328,0,0.016979,0.000000
45329,0,0.016954,0.000000
45330,0,0.016930,0.000000
45331,0,0.016906,0.000000
45332,0,0.016882,0.000000
45333,0,0.016858,0.000000
45334,0,0.016835,0.000000
45335,0,0.016811,0.000000
45336,0,0.016787,0.000000
45337,0,0.016764,0.000000
45338,0,0.016740,0.000000
45339,0,0.016717,0.000000
45340,0,0.016694,0.000000
45341,0,0.016671,0.000000
45342,0,0.016648,0.000000
45343,0,0.016625,0.000000
45344,0,0.016602,0.000000
45345,0,0.016579,0.000000
45346,0,0.016556,0.000000
45347,0,0.016534,0.000000
45348,0,0.016511,0.000000
45349,0,0.016488,0.000000
45350,0,0.016466,0.000000
45351,0,0.016444,0.000000
45352,0,0.016422,0.000000
45353,0,0.016399,0.000000
45354,0,0.016377,0.000000
45355,0,0.016355,0.000000
45356,0,0.016333,0.000000
45357,0,0.016312,0.000000
45358,0,0.016290,0.000000
45359,0,0.016268,0.000000
45360,0,0.016246,0.000000
45361,0,0.016225,0.000000
45362,0,0.016204,0.000000
45363,0,0.016182,0.000000
45364,0,0.016161,0.000000
45365,0,0.016140,0.000000
45366,0,0.016118,0.000000
45367,0,0.016097,0.000000
45368,0,0.016076,0.000000
45369,0,0.016055,0.000000
45370,0,0.016035,0.000000
45371,0,0.016014,0.000000
45372,0,0.015993,0.000000
45373,0,0.015972,0.000000
45374,0,0.015952,0.000000
45375,0,0.015931,0.000000
45376,0,0.015911,0.000000
45377,0,0.015890,0.000000
45378,0,0.015870,0.000000
45379,0,0.015850,0.000000
45380,0,0.015830,0.000000
45381,0,0.015810,0.000000
45382,0,0.015790,0.000000
45383,0,0.015770,0.000000
45384,0,0.015750,0.000000
45385,0,0.015730,0.000000
45386,0,0.015710,0.000000
45387,0,0.015691,0.000000
45388,0,0.015671,0.000000
45389,0,0.015651,0.000000
45390,0,0.015632,0.000000
45391,0,0.015612,0.000000
45392,0,0.015593,0.000000
45393,0,0.015574,0.000000
45394,0,0.015554,0.000000
45395,0,0.015535,0.000000
45396,0,0.015516,0.000000
45397,0,0.015497,0.000000
45398,0,0.015478,0.000000
45399,0,0.015459,0.000000
45400,0,0.015440,0.000000
45401,0,0.015421,0.000000
45402,0,0.015403,0.000000
45403,0,0.015384,0.000000
45404,0,0.015365,0.000000
45405,0,0.015347,0.000000
45406,0,0.015328,0.000000
45407,0,0.015310,0.000000
45408,0,0.015291,0.000000
45409,0,0.015273,0.000000
45410,0,0.015255,0.000000
45411,0,0.015237,0.000000
45412,0,0.015218,0.000000
45413,0,0.015200,0.000000
45414,0,0.015182,0.000000
45415,0,0.015164,0.000000
45416,0,0.015146,0.000000
45417,0,0.015128,0.000000
45418,0,0.015111,0.000000
45419,0,0.015093,0.000000
45420,0,0.015075,0.000000
45421,0,0.015057,0.000000
45422,0,0.015040,0.000000
45423,0,0.015022,0.000000
45424,0,0.015005,0.000000
45425,0,0.014987,0.000000
45426,0,0.014970,0.000000
45427,0,0.014953,0.000000
45428,0,0.014935,0.000000
45429,0,0.014918,0.000000
45430,0,0.014901,0.000000
45431,0,0.014884,0.000000
45432,0,0.014867,0.000000
45433,0,0.014850,0.000000
45434,0,0.014833,0.000000
45435,0,0.014816,0.000000
45436,0,0.014799,0.000000
45437,0,0.014782,0.000000
45438,0,0.014765,0.000000
45439,0,0.014748,0.000000
45440,0,0.014732,0.000000
45441,0,0.014715,0.000000
45442,0,0.014698,0.000000
45443,0,0.014682,0.000000
45444,0,0.014665,0.000000
45445,0,0.014649,0.000000
45446,0,0.014633,0.000000
45447,0,0.014616,0.000000
45448,0,0.014600,0.000000
45449,0,0.014584,0.000000
45450,0,0.014567,0.000000
45451,0,0.014551,0.000000
45452,0,0.014535,0.000000
45453,0,0.014519,0.000000
45454,0,0.014503,0.000000
45455,0,0.014487,0.000000
45456,0,0.014471,0.000000
45457,0,0.014455,0.000000
45458,0,0.014439,0.000000
45459,0,0.014424,0.000000
45460,0,0.014408,0.000000
45461,0,0.014392,0.000000
45462,0,0.014376,0.000000
45463,0,0.014361,0.000000
45464,0,0.014345,0.000000
45465,0,0.014330,0.000000
45466,0,0.014314,0.000000
45467,0,0.014299,0.000000
45468,0,0.014283,0.000000
45469,0,0.014268,0.000000
45470,0,0.014253,0.000000
45471,0,0.014237,0.000000
45472,0,0.014222,0.000000
45473,0,0.014207,0.000000
45474,0,0.014192,0.000000
45475,0,0.014177,0.000000
45476,0,0.014162,0.000000
45477,0,0.014147,0.000000
45478,0,0.014132,0.000000
45479,0,0.014117,0.000000
45480,0,0.014102,0.000000
45481,0,0.014087,0.000000
45482,0,0.014072,0.000000
45483,0,0.014057,0.000000
45484,0,0.014042,0.000000
45485,0,0.014028,0.000000
45486,0,0.014013,0.000000
45487,0,0.013998,0.000000
45488,0,0.013984,0.000000
45489,0,0.013969,0.000000
45490,0,0.013955,0.000000
45491,0,0.013940,0.000000
45492,0,0.013926,0.000000
45493,0,0.013911,0.000000
45494,0,0.013897,0.000000
45495,0,0.013883,0.000000
45496,0,0.013869,0.000000
45497,0,0.013854,0.000000
45498,0,0.013840,0.000000
45499,0,0.013826,0.000000
45500,0,0.013812,0.000000
45501,0,0.013798,0.000000
45502,0,0.013784,0.000000
45503,0,0.013770,0.000000
45504,0,0.013756,0.000000
45505,0,0.013742,0.000000
45506,0,0.013728,0.000000
45507,0,0.013714,0.000000
45508,0,0.013700,0.000000
45509,0,0.013686,0.000000
45510,0,0.013672,0.000000
45511,0,0.013659,0.000000
45512,0,0.013645,0.000000
45513,0,0.013631,0.000000
45514,0,0.013618,0.000000
45515,0,0.013604,0.000000
45516,0,0.013590,0.000000
45517,0,0.013577,0.000000
45518,0,0.013563,0.000000
45519,0,0.013550,0.000000
45520,0,0.013537,0.000000
45521,0,0.013523,0.000000
45522,0,0.013510,0.000000
45523,0,0.013496,0.000000
45524,0,0.013483,0.000000
45525,0,0.013470,0.000000
45526,0,0.013457,0.000000
45527,0,0.013443,0.000000
45528,0,0.013430,0.000000
45529,0,0.013417,0.000000
45530,0,0.013404,0.000000
45531,0,0.013391,0.000000
45532,0,0.013378,0.000000
45533,0,0.013365,0.000000
45534,0,0.013352,0.000000
45535,0,0.013339,0.000000
45536,0,0.013326,0.000000
45537,0,0.013313,0.000000
45538,0,0.013300,0.000000
45539,0,0.013288,0.000000
45540,0,0.013275,0.000000
45541,0,0.013262,0.000000
45542,0,0.013249,0.000000
45543,0,0.013237,0.000000
45544,0,0.013224,0.000000
45545,0,0.013211,0.000000
45546,0,0.013199,0.000000
45547,0,0.013186,0.000000
45548,0,0.013174,0.000000
45549,0,0.013161,0.000000
45550,0,0.013149,0.000000
45551,0,0.013136,0.000000
45552,0,0.013124,0.000000
45553,0,0.013111,0.000000
45554,0,0.013099,0.000000
45555,0,0.013087,0.000000
45556,0,0.013074,0.000000
45557,0,0.013062,0.000000
45558,0,0.013050,0.000000
45559,0,0.013038,0.000000
45560,0,0.013025,0.000000
45561,0,0.013013,0.000000
45562,0,0.013001,0.000000
45563,0,0.012989,0.000000
45564,0,0.012977,0.000000
45565,0,0.012965,0.000000
45566,0,0.012953,0.000000
45567,0,0.012941,0.000000
45568,0,0.012929,0.000000
45569,0,0.012917,0.000000
45570,0,0.012905,0.000000
45571,0,0.012893,0.000000
45572,0,0.012881,0.000000
45573,0,0.012870,0.000000
45574,0,0.012858,0.000000
45575,0,0.012846,0.000000
45576,0,0.012834,0.000000
45577,0,0.012822,0.000000
45578,0,0.012811,0.000000
45579,0,0.012799,0.000000
45580,0,0.012787,0.000000
45581,0,0.012776,0.000000
45582,0,0.012764,0.000000
45583,0,0.012753,0.000000
45584,0,0.012741,0.000000
45585,0,0.012730,0.000000
45586,0,0.012718,0.000000
45587,0,0.012707,0.000000
45588,0,0.012695,0.000000
45589,0,0.012684,0.000000
45590,0,0.012672,0.000000
45591,0,0.012661,0.000000
45592,0,0.012650,0.000000
45593,0,0.012638,0.000000
45594,0,0.012627,0.000000
45595,0,0.012616,0.000000
45596,0,0.012605,0.000000
45597,0,0.012593,0.000000
45598,0,0.012582,0.000000
45599,0,0.012571,0.000000
45600,0,0.012560,0.000000
45601,0,0.012549,0.000000
45602,0,0.012538,0.000000
45603,0,0.012527,0.000000
45604,0,0.012516,0.000000
45605,0,0.012505,0.000000
45606,0,0.012494,0.000000
45607,0,0.012483,0.000000
45608,0,0.012472,0.000000
45609,0,0.012461,0.000000
45610,0,0.012450,0.000000
45611,0,0.012439,0.000000
45612,0,0.012428,0.000000
45613,0,0.012417,0.000000
45614,0,0.012407,0.000000
45615,0,0.012396,0.000000
45616,0,0.012385,0.000000
45617,0,0.012374,0.000000
45618,0,0.012364,0.000000
45619,0,0.012353,0.000000
45620,0,0.012342,0.000000
45621,0,0.012332,0.000000
45622,0,0.012321,0.000000
45623,0,0.012310,0.000000
45624,0,0.012300,0.000000
45625,0,0.012289,0.000000
45626,0,0.012279,0.000000
45627,0,0.012268,0.000000
45628,0,0.012258,0.000000
45629,0,0.012247,0.000000
45630,0,0.012237,0.000000
45631,0,0.012226,0.000000
45632,0,0.012216,0.000000
45633,0,0.012206,0.000000
45634,0,0.012195,0.000000
45635,0,0.012185,0.000000
45636,0,0.012175,0.000000
45637,0,0.012164,0.000000
45638,0,0.012154,0.000000
45639,0,0.012144,0.000000
45640,0,0.012134,0.000000
45641,0,0.012123,0.000000
45642,0,0.012113,0.000000
45643,0,0.012103,0.000000
45644,0,0.012093,0.000000
45645,0,0.012083,0.000000
45646,0,0.012073,0.000000
45647,0,0.012063,0.000000
45648,0,0.012053,0.000000
45649,0,0.012042,0.000000
45650,0,0.012032,0.000000
45651,0,0.012022,0.000000
45652,0,0.012012,0.000000
45653,0,0.012002,0.000000
45654,0,0.011993,0.000000
45655,0,0.011983,0.000000
45656,0,0.011973,0.000000
45657,0,0.011963,0.000000
45658,0,0.011953,0.000000
45659,0,0.011943,0.000000
45660,0,0.011933,0.000000
45661,0,0.011923,0.000000
45662,0,0.011914,0.000000
45663,0,0.011904,0.000000
45664,0,0.011894,0.000000
45665,0,0.011884,0.000000
45666,0,0.011875,0.000000
45667,0,0.011865,0.000000
45668,0,0.011855,0.000000
45669,0,0.011846,0.000000
45670,0,0.011836,0.000000
45671,0,0.011827,0.000000
45672,0,0.011817,0.000000
45673,0,0.011807,0.000000
45674,0,0.011798,0.000000
45675,0,0.011788,0.000000
45676,0,0.011779,0.000000
45677,0,0.011769,0.000000
45678,0,0.011760,0.000000
45679,0,0.011750,0.000000
45680,0,0.011741,0.000000
45681,0,0.011731,0.000000
45682,0,0.011722,0.000000
45683,0,0.011713,0.000000
45684,0,0.011703,0.000000
45685,0,0.011694,0.000000
45686,0,0.011685,0.000000
45687,0,0.011675,0.000000
45688,0,0.011666,0.000000
45689,0,0.011657,0.000000
45690,0,0.011647,0.000000
45691,0,0.011638,0.000000
45692,0,0.011629,0.000000
45693,0,0.011620,0.000000
45694,0,0.011611,0.000000
45695,0,0.011601,0.000000
45696,0,0.011592,0.000000
45697,0,0.011583,0.000000
45698,0,0.011574,0.000000
45699,0,0.011565,0.000000
45700,0,0.011556,0.000000
45701,0,0.011547,0.000000
45702,0,0.011538,0.000000
45703,0,0.011529,0.000000
45704,0,0.011520,0.000000
45705,0,0.011511,0.000000
45706,0,0.011502,0.000000
45707,0,0.011493,0.000000
45708,0,0.011484,0.000000
45709,0,0.011475,0.000000
45710,0,0.011466,0.000000
45711,0,0.011457,0.000000
45712,0,0.011448,0.000000
45713,0,0.011439,0.000000
45714,0,0.011430,0.000000
45715,0,0.011421,0.000000
45716,0,0.011413,0.000000
45717,0,0.011404,0.000000
45718,0,0.011395,0.000000
45719,0,0.011386,0.000000
45720,0,0.011377,0.000000
45721,0,0.011369,0.000000
45722,0,0.011360,0.000000
45723,0,0.011351,0.000000
45724,0,0.011343,0.000000
45725,0,0.011334,0.000000
45726,0,0.011325,0.000000
45727,0,0.011317,0.000000
45728,0,0.011308,0.000000
45729,0,0.011299,0.000000
45730,0,0.011291,0.000000
45731,0,0.011282,0.000000
45732,0,0.011274,0.000000
45733,0,0.011265,0.000000
45734,0,0.011256,0.000000
45735,0,0.011248,0.000000
45736,0,0.011239,0.000000
45737,0,0.011231,0.000000
45738,0,0.011222,0.000000
45739,0,0.011214,0.000000
45740,0,0.011206,0.000000
45741,0,0.011197,0.000000
45742,0,0.011189,0.000000
45743,0,0.011180,0.000000
45744,0,0.011172,0.000000
45745,0,0.011164,0.000000
45746,0,0.011155,0.000000
45747,0,0.011147,0.000000
45748,0,0.011138,0.000000
45749,0,0.011130,0.000000
45750,0,0.011122,0.000000
45751,0,0.011114,0.000000
45752,0,0.011105,0.000000
45753,0,0.011097,0.000000
45754,0,0.011089,0.000000
45755,0,0.011081,0.000000
45756,0,0.011072,0.000000
45757,0,0.011064,0.000000
45758,0,0.011056,0.000000
45759,0,0.011048,0.000000
45760,0,0.011040,0.000000
45761,0,0.011032,0.000000
45762,0,0.011023,0.000000
45763,0,0.011015,0.000000
45764,0,0.011007,0.000000
45765,0,0.010999,0.000000
45766,0,0.010991,0.000000
45767,0,0.010983,0.000000
45768,0,0.010975,0.000000
45769,0,0.010967,0.000000
45770,0,0.010959,0.000000
45771,0,0.010951,0.000000
45772,0,0.010943,0.000000
45773,0,0.010935,0.000000
45774,0,0.010927,0.000000
45775,0,0.010919,0.000000
45776,0,0.010911,0.000000
45777,0,0.010903,0.000000
45778,0,0.010895,0.000000
45779,0,0.010887,0.000000
45780,0,0.010879,0.000000
45781,0,0.010872,0.000000
45782,0,0.010864,0.000000
45783,0,0.010856,0.000000
45784,0,0.010848,0.000000
45785,0,0.010840,0.000000
45786,0,0.010832,0.000000
45787,0,0.010825,0.000000
45788,0,0.010817,0.000000
45789,0,0.010809,0.000000
45790,0,0.010801,0.000000
45791,0,0.010794,0.000000
45792,0,0.010786,0.000000
45793,0,0.010778,0.000000
45794,0,0.010771,0.000000
45795,0,0.010763,0.000000
45796,0,0.010755,0.000000
45797,0,0.010747,0.000000
45798,0,0.010740,0.000000
45799,0,0.010732,0.000000
45800,0,0.010725,0.000000
45801,0,0.010717,0.000000
45802,0,0.010709,0.000000
45803,0,0.010702,0.000000
45804,0,0.010694,0.000000
45805,0,0.010687,0.000000
45806,0,0.010679,0.000000
45807,0,0.010672,0.000000
45808,0,0.010664,0.000000
45809,0,0.010657,0.000000
45810,0,0.010649,0.000000
45811,0,0.010642,0.000000
45812,0,0.010634,0.000000
45813,0,0.010627,0.000000
45814,0,0.010619,0.000000
45815,0,0.010612,0.000000
45816,0,0.010604,0.000000
45817,0,0.010597,0.000000
45818,0,0.010590,0.000000
45819,0,0.010582,0.000000
45820,0,0.010575,0.000000
45821,0,0.010567,0.000000
45822,0,0.010560,0.000000
45823,0,0.010553,0.000000
45824,0,0.010545,0.000000
45825,0,0.010538,0.000000
45826,0,0.010531,0.000000
45827,0,0.010523,0.000000
45828,0,0.010516,0.000000
45829,0,0.010509,0.000000
45830,0,0.010502,0.000000
45831,0,0.010494,0.000000
45832,0,0.010487,0.000000
45833,0,0.010480,0.000000
45834,0,0.010473,0.000000
45835,0,0.010466,0.000000
45836,0,0.010458,0.000000
45837,0,0.010451,0.000000
45838,0,0.010444,0.000000
45839,0,0.010437,0.000000
45840,0,0.010430,0.000000
45841,0,0.010423,0.000000
45842,0,0.010415,0.000000
45843,0,0.010408,0.000000
45844,0,0.010401,0.000000
45845,0,0.010394,0.000000
45846,0,0.010387,0.000000
45847,0,0.010380,0.000000
45848,0,0.010373,0.000000
45849,0,0.010366,0.000000
45850,0,0.010359,0.000000
45851,0,0.010352,0.000000
45852,0,0.010345,0.000000
45853,0,0.010338,0.000000
45854,0,0.010331,0.000000
45855,0,0.010324,0.000000
45856,0,0.010317,0.000000
45857,0,0.010310,0.000000
45858,0,0.010303,0.000000
45859,0,0.010296,0.000000
45860,0,0.010289,0.000000
45861,0,0.010282,0.000000
45862,0,0.010275,0.000000
45863,0,0.010268,0.000000
45864,0,0.010261,0.000000
45865,0,0.010255,0.000000
45866,0,0.010248,0.000000
45867,0,0.010241,0.000000
45868,0,0.010234,0.000000
45869,0,0.010227,0.000000
45870,0,0.010220,0.000000
45871,0,0.010214,0.000000
45872,0,0.010207,0.000000
45873,0,0.010200,0.000000
45874,0,0.010193,0.000000
45875,0,0.010186,0.000000
45876,0,0.010180,0.000000
45877,0,0.010173,0.000000
45878,0,0.010166,0.000000
45879,0,0.010159,0.000000
45880,0,0.010153,0.000000
45881,0,0.010146,0.000000
45882,0,0.010139,0.000000
45883,0,0.010133,0.000000
45884,0,0.010126,0.000000
45885,0,0.010119,0.000000
45886,0,0.010113,0.000000
45887,0,0.010106,0.000000
45888,0,0.010099,0.000000
45889,0,0.010093,0.000000
45890,0,0.010086,0.000000
45891,0,0.010080,0.000000
45892,0,0.010073,0.000000
45893,0,0.010066,0.000000
45894,0,0.010060,0.000000
45895,0,0.010053,0.000000
45896,0,0.010047,0.000000
45897,0,0.010040,0.000000
45898,0,0.010034,0.000000
45899,0,0.010027,0.000000
45900,0,0.010020,0.000000
45901,0,0.010014,0.000000
45902,0,0.010007,0.000000
45903,0,0.010001,0.000000
45904,0,0.009994,0.000000
45905,0,0.009988,0.000000
45906,0,0.009982,0.000000
45907,0,0.009975,0.000000
45908,0,0.009969,0.000000
45909,0,0.009962,0.000000
45910,0,0.009956,0.000000
45911,0,0.009949,0.000000
45912,0,0.009943,0.000000
45913,0,0.009937,0.000000
45914,0,0.009930,0.000000
45915,0,0.009924,0.000000
45916,0,0.009917,0.000000
45917,0,0.009911,0.000000
45918,0,0.009905,0.000000
45919,0,0.009898,0.000000
45920,0,0.009892,0.000000
45921,0,0.009886,0.000000
45922,0,0.009879,0.000000
45923,0,0.009873,0.000000
45924,0,0.009867,0.000000
45925,0,0.009860,0.000000
45926,0,0.009854,0.000000
45927,0,0.009848,0.000000
45928,0,0.009842,0.000000
45929,0,0.009835,0.000000
45930,0,0.009829,0.000000
45931,0,0.009823,0.000000
45932,0,0.009817,0.000000
45933,0,0.009810,0.000000
45934,0,0.009804,0.000000
45935,0,0.009798,0.000000
45936,0,0.009792,0.000000
45937,0,0.009786,0.000000
45938,0,0.009780,0.000000
45939,0,0.009773,0.000000
45940,0,0.009767,0.000000
45941,0,0.009761,0.000000
45942,0,0.009755,0.000000
45943,0,0.009749,0.000000
45944,0,0.009743,0.000000
45945,0,0.009737,0.000000
45946,0,0.009730,0.000000
45947,0,0.009724,0.000000
45948,0,0.009718,0.000000
45949,0,0.009712,0.000000
45950,0,0.009706,0.000000
45951,0,0.009700,0.000000
45952,0,0.009694,0.000000
45953,0,0.009688,0.000000
45954,0,0.009682,0.000000
45955,0,0.009676,0.000000
45956,0,0.009670,0.000000
45957,0,0.009664,0.000000
45958,0,0.009658,0.000000
45959,0,0.009652,0.000000
45960,0,0.009646,0.000000
45961,0,0.009640,0.000000
45962,0,0.009634,0.000000
45963,0,0.009628,0.000000
45964,0,0.009622,0.000000
45965,0,0.009616,0.000000
45966,0,0.009610,0.000000
45967,0,0.009604,0.000000
45968,0,0.009598,0.000000
45969,0,0.009592,0.000000
45970,0,0.009586,0.000000
45971,0,0.009581,0.000000
45972,0,0.009575,0.000000
45973,0,0.009569,0.000000
45974,0,0.009563,0.000000
45975,0,0.009557,0.000000
45976,0,0.009551,0.000000
45977,0,0.009545,0.000000
45978,0,0.009539,0.000000
45979,0,0.009534,0.000000
45980,0,0.009528,0.000000
45981,0,0.009522,0.000000
45982,0,0.009516,0.000000
45983,0,0.009510,0.000000
45984,0,0.009505,0.000000
45985,0,0.009499,0.000000
45986,0,0.009493,0.000000
45987,0,0.009487,0.000000
45988,0,0.009481,0.000000
45989,0,0.009476,0.000000
45990,0,0.009470,0.000000
45991,0,0.009464,0.000000
45992,0,0.009459,0.000000
45993,0,0.009453,0.000000
45994,0,0.009447,0.000000
45995,0,0.009441,0.000000
45996,0,0.009436,0.000000
45997,0,0.009430,0.000000
45998,0,0.009424,0.000000
45999,0,0.009419,0.000000
46000,0,0.009413,0.000000
46001,0,0.009407,0.000000
46002,0,0.009402,0.000000
46003,0,0.009396,0.000000
46004,0,0.009390,0.000000
46005,0,0.009385,0.000000
46006,0,0.009379,0.000000
46007,0,0.009373,0.000000
46008,0,0.009368,0.000000
46009,0,0.009362,0.000000
46010,0,0.009357,0.000000
46011,0,0.009351,0.000000
46012,0,0.009345,0.000000
46013,0,0.009340,0.000000
46014,0,0.009334,0.000000
46015,0,0.009329,0.000000
46016,0,0.009323,0.000000
46017,0,0.009318,0.000000
46018,0,0.009312,0.000000
46019,0,0.009307,0.000000
46020,0,0.009301,0.000000
46021,0,0.009296,0.000000
46022,0,0.009290,0.000000
46023,0,0.009284,0.000000
46024,0,0.009279,0.000000
46025,0,0.009274,0.000000
46026,0,0.009268,0.000000
46027,0,0.009263,0.000000
46028,0,0.009257,0.000000
46029,0,0.009252,0.000000
46030,0,0.009246,0.000000
46031,0,0.009241,0.000000
46032,0,0.009235,0.000000
46033,0,0.009230,0.000000
46034,0,0.009224,0.000000
46035,0,0.009219,0.000000
46036,0,0.009214,0.000000
46037,0,0.009208,0.000000
46038,0,0.009203,0.000000
46039,0,0.009197,0.000000
46040,0,0.009192,0.000000
46041,0,0.009187,0.000000
46042,0,0.009181,0.000000
46043,0,0.009176,0.000000
46044,0,0.009171,0.000000
46045,0,0.009165,0.000000
46046,0,0.009160,0.000000
46047,0,0.009154,0.000000
46048,0,0.009149,0.000000
46049,0,0.009144,0.000000
46050,0,0.009139,0.000000
46051,0,0.009133,0.000000
46052,0,0.009128,0.000000
46053,0,0.009123,0.000000
46054,0,0.009117,0.000000
46055,0,0.009112,0.000000
46056,0,0.009107,0.000000
46057,0,0.009101,0.000000
46058,0,0.009096,0.000000
46059,0,0.009091,0.000000
46060,0,0.009086,0.000000
46061,0,0.009080,0.000000
46062,0,0.009075,0.000000
46063,0,0.009070,0.000000
46064,0,0.009065,0.000000
46065,0,0.009060,0.000000
46066,0,0.009054,0.000000
46067,0,0.009049,0.000000
46068,0,0.009044,0.000000
46069,0,0.009039,0.000000
46070,0,0.009034,0.000000
46071,0,0.009028,0.000000
46072,0,0.009023,0.000000
46073,0,0.009018,0.000000
46074,0,0.009013,0.000000
46075,0,0.009008,0.000000
46076,0,0.009003,0.000000
46077,0,0.008997,0.000000
46078,0,0.008992,0.000000
46079,0,0.008987,0.000000
46080,0,0.008982,0.000000
46081,0,0.008977,0.000000
46082,0,0.008972,0.000000
46083,0,0.008967,0.000000
46084,0,0.008962,0.000000
46085,0,0.008957,0.000000
46086,0,0.008951,0.000000
46087,0,0.008946,0.000000
46088,0,0.008941,0.000000
46089,0,0.008936,0.000000
46090,0,0.008931,0.000000
46091,0,0.008926,0.000000
46092,0,0.008921,0.000000
46093,0,0.008916,0.000000
46094,0,0.008911,0.000000
46095,0,0.008906,0.000000
46096,0,0.008901,0.000000
46097,0,0.008896,0.000000
46098,0,0.008891,0.000000
46099,0,0.008886,0.000000
46100,0,0.008881,0.000000
46101,0,0.008876,0.000000
46102,0,0.008871,0.000000
46103,0,0.008866,0.000000
46104,0,0.008861,0.000000
46105,0,0.008856,0.000000
46106,0,0.008851,0.000000
46107,0,0.008846,0.000000
46108,0,0.008841,0.000000
46109,0,0.008836,0.000000
46110,0,0.008831,0.000000
46111,0,0.008826,0.000000
46112,0,0.008821,0.000000
46113,0,0.008816,0.000000
46114,0,0.008812,0.000000
46115,0,0.008807,0.000000
46116,0,0.008802,0.000000
46117,0,0.008797,0.000000
46118,0,0.008792,0.000000
46119,0,0.008787,0.000000
46120,0,0.008782,0.000000
46121,0,0.008777,0.000000
46122,0,0.008772,0.000000
46123,0,0.008768,0.000000
46124,0,0.008763,0.000000
46125,0,0.008758,0.000000
46126,0,0.008753,0.000000
46127,0,0.008748,0.000000
46128,0,0.008743,0.000000
46129,0,0.008738,0.000000
46130,0,0.008734,0.000000
46131,0,0.008729,0.000000
46132,0,0.008724,0.000000
46133,0,0.008719,0.000000
46134,0,0.008714,0.000000
46135,0,0.008710,0.000000
46136,0,0.008705,0.000000
46137,0,0.008700,0.000000
46138,0,0.008695,0.000000
46139,0,0.008690,0.000000
46140,0,0.008686,0.000000
46141,0,0.008681,0.000000
46142,0,0.008676,0.000000
46143,0,0.008671,0.000000
46144,0,0.008667,0.000000
46145,0,0.008662,0.000000
46146,0,0.008657,0.000000
46147,0,0.008652,0.000000
46148,0,0.008648,0.000000
46149,0,0.008643,0.000000
46150,0,0.008638,0.000000
46151,0,0.008634,0.000000
46152,0,0.008629,0.000000
46153,0,0.008624,0.000000
46154,0,0.008620,0.000000
46155,0,0.008615,0.000000
46156,0,0.008610,0.000000
46157,0,0.008605,0.000000
46158,0,0.008601,0.000000
46159,0,0.008596,0.000000
46160,0,0.008591,0.000000
46161,0,0.008587,0.000000
46162,0,0.008582,0.000000
46163,0,0.008578,0.000000
46164,0,0.008573,0.000000
46165,0,0.008568,0.000000
46166,0,0.008564,0.000000
46167,0,0.008559,0.000000
46168,0,0.008554,0.000000
46169,0,0.008550,0.000000
46170,0,0.008545,0.000000
46171,0,0.008541,0.000000
46172,0,0.008536,0.000000
46173,0,0.008531,0.000000
46174,0,0.008527,0.000000
46175,0,0.008522,0.000000
46176,0,0.008518,0.000000
46177,0,0.008513,0.000000
46178,0,0.008509,0.000000
46179,0,0.008504,0.000000
46180,0,0.008499,0.000000
46181,0,0.008495,0.000000
46182,0,0.008490,0.000000
46183,0,0.008486,0.000000
46184,0,0.008481,0.000000
46185,0,0.008477,0.000000
46186,0,0.008472,0.000000
46187,0,0.008468,0.000000
46188,0,0.008463,0.000000
46189,0,0.008459,0.000000
46190,0,0.008454,0.000000
46191,0,0.008450,0.000000
46192,0,0.008445,0.000000
46193,0,0.008441,0.000000
46194,0,0.008436,0.000000
46195,0,0.008432,0.000000
46196,0,0.008427,0.000000
46197,0,0.008423,0.000000
46198,0,0.008418,0.000000
46199,0,0.008414,0.000000
46200,0,0.008409,0.000000
46201,0,0.008405,0.000000
46202,0,0.008400,0.000000
46203,0,0.008396,0.000000
46204,0,0.008392,0.000000
46205,0,0.008387,0.000000
46206,0,0.008383,0.000000
46207,0,0.008378,0.000000
46208,0,0.008374,0.000000
46209,0,0.008369,0.000000
46210,0,0.008365,0.000000
46211,0,0.008361,0.000000
46212,0,0.008356,0.000000
46213,0,0.008352,0.000000
46214,0,0.008347,0.000000
46215,0,0.008343,0.000000
46216,0,0.008339,0.000000
46217,0,0.008334,0.000000
46218,0,0.008330,0.000000
46219,0,0.008326,0.000000
46220,0,0.008321,0.000000
46221,0,0.008317,0.000000
46222,0,0.008313,0.000000
46223,0,0.008308,0.000000
46224,0,0.008304,0.000000
46225,0,0.008300,0.000000
46226,0,0.008295,0.000000
46227,0,0.008291,0.000000
46228,0,0.008287,0.000000
46229,0,0.008282,0.000000
46230,0,0.008278,0.000000
46231,0,0.008274,0.000000
46232,0,0.008269,0.000000
46233,0,0.008265,0.000000
46234,0,0.008261,0.000000
46235,0,0.008256,0.000000
46236,0,0.008252,0.000000
46237,0,0.008248,0.000000
46238,0,0.008244,0.000000
46239,0,0.008239,0.000000
46240,0,0.008235,0.000000
46241,0,0.008231,0.000000
46242,0,0.008227,0.000000
46243,0,0.008222,0.000000
46244,0,0.008218,0.000000
46245,0,0.008214,0.000000
46246,0,0.008210,0.000000
46247,0,0.008205,0.000000
46248,0,0.008201,0.000000
46249,0,0.008197,0.000000
46250,0,0.008193,0.000000
46251,0,0.008188,0.000000
46252,0,0.008184,0.000000
46253,0,0.008180,0.000000
46254,0,0.008176,0.000000
46255,0,0.008172,0.000000
46256,0,0.008167,0.000000
46257,0,0.008163,0.000000
46258,0,0.008159,0.000000
46259,0,0.008155,0.000000
46260,0,0.008151,0.000000
46261,0,0.008147,0.000000
46262,0,0.008142,0.000000
46263,0,0.008138,0.000000
46264,0,0.008134,0.000000
46265,0,0.008130,0.000000
46266,0,0.008126,0.000000
46267,0,0.008122,0.000000
46268,0,0.008117,0.000000
46269,0,0.008113,0.000000
46270,0,0.008109,0.000000
46271,0,0.008105,0.000000
46272,0,0.008101,0.000000
46273,0,0.008097,0.000000
46274,0,0.008093,0.000000
46275,0,0.008089,0.000000
46276,0,0.008084,0.000000
46277,0,0.008080,0.000000
46278,0,0.008076,0.000000
46279,0,0.008072,0.000000
46280,0,0.008068,0.000000
46281,0,0.008064,0.000000
46282,0,0.008060,0.000000
46283,0,0.008056,0.000000
46284,0,0.008052,0.000000
46285,0,0.008048,0.000000
46286,0,0.008044,0.000000
46287,0,0.008040,0.000000
46288,0,0.008036,0.000000
46289,0,0.008031,0.000000
46290,0,0.008027,0.000000
46291,0,0.008023,0.000000
46292,0,0.008019,0.000000
46293,0,0.008015,0.000000
46294,0,0.008011,0.000000
46295,0,0.008007,0.000000
46296,0,0.008003,0.000000
46297,0,0.007999,0.000000
46298,0,0.007995,0.000000
46299,0,0.007991,0.000000
46300,0,0.007987,0.000000
46301,0,0.007983,0.000000
46302,0,0.007979,0.000000
46303,0,0.007975,0.000000
46304,0,0.007971,0.000000
46305,0,0.007967,0.000000
46306,0,0.007963,0.000000
46307,0,0.007959,0.000000
46308,0,0.007955,0.000000
46309,0,0.007951,0.000000
46310,0,0.007947,0.000000
46311,0,0.007943,0.000000
46312,0,0.007939,0.000000
46313,0,0.007935,0.000000
46314,0,0.007932,0.000000
46315,0,0.007928,0.000000
46316,0,0.007924,0.000000
46317,0,0.007920,0.000000
46318,0,0.007916,0.000000
46319,0,0.007912,0.000000
46320,0,0.007908,0.000000
46321,0,0.007904,0.000000
46322,0,0.007900,0.000000
46323,0,0.007896,0.000000
46324,0,0.007892,0.000000
46325,0,0.007888,0.000000
46326,0,0.007884,0.000000
46327,0,0.007881,0.000000
46328,0,0.007877,0.000000
46329,0,0.007873,0.000000
46330,0,0.007869,0.000000
46331,0,0.007865,0.000000
46332,0,0.007861,0.000000
46333,0,0.007857,0.000000
46334,0,0.007853,0.000000
46335,0,0.007849,0.000000
46336,0,0.007846,0.000000
46337,0,0.007842,0.000000
46338,0,0.007838,0.000000
46339,0,0.007834,0.000000
46340,0,0.007830,0.000000
46341,0,0.007826,0.000000
46342,0,0.007822,0.000000
46343,0,0.007819,0.000000
46344,0,0.007815,0.000000
46345,0,0.007811,0.000000
46346,0,0.007807,0.000000
46347,0,0.007803,0.000000
46348,0,0.007800,0.000000
46349,0,0.007796,0.000000
46350,0,0.007792,0.000000
46351,0,0.007788,0.000000
46352,0,0.007784,0.000000
46353,0,0.007780,0.000000
46354,0,0.007777,0.000000
46355,0,0.007773,0.000000
46356,0,0.007769,0.000000
46357,0,0.007765,0.000000
46358,0,0.007762,0.000000
46359,0,0.007758,0.000000
46360,0,0.007754,0.000000
46361,0,0.007750,0.000000
46362,0,0.007746,0.000000
46363,0,0.007743,0.000000
46364,0,0.007739,0.000000
46365,0,0.007735,0.000000
46366,0,0.007731,0.000000
46367,0,0.007728,0.000000
46368,0,0.007724,0.000000
46369,0,0.007720,0.000000
46370,0,0.007716,0.000000
46371,0,0.007713,0.000000
46372,0,0.007709,0.000000
46373,0,0.007705,0.000000
46374,0,0.007702,0.000000
46375,0,0.007698,0.000000
46376,0,0.007694,0.000000
46377,0,0.007690,0.000000
46378,0,0.007687,0.000000
46379,0,0.007683,0.000000
46380,0,0.007679,0.000000
46381,0,0.007676,0.000000
46382,0,0.007672,0.000000
46383,0,0.007668,0.000000
46384,0,0.007665,0.000000
46385,0,0.007661,0.000000
46386,0,0.007657,0.000000
46387,0,0.007653,0.000000
46388,0,0.007650,0.000000
46389,0,0.007646,0.000000
46390,0,0.007642,0.000000
46391,0,0.007639,0.000000
46392,0,0.007635,0.000000
46393,0,0.007631,0.000000
46394,0,0.007628,0.000000
46395,0,0.007624,0.000000
46396,0,0.007621,0.000000
46397,0,0.007617,0.000000
46398,0,0.007613,0.000000
46399,0,0.007610,0.000000
46400,0,0.007606,0.000000
46401,0,0.007602,0.000000
46402,0,0.007599,0.000000
46403,0,0.007595,0.000000
46404,0,0.007591,0.000000
46405,0,0.007588,0.000000
46406,0,0.007584,0.000000
46407,0,0.007581,0.000000
46408,0,0.007577,0.000000
46409,0,0.007573,0.000000
46410,0,0.007570,0.000000
46411,0,0.007566,0.000000
46412,0,0.007563,0.000000
46413,0,0.007559,0.000000
46414,0,0.007555,0.000000
46415,0,0.007552,0.000000
46416,0,0.007548,0.000000
46417,0,0.007545,0.000000
46418,0,0.007541,0.000000
46419,0,0.007538,0.000000
46420,0,0.007534,0.000000
46421,0,0.007530,0.000000
46422,0,0.007527,0.000000
46423,0,0.007523,0.000000
46424,0,0.007520,0.000000
46425,0,0.007516,0.000000
46426,0,0.007513,0.000000
46427,0,0.007509,0.000000
46428,0,0.007506,0.000000
46429,0,0.007502,0.000000
46430,0,0.007499,0.000000
46431,0,0.007495,0.000000
46432,0,0.007492,0.000000
46433,0,0.007488,0.000000
46434,0,0.007484,0.000000
46435,0,0.007481,0.000000
46436,0,0.007477,0.000000
46437,0,0.007474,0.000000
46438,0,0.007470,0.000000
46439,0,0.007467,0.000000
46440,0,0.007463,0.000000
46441,0,0.007460,0.000000
46442,0,0.007456,0.000000
46443,0,0.007453,0.000000
46444,0,0.007449,0.000000
46445,0,0.007446,0.000000
46446,0,0.007443,0.000000
46447,0,0.007439,0.000000
46448,0,0.007436,0.000000
46449,0,0.007432,0.000000
46450,0,0.007429,0.000000
46451,0,0.007425,0.000000
46452,0,0.007422,0.000000
46453,0,0.007418,0.000000
46454,0,0.007415,0.000000
46455,0,0.007411,0.000000
46456,0,0.007408,0.000000
46457,0,0.007404,0.000000
46458,0,0.007401,0.000000
46459,0,0.007398,0.000000
46460,0,0.007394,0.000000
46461,0,0.007391,0.000000
46462,0,0.007387,0.000000
46463,0,0.007384,0.000000
46464,0,0.007380,0.000000
46465,0,0.007377,0.000000
46466,0,0.007374,0.000000
46467,0,0.007370,0.000000
46468,0,0.007367,0.000000
46469,0,0.007363,0.000000
46470,0,0.007360,0.000000
46471,0,0.007357,0.000000
46472,0,0.007353,0.000000
46473,0,0.007350,0.000000
46474,0,0.007346,0.000000
46475,0,0.007343,0.000000
46476,0,0.007340,0.000000
46477,0,0.007336,0.000000
46478,0,0.007333,0.000000
46479,0,0.007329,0.000000
46480,0,0.007326,0.000000
46481,0,0.007323,0.000000
46482,0,0.007319,0.000000
46483,0,0.007316,0.000000
46484,0,0.007313,0.000000
46485,0,0.007309,0.000000
46486,0,0.007306,0.000000
46487,0,0.007303,0.000000
46488,0,0.007299,0.000000
46489,0,0.007296,0.000000
46490,0,0.007293,0.000000
46491,0,0.007289,0.000000
46492,0,0.007286,0.000000
46493,0,0.007282,0.000000
46494,0,0.007279,0.000000
46495,0,0.007276,0.000000
46496,0,0.007272,0.000000
46497,0,0.007269,0.000000
46498,0,0.007266,0.000000
46499,0,0.007263,0.000000
46500,0,0.007259,0.000000
46501,0,0.007256,0.000000
46502,0,0.007253,0.000000
46503,0,0.007249,0.000000
46504,0,0.007246,0.000000
46505,0,0.007243,0.000000
46506,0,0.007239,0.000000
46507,0,0.007236,0.000000
46508,0,0.007233,0.000000
46509,0,0.007230,0.000000
46510,0,0.007226,0.000000
46511,0,0.007223,0.000000
46512,0,0.007220,0.000000
46513,0,0.007216,0.000000
46514,0,0.007213,0.000000
46515,0,0.007210,0.000000
46516,0,0.007207,0.000000
46517,0,0.007203,0.000000
46518,0,0.007200,0.000000
46519,0,0.007197,0.000000
46520,0,0.007194,0.000000
46521,0,0.007190,0.000000
46522,0,0.007187,0.000000
46523,0,0.007184,0.000000
46524,0,0.007181,0.000000
46525,0,0.007177,0.000000
46526,0,0.007174,0.000000
46527,0,0.007171,0.000000
46528,0,0.007168,0.000000
46529,0,0.007164,0.000000
46530,0,0.007161,0.000000
46531,0,0.007158,0.000000
46532,0,0.007155,0.000000
46533,0,0.007151,0.000000
46534,0,0.007148,0.000000
46535,0,0.007145,0.000000
46536,0,0.007142,0.000000
46537,0,0.007139,0.000000
46538,0,0.007135,0.000000
46539,0,0.007132,0.000000
46540,0,0.007129,0.000000
46541,0,0.007126,0.000000
46542,0,0.007123,0.000000
46543,0,0.007119,0.000000
46544,0,0.007116,0.000000
46545,0,0.007113,0.000000
46546,0,0.007110,0.000000
46547,0,0.007107,0.000000
46548,0,0.007103,0.000000
46549,0,0.007100,0.000000
46550,0,0.007097,0.000000
46551,0,0.007094,0.000000
46552,0,0.007091,0.000000
46553,0,0.007088,0.000000
46554,0,0.007084,0.000000
46555,0,0.007081,0.000000
46556,0,0.007078,0.000000
46557,0,0.007075,0.000000
46558,0,0.007072,0.000000
46559,0,0.007069,0.000000
46560,0,0.007066,0.000000
46561,0,0.007062,0.000000
46562,0,0.007059,0.000000
46563,0,0.007056,0.000000
46564,0,0.007053,0.000000
46565,0,0.007050,0.000000
46566,0,0.007047,0.000000
46567,0,0.007044,0.000000
46568,0,0.007040,0.000000
46569,0,0.007037,0.000000
46570,0,0.007034,0.000000
46571,0,0.007031,0.000000
46572,0,0.007028,0.000000
46573,0,0.007025,0.000000
46574,0,0.007022,0.000000
46575,0,0.007019,0.000000
46576,0,0.007016,0.000000
46577,0,0.007012,0.000000
46578,0,0.007009,0.000000
46579,0,0.007006,0.000000
46580,0,0.007003,0.000000
46581,0,0.007000,0.000000
46582,0,0.006997,0.000000
46583,0,0.006994,0.000000
46584,0,0.006991,0.000000
46585,0,0.006988,0.000000
46586,0,0.006985,0.000000
46587,0,0.006982,0.000000
46588,0,0.006979,0.000000
46589,0,0.006975,0.000000
46590,0,0.006972,0.000000
46591,0,0.006969,0.000000
46592,0,0.006966,0.000000
46593,0,0.006963,0.000000
46594,0,0.006960,0.000000
46595,0,0.006957,0.000000
46596,0,0.006954,0.000000
46597,0,0.006951,0.000000
46598,0,0.006948,0.000000
46599,0,0.006945,0.000000
46600,0,0.006942,0.000000
46601,0,0.006939,0.000000
46602,0,0.006936,0.000000
46603,0,0.006933,0.000000
46604,0,0.006930,0.000000
46605,0,0.006927,0.000000
46606,0,0.006924,0.000000
46607,0,0.006921,0.000000
46608,0,0.006918,0.000000
46609,0,0.006915,0.000000
46610,0,0.006912,0.000000
46611,0,0.006909,0.000000
46612,0,0.006905,0.000000
46613,0,0.006902,0.000000
46614,0,0.006899,0.000000
46615,0,0.006896,0.000000
46616,0,0.006893,0.000000
46617,0,0.006890,0.000000
46618,0,0.006887,0.000000
46619,0,0.006884,0.000000
46620,0,0.006881,0.000000
46621,0,0.006878,0.000000
46622,0,0.006876,0.000000
46623,0,0.006873,0.000000
46624,0,0.006870,0.000000
46625,0,0.006867,0.000000
46626,0,0.006864,0.000000
46627,0,0.006861,0.000000
46628,0,0.006858,0.000000
46629,0,0.006855,0.000000
46630,0,0.006852,0.000000
46631,0,0.006849,0.000000
46632,0,0.006846,0.000000
46633,0,0.006843,0.000000
46634,0,0.006840,0.000000
46635,0,0.006837,0.000000
46636,0,0.006834,0.000000
46637,0,0.006831,0.000000
46638,0,0.006828,0.000000
46639,0,0.006825,0.000000
46640,0,0.006822,0.000000
46641,0,0.006819,0.000000
46642,0,0.006816,0.000000
46643,0,0.006813,0.000000
46644,0,0.006810,0.000000
46645,0,0.006807,0.000000
46646,0,0.006805,0.000000
46647,0,0.006802,0.000000
46648,0,0.006799,0.000000
46649,0,0.006796,0.000000
46650,0,0.006793,0.000000
46651,0,0.006790,0.000000
46652,0,0.006787,0.000000
46653,0,0.006784,0.000000
46654,0,0.006781,0.000000
46655,0,0.006778,0.000000
46656,0,0.006775,0.000000
46657,0,0.006772,0.000000
46658,0,0.006770,0.000000
46659,0,0.006767,0.000000
46660,0,0.006764,0.000000
46661,0,0.006761,0.000000
46662,0,0.006758,0.000000
46663,0,0.006755,0.000000
46664,0,0.006752,0.000000
46665,0,0.006749,0.000000
46666,0,0.006746,0.000000
46667,0,0.006743,0.000000
46668,0,0.006741,0.000000
46669,0,0.006738,0.000000
46670,0,0.006735,0.000000
46671,0,0.006732,0.000000
46672,0,0.006729,0.000000
46673,0,0.006726,0.000000
46674,0,0.006723,0.000000
46675,0,0.006721,0.000000
46676,0,0.006718,0.000000
46677,0,0.006715,0.000000
46678,0,0.006712,0.000000
46679,0,0.006709,0.000000
46680,0,0.006706,0.000000
46681,0,0.006703,0.000000
46682,0,0.006701,0.000000
46683,0,0.006698,0.000000
46684,0,0.006695,0.000000
46685,0,0.006692,0.000000
46686,0,0.006689,0.000000
46687,0,0.006686,0.000000
46688,0,0.006683,0.000000
46689,0,0.006681,0.000000
46690,0,0.006678,0.000000
46691,0,0.006675,0.000000
46692,0,0.006672,0.000000
46693,0,0.006669,0.000000
46694,0,0.006667,0.000000
46695,0,0.006664,0.000000
46696,0,0.006661,0.000000
46697,0,0.006658,0.000000
46698,0,0.006655,0.000000
46699,0,0.006652,0.000000
46700,0,0.006650,0.000000
46701,0,0.006647,0.000000
46702,0,0.006644,0.000000
46703,0,0.006641,0.000000
46704,0,0.006638,0.000000
46705,0,0.006636,0.000000
46706,0,0.006633,0.000000
46707,0,0.006630,0.000000
46708,0,0.006627,0.000000
46709,0,0.006624,0.000000
46710,0,0.006622,0.000000
46711,0,0.006619,0.000000
46712,0,0.006616,0.000000
46713,0,0.006613,0.000000
46714,0,0.006611,0.000000
46715,0,0.006608,0.000000
46716,0,0.006605,0.000000
46717,0,0.006602,0.000000
46718,0,0.006599,0.000000
46719,0,0.006597,0.000000
46720,0,0.006594,0.000000
46721,0,0.006591,0.000000
46722,0,0.006588,0.000000
46723,0,0.006586,0.000000
46724,0,0.006583,0.000000
46725,0,0.006580,0.000000
46726,0,0.006577,0.000000
46727,0,0.006575,0.000000
46728,0,0.006572,0.000000
46729,0,0.006569,0.000000
46730,0,0.006566,0.000000
46731,0,0.006564,0.000000
46732,0,0.006561,0.000000
46733,0,0.006558,0.000000
46734,0,0.006555,0.000000
46735,0,0.006553,0.000000
46736,0,0.006550,0.000000
46737,0,0.006547,0.000000
46738,0,0.006545,0.000000
46739,0,0.006542,0.000000
46740,0,0.006539,0.000000
46741,0,0.006536,0.000000
46742,0,0.006534,0.000000
46743,0,0.006531,0.000000
46744,0,0.006528,0.000000
46745,0,0.006526,0.000000
46746,0,0.006523,0.000000
46747,0,0.006520,0.000000
46748,0,0.006517,0.000000
46749,0,0.006515,0.000000
46750,0,0.006512,0.000000
46751,0,0.006509,0.000000
46752,0,0.006507,0.000000
46753,0,0.006504,0.000000
46754,0,0.006501,0.000000
46755,0,0.006499,0.000000
46756,0,0.006496,0.000000
46757,0,0.006493,0.000000
46758,0,0.006490,0.000000
46759,0,0.006488,0.000000
46760,0,0.006485,0.000000
46761,0,0.006482,0.000000
46762,0,0.006480,0.000000
46763,0,0.006477,0.000000
46764,0,0.006474,0.000000
46765,0,0.006472,0.000000
46766,0,0.006469,0.000000
46767,0,0.006466,0.000000
46768,0,0.006464,0.000000
46769,0,0.006461,0.000000
46770,0,0.006458,0.000000
46771,0,0.006456,0.000000
46772,0,0.006453,0.000000
46773,0,0.006450,0.000000
46774,0,0.006448,0.000000
46775,0,0.006445,0.000000
46776,0,0.006442,0.000000
46777,0,0.006440,0.000000
46778,0,0.006437,0.000000
46779,0,0.006435,0.000000
46780,0,0.006432,0.000000
46781,0,0.006429,0.000000
46782,0,0.006427,0.000000
46783,0,0.006424,0.000000
46784,0,0.006421,0.000000
46785,0,0.006419,0.000000
46786,0,0.006416,0.000000
46787,0,0.006413,0.000000
46788,0,0.006411,0.000000
46789,0,0.006408,0.000000
46790,0,0.006406,0.000000
46791,0,0.006403,0.000000
46792,0,0.006400,0.000000
46793,0,0.006398,0.000000
46794,0,0.006395,0.000000
46795,0,0.006392,0.000000
46796,0,0.006390,0.000000
46797,0,0.006387,0.000000
46798,0,0.006385,0.000000
46799,0,0.006382,0.000000
46800,0,0.006379,0.000000
46801,0,0.006377,0.000000
46802,0,0.006374,0.000000
46803,0,0.006372,0.000000
46804,0,0.006369,0.000000
46805,0,0.006366,0.000000
46806,0,0.006364,0.000000
46807,0,0.006361,0.000000
46808,0,0.006359,0.000000
46809,0,0.006356,0.000000
46810,0,0.006354,0.000000
46811,0,0.006351,0.000000
46812,0,0.006348,0.000000
46813,0,0.006346,0.000000
46814,0,0.006343,0.000000
46815,0,0.006341,0.000000
46816,0,0.006338,0.000000
46817,0,0.006335,0.000000
46818,0,0.006333,0.000000
46819,0,0.006330,0.000000
46820,0,0.006328,0.000000
46821,0,0.006325,0.000000
46822,0,0.006323,0.000000
46823,0,0.006320,0.000000
46824,0,0.006318,0.000000
46825,0,0.006315,0.000000
46826,0,0.006312,0.000000
46827,0,0.006310,0.000000
46828,0,0.006307,0.000000
46829,0,0.006305,0.000000
46830,0,0.006302,0.000000
46831,0,0.006300,0.000000
46832,0,0.006297,0.000000
46833,0,0.006295,0.000000
46834,0,0.006292,0.000000
46835,0,0.006290,0.000000
46836,0,0.006287,0.000000
46837,0,0.006284,0.000000
46838,0,0.006282,0.000000
46839,0,0.006279,0.000000
46840,0,0.006277,0.000000
46841,0,0.006274,0.000000
46842,0,0.006272,0.000000
46843,0,0.006269,0.000000
46844,0,0.006267,0.000000
46845,0,0.006264,0.000000
46846,0,0.006262,0.000000
46847,0,0.006259,0.000000
46848,0,0.006257,0.000000
46849,0,0.006254,0.000000
46850,0,0.006252,0.000000
46851,0,0.006249,0.000000
46852,0,0.006247,0.000000
46853,0,0.006244,0.000000
46854,0,0.006242,0.000000
46855,0,0.006239,0.000000
46856,0,0.006237,0.000000
46857,0,0.006234,0.000000
46858,0,0.006232,0.000000
46859,0,0.006229,0.000000
46860,0,0.006227,0.000000
46861,0,0.006224,0.000000
46862,0,0.006222,0.000000
46863,0,0.006219,0.000000
46864,0,0.006217,0.000000
46865,0,0.006214,0.000000
46866,0,0.006212,0.000000
46867,0,0.006209,0.000000
46868,0,0.006207,0.000000
46869,0,0.006204,0.000000
46870,0,0.006202,0.000000
46871,0,0.006199,0.000000
46872,0,0.006197,0.000000
46873,0,0.006194,0.000000
46874,0,0.006192,0.000000
46875,0,0.006190,0.000000
46876,0,0.006187,0.000000
46877,0,0.006185,0.000000
46878,0,0.006182,0.000000
46879,0,0.006180,0.000000
46880,0,0.006177,0.000000
46881,0,0.006175,0.000000
46882,0,0.006172,0.000000
46883,0,0.006170,0.000000
46884,0,0.006167,0.000000
46885,0,0.006165,0.000000
46886,0,0.006163,0.000000
46887,0,0.006160,0.000000
46888,0,0.006158,0.000000
46889,0,0.006155,0.000000
46890,0,0.006153,0.000000
46891,0,0.006150,0.000000
46892,0,0.006148,0.000000
46893,0,0.006145,0.000000
46894,0,0.006143,0.000000
46895,0,0.006141,0.000000
46896,0,0.006138,0.000000
46897,0,0.006136,0.000000
46898,0,0.006133,0.000000
46899,0,0.006131,0.000000
46900,0,0.006128,0.000000
46901,0,0.006126,0.000000
46902,0,0.006124,0.000000
46903,0,0.006121,0.000000
46904,0,0.006119,0.000000
46905,0,0.006116,0.000000
46906,0,0.006114,0.000000
46907,0,0.006112,0.000000
46908,0,0.006109,0.000000
46909,0,0.006107,0.000000
46910,0,0.006104,0.000000
46911,0,0.006102,0.000000
46912,0,0.006100,0.000000
46913,0,0.006097,0.000000
46914,0,0.006095,0.000000
46915,0,0.006092,0.000000
46916,0,0.006090,0.000000
46917,0,0.006088,0.000000
46918,0,0.006085,0.000000
46919,0,0.006083,0.000000
46920,0,0.006080,0.000000
46921,0,0.006078,0.000000
46922,0,0.006076,0.000000
46923,0,0.006073,0.000000
46924,0,0.006071,0.000000
46925,0,0.006068,0.000000
46926,0,0.006066,0.000000
46927,0,0.006064,0.000000
46928,0,0.006061,0.000000
46929,0,0.006059,0.000000
46930,0,0.006057,0.000000
46931,0,0.006054,0.000000
46932,0,0.006052,0.000000
46933,0,0.006049,0.000000
46934,0,0.006047,0.000000
46935,0,0.006045,0.000000
46936,0,0.006042,0.000000
46937,0,0.006040,0.000000
46938,0,0.006038,0.000000
46939,0,0.006035,0.000000
46940,0,0.006033,0.000000
46941,0,0.006031,0.000000
46942,0,0.006028,0.000000
46943,0,0.006026,0.000000
46944,0,0.006024,0.000000
46945,0,0.006021,0.000000
46946,0,0.006019,0.000000
46947,0,0.006016,0.000000
46948,0,0.006014,0.000000
46949,0,0.006012,0.000000
46950,0,0.006009,0.000000
46951,0,0.006007,0.000000
46952,0,0.006005,0.000000
46953,0,0.006002,0.000000
46954,0,0.006000,0.000000
46955,0,0.005998,0.000000
46956,0,0.005995,0.000000
46957,0,0.005993,0.000000
46958,0,0.005991,0.000000
46959,0,0.005988,0.000000
46960,0,0.005986,0.000000
46961,0,0.005984,0.000000
46962,0,0.005982,0.000000
46963,0,0.005979,0.000000
46964,0,0.005977,0.000000
46965,0,0.005975,0.000000
46966,0,0.005972,0.000000
46967,0,0.005970,0.000000
46968,0,0.005968,0.000000
46969,0,0.005965,0.000000
46970,0,0.005963,0.000000
46971,0,0.005961,0.000000
46972,0,0.005958,0.000000
46973,0,0.005956,0.000000
46974,0,0.005954,0.000000
46975,0,0.005951,0.000000
46976,0,0.005949,0.000000
46977,0,0.005947,0.000000
46978,0,0.005945,0.000000
46979,0,0.005942,0.000000
46980,0,0.005940,0.000000
46981,0,0.005938,0.000000
46982,0,0.005935,0.000000
46983,0,0.005933,0.000000
46984,0,0.005931,0.000000
46985,0,0.005929,0.000000
46986,0,0.005926,0.000000
46987,0,0.005924,0.000000
46988,0,0.005922,0.000000
46989,0,0.005919,0.000000
46990,0,0.005917,0.000000
46991,0,0.005915,0.000000
46992,0,0.005913,0.000000
46993,0,0.005910,0.000000
46994,0,0.005908,0.000000
46995,0,0.005906,0.000000
46996,0,0.005904,0.000000
46997,0,0.005901,0.000000
46998,0,0.005899,0.000000
46999,0,0.005897,0.000000
47000,0,0.005894,0.000000
47001,0,0.005892,0.000000
47002,0,0.005890,0.000000
47003,0,0.005888,0.000000
47004,0,0.005885,0.000000
47005,0,0.005883,0.000000
47006,0,0.005881,0.000000
47007,0,0.005879,0.000000
47008,0,0.005876,0.000000
47009,0,0.005874,0.000000
47010,0,0.005872,0.000000
47011,0,0.005870,0.000000
47012,0,0.005867,0.000000
47013,0,0.005865,0.000000
47014,0,0.005863,0.000000
47015,0,0.005861,0.000000
47016,0,0.005858,0.000000
47017,0,0.005856,0.000000
47018,0,0.005854,0.000000
47019,0,0.005852,0.000000
47020,0,0.005850,0.000000
47021,0,0.005847,0.000000
47022,0,0.005845,0.000000
47023,0,0.005843,0.000000
47024,0,0.005841,0.000000
47025,0,0.005838,0.000000
47026,0,0.005836,0.000000
47027,0,0.005834,0.000000
47028,0,0.005832,0.000000
47029,0,0.005829,0.000000
47030,0,0.005827,0.000000
47031,0,0.005825,0.000000
47032,0,0.005823,0.000000
47033,0,0.005821,0.000000
47034,0,0.005818,0.000000
47035,0,0.005816,0.000000
47036,0,0.005814,0.000000
47037,0,0.005812,0.000000
47038,0,0.005810,0.000000
47039,0,0.005807,0.000000
47040,0,0.005805,0.000000
47041,0,0.005803,0.000000
47042,0,0.005801,0.000000
47043,0,0.005799,0.000000
47044,0,0.005796,0.000000
47045,0,0.005794,0.000000
47046,0,0.005792,0.000000
47047,0,0.005790,0.000000
47048,0,0.005788,0.000000
47049,0,0.005785,0.000000
47050,0,0.005783,0.000000
47051,0,0.005781,0.000000
47052,0,0.005779,0.000000
47053,0,0.005777,0.000000
47054,0,0.005774,0.000000
47055,0,0.005772,0.000000
47056,0,0.005770,0.000000
47057,0,0.005768,0.000000
47058,0,0.005766,0.000000
47059,0,0.005764,0.000000
47060,0,0.005761,0.000000
47061,0,0.005759,0.000000
47062,0,0.005757,0.000000
47063,0,0.005755,0.000000
47064,0,0.005753,0.000000
47065,0,0.005751,0.000000
47066,0,0.005748,0.000000
47067,0,0.005746,0.000000
47068,0,0.005744,0.000000
47069,0,0.005742,0.000000
47070,0,0.005740,0.000000
47071,0,0.005738,0.000000
47072,0,0.005735,0.000000
47073,0,0.005733,0.000000
47074,0,0.005731,0.000000
47075,0,0.005729,0.000000
47076,0,0.005727,0.000000
47077,0,0.005725,0.000000
47078,0,0.005722,0.000000
47079,0,0.005720,0.000000
47080,0,0.005718,0.000000
47081,0,0.005716,0.000000
47082,0,0.005714,0.000000
47083,0,0.005712,0.000000
47084,0,0.005710,0.000000
47085,0,0.005707,0.000000
47086,0,0.005705,0.000000
47087,0,0.005703,0.000000
47088,0,0.005701,0.000000
47089,0,0.005699,0.000000
47090,0,0.005697,0.000000
47091,0,0.005695,0.000000
47092,0,0.005692,0.000000
47093,0,0.005690,0.000000
47094,0,0.005688,0.000000
47095,0,0.005686,0.000000
47096,0,0.005684,0.000000
47097,0,0.005682,0.000000
47098,0,0.005680,0.000000
47099,0,0.005678,0.000000
47100,0,0.005675,0.000000
47101,0,0.005673,0.000000
47102,0,0.005671,0.000000
47103,0,0.005669,0.000000
47104,0,0.005667,0.000000
47105,0,0.005665,0.000000
47106,0,0.005663,0.000000
47107,0,0.005661,0.000000
47108,0,0.005659,0.000000
47109,0,0.005656,0.000000
47110,0,0.005654,0.000000
47111,0,0.005652,0.000000
47112,0,0.005650,0.000000
47113,0,0.005648,0.000000
47114,0,0.005646,0.000000
47115,0,0.005644,0.000000
47116,0,0.005642,0.000000
47117,0,0.005640,0.000000
47118,0,0.005638,0.000000
47119,0,0.005635,0.000000
47120,0,0.005633,0.000000
47121,0,0.005631,0.000000
47122,0,0.005629,0.000000
47123,0,0.005627,0.000000
47124,0,0.005625,0.000000
47125,0,0.005623,0.000000
47126,0,0.005621,0.000000
47127,0,0.005619,0.000000
47128,0,0.005617,0.000000
47129,0,0.005615,0.000000
47130,0,0.005612,0.000000
47131,0,0.005610,0.000000
47132,0,0.005608,0.000000
47133,0,0.005606,0.000000
47134,0,0.005604,0.000000
47135,0,0.005602,0.000000
47136,0,0.005600,0.000000
47137,0,0.005598,0.000000
47138,0,0.005596,0.000000
47139,0,0.005594,0.000000
47140,0,0.005592,0.000000
47141,0,0.005590,0.000000
47142,0,0.005588,0.000000
47143,0,0.005586,0.000000
47144,0,0.005583,0.000000
47145,0,0.005581,0.000000
47146,0,0.005579,0.000000
47147,0,0.005577,0.000000
47148,0,0.005575,0.000000
47149,0,0.005573,0.000000
47150,0,0.005571,0.000000
47151,0,0.005569,0.000000
47152,0,0.005567,0.000000
47153,0,0.005565,0.000000
47154,0,0.005563,0.000000
47155,0,0.005561,0.000000
47156,0,0.005559,0.000000
47157,0,0.005557,0.000000
47158,0,0.005555,0.000000
47159,0,0.005553,0.000000
47160,0,0.005551,0.000000
47161,0,0.005549,0.000000
47162,0,0.005547,0.000000
47163,0,0.005545,0.000000
47164,0,0.005543,0.000000
47165,0,0.005540,0.000000
47166,0,0.005538,0.000000
47167,0,0.005536,0.000000
47168,0,0.005534,0.000000
47169,0,0.005532,0.000000
47170,0,0.005530,0.000000
47171,0,0.005528,0.000000
47172,0,0.005526,0.000000
47173,0,0.005524,0.000000
47174,0,0.005522,0.000000
47175,0,0.005520,0.000000
47176,0,0.005518,0.000000
47177,0,0.005516,0.000000
47178,0,0.005514,0.000000
47179,0,0.005512,0.000000
47180,0,0.005510,0.000000
47181,0,0.005508,0.000000
47182,0,0.005506,0.000000
47183,0,0.005504,0.000000
47184,0,0.005502,0.000000
47185,0,0.005500,0.000000
47186,0,0.005498,0.000000
47187,0,0.005496,0.000000
47188,0,0.005494,0.000000
47189,0,0.005492,0.000000
47190,0,0.005490,0.000000
47191,0,0.005488,0.000000
47192,0,0.005486,0.000000
47193,0,0.005484,0.000000
47194,0,0.005482,0.000000
47195,0,0.005480,0.000000
47196,0,0.005478,0.000000
47197,0,0.005476,0.000000
47198,0,0.005474,0.000000
47199,0,0.005472,0.000000
47200,0,0.005470,0.000000
47201,0,0.005468,0.000000
47202,0,0.005466,0.000000
47203,0,0.005464,0.000000
47204,0,0.005462,0.000000
47205,0,0.005460,0.000000
47206,0,0.005458,0.000000
47207,0,0.005456,0.000000
47208,0,0.005454,0.000000
47209,0,0.005452,0.000000
47210,0,0.005450,0.000000
47211,0,0.005448,0.000000
47212,0,0.005446,0.000000
47213,0,0.005444,0.000000
47214,0,0.005442,0.000000
47215,0,0.005440,0.000000
47216,0,0.005438,0.000000
47217,0,0.005436,0.000000
47218,0,0.005434,0.000000
47219,0,0.005432,0.000000
47220,0,0.005430,0.000000
47221,0,0.005428,0.000000
47222,0,0.005426,0.000000
47223,0,0.005424,0.000000
47224,0,0.005423,0.000000
47225,0,0.005421,0.000000
47226,0,0.005419,0.000000
47227,0,0.005417,0.000000
47228,0,0.005415,0.000000
47229,0,0.005413,0.000000
47230,0,0.005411,0.000000
47231,0,0.005409,0.000000
47232,0,0.005407,0.000000
47233,0,0.005405,0.000000
47234,0,0.005403,0.000000
47235,0,0.005401,0.000000
47236,0,0.005399,0.000000
47237,0,0.005397,0.000000
47238,0,0.005395,0.000000
47239,0,0.005393,0.000000
47240,0,0.005391,0.000000
47241,0,0.005389,0.000000
47242,0,0.005387,0.000000
47243,0,0.005385,0.000000
47244,0,0.005383,0.000000
47245,0,0.005382,0.000000
47246,0,0.005380,0.000000
47247,0,0.005378,0.000000
47248,0,0.005376,0.000000
47249,0,0.005374,0.000000
47250,0,0.005372,0.000000
47251,0,0.005370,0.000000
47252,0,0.005368,0.000000
47253,0,0.005366,0.000000
47254,0,0.005364,0.000000
47255,0,0.005362,0.000000
47256,0,0.005360,0.000000
47257,0,0.005358,0.000000
47258,0,0.005356,0.000000
47259,0,0.005354,0.000000
47260,0,0.005353,0.000000
47261,0,0.005351,0.000000
47262,0,0.005349,0.000000
47263,0,0.005347,0.000000
47264,0,0.005345,0.000000
47265,0,0.005343,0.000000
47266,0,0.005341,0.000000
47267,0,0.005339,0.000000
47268,0,0.005337,0.000000
47269,0,0.005335,0.000000
47270,0,0.005333,0.000000
47271,0,0.005331,0.000000
47272,0,0.005330,0.000000
47273,0,0.005328,0.000000
47274,0,0.005326,0.000000
47275,0,0.005324,0.000000
47276,0,0.005322,0.000000
47277,0,0.005320,0.000000
47278,0,0.005318,0.000000
47279,0,0.005316,0.000000
47280,0,0.005314,0.000000
47281,0,0.005312,0.000000
47282,0,0.005311,0.000000
47283,0,0.005309,0.000000
47284,0,0.005307,0.000000
47285,0,0.005305,0.000000
47286,0,0.005303,0.000000
47287,0,0.005301,0.000000
47288,0,0.005299,0.000000
47289,0,0.005297,0.000000
47290,0,0.005295,0.000000
47291,0,0.005294,0.000000
47292,0,0.005292,0.000000
47293,0,0.005290,0.000000
47294,0,0.005288,0.000000
47295,0,0.005286,0.000000
47296,0,0.005284,0.000000
47297,0,0.005282,0.000000
47298,0,0.005280,0.000000
47299,0,0.005278,0.000000
47300,0,0.005277,0.000000
47301,0,0.005275,0.000000
47302,0,0.005273,0.000000
47303,0,0.005271,0.000000
47304,0,0.005269,0.000000
47305,0,0.005267,0.000000
47306,0,0.005265,0.000000
47307,0,0.005263,0.000000
47308,0,0.005262,0.000000
47309,0,0.005260,0.000000
47310,0,0.005258,0.000000
47311,0,0.005256,0.000000
47312,0,0.005254,0.000000
47313,0,0.005252,0.000000
47314,0,0.005250,0.000000
47315,0,0.005249,0.000000
47316,0,0.005247,0.000000
47317,0,0.005245,0.000000
47318,0,0.005243,0.000000
47319,0,0.005241,0.000000
47320,0,0.005239,0.000000
47321,0,0.005237,0.000000
47322,0,0.005236,0.000000
47323,0,0.005234,0.000000
47324,0,0.005232,0.000000
47325,0,0.005230,0.000000
47326,0,0.005228,0.000000
47327,0,0.005226,0.000000
47328,0,0.005224,0.000000
47329,0,0.005223,0.000000
47330,0,0.005221,0.000000
47331,0,0.005219,0.000000
47332,0,0.005217,0.000000
47333,0,0.005215,0.000000
47334,0,0.005213,0.000000
47335,0,0.005212,0.000000
47336,0,0.005210,0.000000
47337,0,0.005208,0.000000
47338,0,0.005206,0.000000
47339,0,0.005204,0.000000
47340,0,0.005202,0.000000
47341,0,0.005201,0.000000
47342,0,0.005199,0.000000
47343,0,0.005197,0.000000
47344,0,0.005195,0.000000
47345,0,0.005193,0.000000
47346,0,0.005191,0.000000
47347,0,0.005190,0.000000
47348,0,0.005188,0.000000
47349,0,0.005186,0.000000
47350,0,0.005184,0.000000
47351,0,0.005182,0.000000
47352,0,0.005180,0.000000
47353,0,0.005179,0.000000
47354,0,0.005177,0.000000
47355,0,0.005175,0.000000
47356,0,0.005173,0.000000
47357,0,0.005171,0.000000
47358,0,0.005169,0.000000
47359,0,0.005168,0.000000
47360,0,0.005166,0.000000
47361,0,0.005164,0.000000
47362,0,0.005162,0.000000
47363,0,0.005160,0.000000
47364,0,0.005159,0.000000
47365,0,0.005157,0.000000
47366,0,0.005155,0.000000
47367,0,0.005153,0.000000
47368,0,0.005151,0.000000
47369,0,0.005150,0.000000
47370,0,0.005148,0.000000
47371,0,0.005146,0.000000
47372,0,0.005144,0.000000
47373,0,0.005142,0.000000
47374,0,0.005141,0.000000
47375,0,0.005139,0.000000
47376,0,0.005137,0.000000
47377,0,0.005135,0.000000
47378,0,0.005133,0.000000
47379,0,0.005132,0.000000
47380,0,0.005130,0.000000
47381,0,0.005128,0.000000
47382,0,0.005126,0.000000
47383,0,0.005124,0.000000
47384,0,0.005123,0.000000
47385,0,0.005121,0.000000
47386,0,0.005119,0.000000
47387,0,0.005117,0.000000
47388,0,0.005115,0.000000
47389,0,0.005114,0.000000
47390,0,0.005112,0.000000
47391,0,0.005110,0.000000
47392,0,0.005108,0.000000
47393,0,0.005107,0.000000
47394,0,0.005105,0.000000
47395,0,0.005103,0.000000
47396,0,0.005101,0.000000
47397,0,0.005099,0.000000
47398,0,0.005098,0.000000
47399,0,0.005096,0.000000
47400,0,0.005094,0.000000
47401,0,0.005092,0.000000
47402,0,0.005091,0.000000
47403,0,0.005089,0.000000
47404,0,0.005087,0.000000
47405,0,0.005085,0.000000
47406,0,0.005083,0.000000
47407,0,0.005082,0.000000
47408,0,0.005080,0.000000
47409,0,0.005078,0.000000
47410,0,0.005076,0.000000
47411,0,0.005075,0.000000
47412,0,0.005073,0.000000
47413,0,0.005071,0.000000
47414,0,0.005069,0.000000
47415,0,0.005068,0.000000
47416,0,0.005066,0.000000
47417,0,0.005064,0.000000
47418,0,0.005062,0.000000
47419,0,0.005061,0.000000
47420,0,0.005059,0.000000
47421,0,0.005057,0.000000
47422,0,0.005055,0.000000
47423,0,0.005054,0.000000
47424,0,0.005052,0.000000
47425,0,0.005050,0.000000
47426,0,0.005048,0.000000
47427,0,0.005047,0.000000
47428,0,0.005045,0.000000
47429,0,0.005043,0.000000
47430,0,0.005041,0.000000
47431,0,0.005040,0.000000
47432,0,0.005038,0.000000
47433,0,0.005036,0.000000
47434,0,0.005034,0.000000
47435,0,0.005033,0.000000
47436,0,0.005031,0.000000
47437,0,0.005029,0.000000
47438,0,0.005027,0.000000
47439,0,0.005026,0.000000
47440,0,0.005024,0.000000
47441,0,0.005022,0.000000
47442,0,0.005020,0.000000
47443,0,0.005019,0.000000
47444,0,0.005017,0.000000
47445,0,0.005015,0.000000
47446,0,0.005014,0.000000
47447,0,0.005012,0.000000
47448,0,0.005010,0.000000
47449,0,0.005008,0.000000
47450,0,0.005007,0.000000
47451,0,0.005005,0.000000
47452,0,0.005003,0.000000
47453,0,0.005001,0.000000
47454,0,0.005000,0.000000
47455,0,0.004998,0.000000
47456,0,0.004996,0.000000
47457,0,0.004995,0.000000
47458,0,0.004993,0.000000
47459,0,0.004991,0.000000
47460,0,0.004989,0.000000
47461,0,0.004988,0.000000
47462,0,0.004986,0.000000
47463,0,0.004984,0.000000
47464,0,0.004983,0.000000
47465,0,0.004981,0.000000
47466,0,0.004979,0.000000
47467,0,0.004977,0.000000
47468,0,0.004976,0.000000
47469,0,0.004974,0.000000
47470,0,0.004972,0.000000
47471,0,0.004971,0.000000
47472,0,0.004969,0.000000
47473,0,0.004967,0.000000
47474,0,0.004966,0.000000
47475,0,0.004964,0.000000
47476,0,0.004962,0.000000
47477,0,0.004960,0.000000
47478,0,0.004959,0.000000
47479,0,0.004957,0.000000
47480,0,0.004955,0.000000
47481,0,0.004954,0.000000
47482,0,0.004952,0.000000
47483,0,0.004950,0.000000
47484,0,0.004949,0.000000
47485,0,0.004947,0.000000
47486,0,0.004945,0.000000
47487,0,0.004943,0.000000
47488,0,0.004942,0.000000
47489,0,0.004940,0.000000
47490,0,0.004938,0.000000
47491,0,0.004937,0.000000
47492,0,0.004935,0.000000
47493,0,0.004933,0.000000
47494,0,0.004932,0.000000
47495,0,0.004930,0.000000
47496,0,0.004928,0.000000
47497,0,0.004927,0.000000
47498,0,0.004925,0.000000
47499,0,0.004923,0.000000
47500,0,0.004922,0.000000
47501,0,0.004920,0.000000
47502,0,0.004918,0.000000
47503,0,0.004917,0.000000
47504,0,0.004915,0.000000
47505,0,0.004913,0.000000
47506,0,0.004911,0.000000
47507,0,0.004910,0.000000
47508,0,0.004908,0.000000
47509,0,0.004906,0.000000
47510,0,0.004905,0.000000
47511,0,0.004903,0.000000
47512,0,0.004901,0.000000
47513,0,0.004900,0.000000
47514,0,0.004898,0.000000
47515,0,0.004896,0.000000
47516,0,0.004895,0.000000
47517,0,0.004893,0.000000
47518,0,0.004891,0.000000
47519,0,0.004890,0.000000
47520,0,0.004888,0.000000
47521,0,0.004886,0.000000
47522,0,0.004885,0.000000
47523,0,0.004883,0.000000
47524,0,0.004881,0.000000
47525,0,0.004880,0.000000
47526,0,0.004878,0.000000
47527,0,0.004877,0.000000
47528,0,0.004875,0.000000
47529,0,0.004873,0.000000
47530,0,0.004872,0.000000
47531,0,0.004870,0.000000
47532,0,0.004868,0.000000
47533,0,0.004867,0.000000
47534,0,0.004865,0.000000
47535,0,0.004863,0.000000
47536,0,0.004862,0.000000
47537,0,0.004860,0.000000
47538,0,0.004858,0.000000
47539,0,0.004857,0.000000
47540,0,0.004855,0.000000
47541,0,0.004853,0.000000
47542,0,0.004852,0.000000
47543,0,0.004850,0.000000
47544,0,0.004849,0.000000
47545,0,0.004847,0.000000
47546,0,0.004845,0.000000
47547,0,0.004844,0.000000
47548,0,0.004842,0.000000
47549,0,0.004840,0.000000
47550,0,0.004839,0.000000
47551,0,0.004837,0.000000
47552,0,0.004835,0.000000
47553,0,0.004834,0.000000
47554,0,0.004832,0.000000
47555,0,0.004831,0.000000
47556,0,0.004829,0.000000
47557,0,0.004827,0.000000
47558,0,0.004826,0.000000
47559,0,0.004824,0.000000
47560,0,0.004822,0.000000
47561,0,0.004821,0.000000
47562,0,0.004819,0.000000
47563,0,0.004818,0.000000
47564,0,0.004816,0.000000
47565,0,0.004814,0.000000
47566,0,0.004813,0.000000
47567,0,0.004811,0.000000
47568,0,0.004809,0.000000
47569,0,0.004808,0.000000
47570,0,0.004806,0.000000
47571,0,0.004805,0.000000
47572,0,0.004803,0.000000
47573,0,0.004801,0.000000
47574,0,0.004800,0.000000
47575,0,0.004798,0.000000
47576,0,0.004796,0.000000
47577,0,0.004795,0.000000
47578,0,0.004793,0.000000
47579,0,0.004792,0.000000
47580,0,0.004790,0.000000
47581,0,0.004788,0.000000
47582,0,0.004787,0.000000
47583,0,0.004785,0.000000
47584,0,0.004784,0.000000
47585,0,0.004782,0.000000
47586,0,0.004780,0.000000
47587,0,0.004779,0.000000
47588,0,0.004777,0.000000
47589,0,0.004776,0.000000
47590,0,0.004774,0.000000
47591,0,0.004772,0.000000
47592,0,0.004771,0.000000
47593,0,0.004769,0.000000
47594,0,0.004768,0.000000
47595,0,0.004766,0.000000
47596,0,0.004764,0.000000
47597,0,0.004763,0.000000
47598,0,0.004761,0.000000
47599,0,0.004760,0.000000
47600,0,0.004758,0.000000
47601,0,0.004756,0.000000
47602,0,0.004755,0.000000
47603,0,0.004753,0.000000
47604,0,0.004752,0.000000
47605,0,0.004750,0.000000
47606,0,0.004748,0.000000
47607,0,0.004747,0.000000
47608,0,0.004745,0.000000
47609,0,0.004744,0.000000
47610,0,0.004742,0.000000
47611,0,0.004741,0.000000
47612,0,0.004739,0.000000
47613,0,0.004737,0.000000
47614,0,0.004736,0.000000
47615,0,0.004734,0.000000
47616,0,0.004733,0.000000
47617,0,0.004731,0.000000
47618,0,0.004729,0.000000
47619,0,0.004728,0.000000
47620,0,0.004726,0.000000
47621,0,0.004725,0.000000
47622,0,0.004723,0.000000
47623,0,0.004722,0.000000
47624,0,0.004720,0.000000
47625,0,0.004718,0.000000
47626,0,0.004717,0.000000
47627,0,0.004715,0.000000
47628,0,0.004714,0.000000
47629,0,0.004712,0.000000
47630,0,0.004711,0.000000
47631,0,0.004709,0.000000
47632,0,0.004707,0.000000
47633,0,0.004706,0.000000
47634,0,0.004704,0.000000
47635,0,0.004703,0.000000
47636,0,0.004701,0.000000
47637,0,0.004700,0.000000
47638,0,0.004698,0.000000
47639,0,0.004697,0.000000
47640,0,0.004695,0.000000
47641,0,0.004693,0.000000
47642,0,0.004692,0.000000
47643,0,0.004690,0.000000
47644,0,0.004689,0.000000
47645,0,0.004687,0.000000
47646,0,0.004686,0.000000
47647,0,0.004684,0.000000
47648,0,0.004683,0.000000
47649,0,0.004681,0.000000
47650,0,0.004679,0.000000
47651,0,0.004678,0.000000
47652,0,0.004676,0.000000
47653,0,0.004675,0.000000
47654,0,0.004673,0.000000
47655,0,0.004672,0.000000
47656,0,0.004670,0.000000
47657,0,0.004669,0.000000
47658,0,0.004667,0.000000
47659,0,0.004665,0.000000
47660,0,0.004664,0.000000
47661,0,0.004662,0.000000
47662,0,0.004661,0.000000
47663,0,0.004659,0.000000
47664,0,0.004658,0.000000
47665,0,0.004656,0.000000
47666,0,0.004655,0.000000
47667,0,0.004653,0.000000
47668,0,0.004652,0.000000
47669,0,0.004650,0.000000
47670,0,0.004649,0.000000
47671,0,0.004647,0.000000
47672,0,0.004645,0.000000
47673,0,0.004644,0.000000
47674,0,0.004642,0.000000
47675,0,0.004641,0.000000
47676,0,0.004639,0.000000
47677,0,0.004638,0.000000
47678,0,0.004636,0.000000
47679,0,0.004635,0.000000
47680,0,0.004633,0.000000
47681,0,0.004632,0.000000
47682,0,0.004630,0.000000
47683,0,0.004629,0.000000
47684,0,0.004627,0.000000
47685,0,0.004626,0.000000
47686,0,0.004624,0.000000
47687,0,0.004622,0.000000
47688,0,0.004621,0.000000
47689,0,0.004619,0.000000
47690,0,0.004618,0.000000
47691,0,0.004616,0.000000
47692,0,0.004615,0.000000
47693,0,0.004613,0.000000
47694,0,0.004612,0.000000
47695,0,0.004610,0.000000
47696,0,0.004609,0.000000
47697,0,0.004607,0.000000
47698,0,0.004606,0.000000
47699,0,0.004604,0.000000
47700,0,0.004603,0.000000
47701,0,0.004601,0.000000
47702,0,0.004600,0.000000
47703,0,0.004598,0.000000
47704,0,0.004597,0.000000
47705,0,0.004595,0.000000
47706,0,0.004594,0.000000
47707,0,0.004592,0.000000
47708,0,0.004591,0.000000
47709,0,0.004589,0.000000
47710,0,0.004588,0.000000
47711,0,0.004586,0.000000
47712,0,0.004585,0.000000
47713,0,0.004583,0.000000
47714,0,0.004582,0.000000
47715,0,0.004580,0.000000
47716,0,0.004579,0.000000
47717,0,0.004577,0.000000
47718,0,0.004576,0.000000
47719,0,0.004574,0.000000
47720,0,0.004573,0.000000
47721,0,0.004571,0.000000
47722,0,0.004570,0.000000
47723,0,0.004568,0.000000
47724,0,0.004567,0.000000
47725,0,0.004565,0.000000
47726,0,0.004564,0.000000
47727,0,0.004562,0.000000
47728,0,0.004561,0.000000
47729,0,0.004559,0.000000
47730,0,0.004558,0.000000
47731,0,0.004556,0.000000
47732,0,0.004555,0.000000
47733,0,0.004553,0.000000
47734,0,0.004552,0.000000
47735,0,0.004550,0.000000
47736,0,0.004549,0.000000
47737,0,0.004547,0.000000
47738,0,0.004546,0.000000
47739,0,0.004544,0.000000
47740,0,0.004543,0.000000
47741,0,0.004541,0.000000
47742,0,0.004540,0.000000
47743,0,0.004538,0.000000
47744,0,0.004537,0.000000
47745,0,0.004535,0.000000
47746,0,0.004534,0.000000
47747,0,0.004532,0.000000
47748,0,0.004531,0.000000
47749,0,0.004529,0.000000
47750,0,0.004528,0.000000
47751,0,0.004527,0.000000
47752,0,0.004525,0.000000
47753,0,0.004524,0.000000
47754,0,0.004522,0.000000
47755,0,0.004521,0.000000
47756,0,0.004519,0.000000
47757,0,0.004518,0.000000
47758,0,0.004516,0.000000
47759,0,0.004515,0.000000
47760,0,0.004513,0.000000
47761,0,0.004512,0.000000
47762,0,0.004510,0.000000
47763,0,0.004509,0.000000
47764,0,0.004507,0.000000
47765,0,0.004506,0.000000
47766,0,0.004504,0.000000
47767,0,0.004503,0.000000
47768,0,0.004502,0.000000
47769,0,0.004500,0.000000
47770,0,0.004499,0.000000
47771,0,0.004497,0.000000
47772,0,0.004496,0.000000
47773,0,0.004494,0.000000
47774,0,0.004493,0.000000
47775,0,0.004491,0.000000
47776,0,0.004490,0.000000
47777,0,0.004488,0.000000
47778,0,0.004487,0.000000
47779,0,0.004485,0.000000
47780,0,0.004484,0.000000
47781,0,0.004483,0.000000
47782,0,0.004481,0.000000
47783,0,0.004480,0.000000
47784,0,0.004478,0.000000
47785,0,0.004477,0.000000
47786,0,0.004475,0.000000
47787,0,0.004474,0.000000
47788,0,0.004472,0.000000
47789,0,0.004471,0.000000
47790,0,0.004470,0.000000
47791,0,0.004468,0.000000
47792,0,0.004467,0.000000
47793,0,0.004465,0.000000
47794,0,0.004464,0.000000
47795,0,0.004462,0.000000
47796,0,0.004461,0.000000
47797,0,0.004459,0.000000
47798,0,0.004458,0.000000
47799,0,0.004457,0.000000
47800,0,0.004455,0.000000
47801,0,0.004454,0.000000
47802,0,0.004452,0.000000
47803,0,0.004451,0.000000
47804,0,0.004449,0.000000
47805,0,0.004448,0.000000
47806,0,0.004446,0.000000
47807,0,0.004445,0.000000
47808,0,0.004444,0.000000
47809,0,0.004442,0.000000
47810,0,0.004441,0.000000
47811,0,0.004439,0.000000
47812,0,0.004438,0.000000
47813,0,0.004436,0.000000
47814,0,0.004435,0.000000
47815,0,0.004434,0.000000
47816,0,0.004432,0.000000
47817,0,0.004431,0.000000
47818,0,0.004429,0.000000
47819,0,0.004428,0.000000
47820,0,0.004426,0.000000
47821,0,0.004425,0.000000
47822,0,0.004424,0.000000
47823,0,0.004422,0.000000
47824,0,0.004421,0.000000
47825,0,0.004419,0.000000
47826,0,0.004418,0.000000
47827,0,0.004416,0.000000
47828,0,0.004415,0.000000
47829,0,0.004414,0.000000
47830,0,0.004412,0.000000
47831,0,0.004411,0.000000
47832,0,0.004409,0.000000
47833,0,0.004408,0.000000
47834,0,0.004407,0.000000
47835,0,0.004405,0.000000
47836,0,0.004404,0.000000
47837,0,0.004402,0.000000
47838,0,0.004401,0.000000
47839,0,0.004399,0.000000
47840,0,0.004398,0.000000
47841,0,0.004397,0.000000
47842,0,0.004395,0.000000
47843,0,0.004394,0.000000
47844,0,0.004392,0.000000
47845,0,0.004391,0.000000
47846,0,0.004390,0.000000
47847,0,0.004388,0.000000
47848,0,0.004387,0.000000
47849,0,0.004385,0.000000
47850,0,0.004384,0.000000
47851,0,0.004383,0.000000
47852,0,0.004381,0.000000
47853,0,0.004380,0.000000
47854,0,0.004378,0.000000
47855,0,0.004377,0.000000
47856,0,0.004375,0.000000
47857,0,0.004374,0.000000
47858,0,0.004373,0.000000
47859,0,0.004371,0.000000
47860,0,0.004370,0.000000
47861,0,0.004368,0.000000
47862,0,0.004367,0.000000
47863,0,0.004366,0.000000
47864,0,0.004364,0.000000
47865,0,0.004363,0.000000
47866,0,0.004361,0.000000
47867,0,0.004360,0.000000
47868,0,0.004359,0.000000
47869,0,0.004357,0.000000
47870,0,0.004356,0.000000
47871,0,0.004355,0.000000
47872,0,0.004353,0.000000
47873,0,0.004352,0.000000
47874,0,0.004350,0.000000
47875,0,0.004349,0.000000
47876,0,0.004348,0.000000
47877,0,0.004346,0.000000
47878,0,0.004345,0.000000
47879,0,0.004343,0.000000
47880,0,0.004342,0.000000
47881,0,0.004341,0.000000
47882,0,0.004339,0.000000
47883,0,0.004338,0.000000
47884,0,0.004336,0.000000
47885,0,0.004335,0.000000
47886,0,0.004334,0.000000
47887,0,0.004332,0.000000
47888,0,0.004331,0.000000
47889,0,0.004330,0.000000
47890,0,0.004328,0.000000
47891,0,0.004327,0.000000
47892,0,0.004325,0.000000
47893,0,0.004324,0.000000
47894,0,0.004323,0.000000
47895,0,0.004321,0.000000
47896,0,0.004320,0.000000
47897,0,0.004319,0.000000
47898,0,0.004317,0.000000
47899,0,0.004316,0.000000
47900,0,0.004314,0.000000
47901,0,0.004313,0.000000
47902,0,0.004312,0.000000
47903,0,0.004310,0.000000
47904,0,0.004309,0.000000
47905,0,0.004308,0.000000
47906,0,0.004306,0.000000
47907,0,0.004305,0.000000
47908,0,0.004303,0.000000
47909,0,0.004302,0.000000
47910,0,0.004301,0.000000
47911,0,0.004299,0.000000
47912,0,0.004298,0.000000
47913,0,0.004297,0.000000
47914,0,0.004295,0.000000
47915,0,0.004294,0.000000
47916,0,0.004293,0.000000
47917,0,0.004291,0.000000
47918,0,0.004290,0.000000
47919,0,0.004288,0.000000
47920,0,0.004287,0.000000
47921,0,0.004286,0.000000
47922,0,0.004284,0.000000
47923,0,0.004283,0.000000
47924,0,0.004282,0.000000
47925,0,0.004280,0.000000
47926,0,0.004279,0.000000
47927,0,0.004278,0.000000
47928,0,0.004276,0.000000
47929,0,0.004275,0.000000
47930,0,0.004273,0.000000
47931,0,0.004272,0.000000
47932,0,0.004271,0.000000
47933,0,0.004269,0.000000
47934,0,0.004268,0.000000
47935,0,0.004267,0.000000
47936,0,0.004265,0.000000
47937,0,0.004264,0.000000
47938,0,0.004263,0.000000
47939,0,0.004261,0.000000
47940,0,0.004260,0.000000
47941,0,0.004259,0.000000
47942,0,0.004257,0.000000
47943,0,0.004256,0.000000
47944,0,0.004255,0.000000
47945,0,0.004253,0.000000
47946,0,0.004252,0.000000
47947,0,0.004251,0.000000
47948,0,0.004249,0.000000
47949,0,0.004248,0.000000
47950,0,0.004247,0.000000
47951,0,0.004245,0.000000
47952,0,0.004244,0.000000
47953,0,0.004243,0.000000
47954,0,0.004241,0.000000
47955,0,0.004240,0.000000
47956,0,0.004238,0.000000
47957,0,0.004237,0.000000
47958,0,0.004236,0.000000
47959,0,0.004234,0.000000
47960,0,0.004233,0.000000
47961,0,0.004232,0.000000
47962,0,0.004230,0.000000
47963,0,0.004229,0.000000
47964,0,0.004228,0.000000
47965,0,0.004226,0.000000
47966,0,0.004225,0.000000
47967,0,0.004224,0.000000
47968,0,0.004222,0.000000
47969,0,0.004221,0.000000
47970,0,0.004220,0.000000
47971,0,0.004218,0.000000
47972,0,0.004217,0.000000
47973,0,0.004216,0.000000
47974,0,0.004215,0.000000
47975,0,0.004213,0.000000
47976,0,0.004212,0.000000
47977,0,0.004211,0.000000
47978,0,0.004209,0.000000
47979,0,0.004208,0.000000
47980,0,0.004207,0.000000
47981,0,0.004205,0.000000
47982,0,0.004204,0.000000
47983,0,0.004203,0.000000
47984,0,0.004201,0.000000
47985,0,0.004200,0.000000
47986,0,0.004199,0.000000
47987,0,0.004197,0.000000
47988,0,0.004196,0.000000
47989,0,0.004195,0.000000
47990,0,0.004193,0.000000
47991,0,0.004192,0.000000
47992,0,0.004191,0.000000
47993,0,0.004189,0.000000
47994,0,0.004188,0.000000
47995,0,0.004187,0.000000
47996,0,0.004185,0.000000
47997,0,0.004184,0.000000
47998,0,0.004183,0.000000
47999,0,0.004182,0.000000
48000,0,0.004180,0.000000
48001,0,0.004179,0.000000
48002,0,0.004178,0.000000
48003,0,0.004176,0.000000
48004,0,0.004175,0.000000
48005,0,0.004174,0.000000
48006,0,0.004172,0.000000
48007,0,0.004171,0.000000
48008,0,0.004170,0.000000
48009,0,0.004168,0.000000
48010,0,0.004167,0.000000
48011,0,0.004166,0.000000
48012,0,0.004165,0.000000
48013,0,0.004163,0.000000
48014,0,0.004162,0.000000
48015,0,0.004161,0.000000
48016,0,0.004159,0.000000
48017,0,0.004158,0.000000
48018,0,0.004157,0.000000
48019,0,0.004155,0.000000
48020,0,0.004154,0.000000
48021,0,0.004153,0.000000
48022,0,0.004151,0.000000
48023,0,0.004150,0.000000
48024,0,0.004149,0.000000
48025,0,0.004148,0.000000
48026,0,0.004146,0.000000
48027,0,0.004145,0.000000
48028,0,0.004144,0.000000
48029,0,0.004142,0.000000
48030,0,0.004141,0.000000
48031,0,0.004140,0.000000
48032,0,0.004139,0.000000
48033,0,0.004137,0.000000
48034,0,0.004136,0.000000
48035,0,0.004135,0.000000
48036,0,0.004133,0.000000
48037,0,0.004132,0.000000
48038,0,0.004131,0.000000
48039,0,0.004130,0.000000
48040,0,0.004128,0.000000
48041,0,0.004127,0.000000
48042,0,0.004126,0.000000
48043,0,0.004124,0.000000
48044,0,0.004123,0.000000
48045,0,0.004122,0.000000
48046,0,0.004120,0.000000
48047,0,0.004119,0.000000
48048,0,0.004118,0.000000
48049,0,0.004117,0.000000
48050,0,0.004115,0.000000
48051,0,0.004114,0.000000
48052,0,0.004113,0.000000
48053,0,0.004112,0.000000
48054,0,0.004110,0.000000
48055,0,0.004109,0.000000
48056,0,0.004108,0.000000
48057,0,0.004106,0.000000
48058,0,0.004105,0.000000
48059,0,0.004104,0.000000
48060,0,0.004103,0.000000
48061,0,0.004101,0.000000
48062,0,0.004100,0.000000
48063,0,0.004099,0.000000
48064,0,0.004097,0.000000
48065,0,0.004096,0.000000
48066,0,0.004095,0.000000
48067,0,0.004094,0.000000
48068,0,0.004092,0.000000
48069,0,0.004091,0.000000
48070,0,0.004090,0.000000
48071,0,0.004089,0.000000
48072,0,0.004087,0.000000
48073,0,0.004086,0.000000
48074,0,0.004085,0.000000
48075,0,0.004083,0.000000
48076,0,0.004082,0.000000
48077,0,0.004081,0.000000
48078,0,0.004080,0.000000
48079,0,0.004078,0.000000
48080,0,0.004077,0.000000
48081,0,0.004076,0.000000
48082,0,0.004075,0.000000
48083,0,0.004073,0.000000
48084,0,0.004072,0.000000
48085,0,0.004071,0.000000
48086,0,0.004070,0.000000
48087,0,0.004068,0.000000
48088,0,0.004067,0.000000
48089,0,0.004066,0.000000
48090,0,0.004065,0.000000
48091,0,0.004063,0.000000
48092,0,0.004062,0.000000
48093,0,0.004061,0.000000
48094,0,0.004060,0.000000
48095,0,0.004058,0.000000
48096,0,0.004057,0.000000
48097,0,0.004056,0.000000
48098,0,0.004054,0.000000
48099,0,0.004053,0.000000
48100,0,0.004052,0.000000
48101,0,0.004051,0.000000
48102,0,0.004049,0.000000
48103,0,0.004048,0.000000
48104,0,0.004047,0.000000
48105,0,0.004046,0.000000
48106,0,0.004044,0.000000
48107,0,0.004043,0.000000
48108,0,0.004042,0.000000
48109,0,0.004041,0.000000
48110,0,0.004039,0.000000
48111,0,0.004038,0.000000
48112,0,0.004037,0.000000
48113,0,0.004036,0.000000
48114,0,0.004034,0.000000
48115,0,0.004033,0.000000
48116,0,0.004032,0.000000
48117,0,0.004031,0.000000
48118,0,0.004030,0.000000
48119,0,0.004028,0.000000
48120,0,0.004027,0.000000
48121,0,0.004026,0.000000
48122,0,0.004025,0.000000
48123,0,0.004023,0.000000
48124,0,0.004022,0.000000
48125,0,0.004021,0.000000
48126,0,0.004020,0.000000
48127,0,0.004018,0.000000
48128,0,0.004017,0.000000
48129,0,0.004016,0.000000
48130,0,0.004015,0.000000
48131,0,0.004013,0.000000
48132,0,0.004012,0.000000
48133,0,0.004011,0.000000
48134,0,0.004010,0.000000
48135,0,0.004008,0.000000
48136,0,0.004007,0.000000
48137,0,0.004006,0.000000
48138,0,0.004005,0.000000
48139,0,0.004004,0.000000
48140,0,0.004002,0.000000
48141,0,0.004001,0.000000
48142,0,0.004000,0.000000
48143,0,0.003999,0.000000
48144,0,0.003997,0.000000
48145,0,0.003996,0.000000
48146,0,0.003995,0.000000
48147,0,0.003994,0.000000
48148,0,0.003992,0.000000
48149,0,0.003991,0.000000
48150,0,0.003990,0.000000
48151,0,0.003989,0.000000
48152,0,0.003988,0.000000
48153,0,0.003986,0.000000
48154,0,0.003985,0.000000
48155,0,0.003984,0.000000
48156,0,0.003983,0.000000
48157,0,0.003981,0.000000
48158,0,0.003980,0.000000
48159,0,0.003979,0.000000
48160,0,0.003978,0.000000
48161,0,0.003977,0.000000
48162,0,0.003975,0.000000
48163,0,0.003974,0.000000
48164,0,0.003973,0.000000
48165,0,0.003972,0.000000
48166,0,0.003970,0.000000
48167,0,0.003969,0.000000
48168,0,0.003968,0.000000
48169,0,0.003967,0.000000
48170,0,0.003966,0.000000
48171,0,0.003964,0.000000
48172,0,0.003963,0.000000
48173,0,0.003962,0.000000
48174,0,0.003961,0.000000
48175,0,0.003959,0.000000
48176,0,0.003958,0.000000
48177,0,0.003957,0.000000
48178,0,0.003956,0.000000
48179,0,0.003955,0.000000
48180,0,0.003953,0.000000
48181,0,0.003952,0.000000
48182,0,0.003951,0.000000
48183,0,0.003950,0.000000
48184,0,0.003949,0.000000
48185,0,0.003947,0.000000
48186,0,0.003946,0.000000
48187,0,0.003945,0.000000
48188,0,0.003944,0.000000
48189,0,0.003943,0.000000
48190,0,0.003941,0.000000
48191,0,0.003940,0.000000
48192,0,0.003939,0.000000
48193,0,0.003938,0.000000
48194,0,0.003937,0.000000
48195,0,0.003935,0.000000
48196,0,0.003934,0.000000
48197,0,0.003933,0.000000
48198,0,0.003932,0.000000
48199,0,0.003931,0.000000
48200,0,0.003929,0.000000
48201,0,0.003928,0.000000
48202,0,0.003927,0.000000
48203,0,0.003926,0.000000
48204,0,0.003925,0.000000
48205,0,0.003923,0.000000
48206,0,0.003922,0.000000
48207,0,0.003921,0.000000
48208,0,0.003920,0.000000
48209,0,0.003919,0.000000
48210,0,0.003917,0.000000
48211,0,0.003916,0.000000
48212,0,0.003915,0.000000
48213,0,0.003914,0.000000
48214,0,0.003913,0.000000
48215,0,0.003911,0.000000
48216,0,0.003910,0.000000
48217,0,0.003909,0.000000
48218,0,0.003908,0.000000
48219,0,0.003907,0.000000
48220,0,0.003905,0.000000
48221,0,0.003904,0.000000
48222,0,0.003903,0.000000
48223,0,0.003902,0.000000
48224,0,0.003901,0.000000
48225,0,0.003899,0.000000
48226,0,0.003898,0.000000
48227,0,0.003897,0.000000
48228,0,0.003896,0.000000
48229,0,0.003895,0.000000
48230,0,0.003894,0.000000
48231,0,0.003892,0.000000
48232,0,0.003891,0.000000
48233,0,0.003890,0.000000
48234,0,0.003889,0.000000
48235,0,0.003888,0.000000
48236,0,0.003886,0.000000
48237,0,0.003885,0.000000
48238,0,0.003884,0.000000
48239,0,0.003883,0.000000
48240,0,0.003882,0.000000
48241,0,0.003881,0.000000
48242,0,0.003879,0.000000
48243,0,0.003878,0.000000
48244,0,0.003877,0.000000
48245,0,0.003876,0.000000
48246,0,0.003875,0.000000
48247,0,0.003873,0.000000
48248,0,0.003872,0.000000
48249,0,0.003871,0.000000
48250,0,0.003870,0.000000
48251,0,0.003869,0.000000
48252,0,0.003868,0.000000
48253,0,0.003866,0.000000
48254,0,0.003865,0.000000
48255,0,0.003864,0.000000
48256,0,0.003863,0.000000
48257,0,0.003862,0.000000
48258,0,0.003861,0.000000
48259,0,0.003859,0.000000
48260,0,0.003858,0.000000
48261,0,0.003857,0.000000
48262,0,0.003856,0.000000
48263,0,0.003855,0.000000
48264,0,0.003854,0.000000
48265,0,0.003852,0.000000
48266,0,0.003851,0.000000
48267,0,0.003850,0.000000
48268,0,0.003849,0.000000
48269,0,0.003848,0.000000
48270,0,0.003847,0.000000
48271,0,0.003845,0.000000
48272,0,0.003844,0.000000
48273,0,0.003843,0.000000
48274,0,0.003842,0.000000
48275,0,0.003841,0.000000
48276,0,0.003840,0.000000
48277,0,0.003838,0.000000
48278,0,0.003837,0.000000
48279,0,0.003836,0.000000
48280,0,0.003835,0.000000
48281,0,0.003834,0.000000
48282,0,0.003833,0.000000
48283,0,0.003831,0.000000
48284,0,0.003830,0.000000
48285,0,0.003829,0.000000
48286,0,0.003828,0.000000
48287,0,0.003827,0.000000
48288,0,0.003826,0.000000
48289,0,0.003825,0.000000
48290,0,0.003823,0.000000
48291,0,0.003822,0.000000
48292,0,0.003821,0.000000
48293,0,0.003820,0.000000
48294,0,0.003819,0.000000
48295,0,0.003818,0.000000
48296,0,0.003816,0.000000
48297,0,0.003815,0.000000
48298,0,0.003814,0.000000
48299,0,0.003813,0.000000
48300,0,0.003812,0.000000
48301,0,0.003811,0.000000
48302,0,0.003810,0.000000
48303,0,0.003808,0.000000
48304,0,0.003807,0.000000
48305,0,0.003806,0.000000
48306,0,0.003805,0.000000
48307,0,0.003804,0.000000
48308,0,0.003803,0.000000
48309,0,0.003802,0.000000
48310,0,0.003800,0.000000
48311,0,0.003799,0.000000
48312,0,0.003798,0.000000
48313,0,0.003797,0.000000
48314,0,0.003796,0.000000
48315,0,0.003795,0.000000
48316,0,0.003794,0.000000
48317,0,0.003792,0.000000
48318,0,0.003791,0.000000
48319,0,0.003790,0.000000
48320,0,0.003789,0.000000
48321,0,0.003788,0.000000
48322,0,0.003787,0.000000
48323,0,0.003786,0.000000
48324,0,0.003784,0.000000
48325,0,0.003783,0.000000
48326,0,0.003782,0.000000
48327,0,0.003781,0.000000
48328,0,0.003780,0.000000
48329,0,0.003779,0.000000
48330,0,0.003778,0.000000
48331,0,0.003776,0.000000
48332,0,0.003775,0.000000
48333,0,0.003774,0.000000
48334,0,0.003773,0.000000
48335,0,0.003772,0.000000
48336,0,0.003771,0.000000
48337,0,0.003770,0.000000
48338,0,0.003768,0.000000
48339,0,0.003767,0.000000
48340,0,0.003766,0.000000
48341,0,0.003765,0.000000
48342,0,0.003764,0.000000
48343,0,0.003763,0.000000
48344,0,0.003762,0.000000
48345,0,0.003761,0.000000
48346,0,0.003759,0.000000
48347,0,0.003758,0.000000
48348,0,0.003757,0.000000
48349,0,0.003756,0.000000
48350,0,0.003755,0.000000
48351,0,0.003754,0.000000
48352,0,0.003753,0.000000
48353,0,0.003752,0.000000
48354,0,0.003750,0.000000
48355,0,0.003749,0.000000
48356,0,0.003748,0.000000
48357,0,0.003747,0.000000
48358,0,0.003746,0.000000
48359,0,0.003745,0.000000
48360,0,0.003744,0.000000
48361,0,0.003743,0.000000
48362,0,0.003741,0.000000
48363,0,0.003740,0.000000
48364,0,0.003739,0.000000
48365,0,0.003738,0.000000
48366,0,0.003737,0.000000
48367,0,0.003736,0.000000
48368,0,0.003735,0.000000
48369,0,0.003734,0.000000
48370,0,0.003733,0.000000
48371,0,0.003731,0.000000
48372,0,0.003730,0.000000
48373,0,0.003729,0.000000
48374,0,0.003728,0.000000
48375,0,0.003727,0.000000
48376,0,0.003726,0.000000
48377,0,0.003725,0.000000
48378,0,0.003724,0.000000
48379,0,0.003722,0.000000
48380,0,0.003721,0.000000
48381,0,0.003720,0.000000
48382,0,0.003719,0.000000
48383,0,0.003718,0.000000
48384,0,0.003717,0.000000
48385,0,0.003716,0.000000
48386,0,0.003715,0.000000
48387,0,0.003714,0.000000
48388,0,0.003712,0.000000
48389,0,0.003711,0.000000
48390,0,0.003710,0.000000
48391,0,0.003709,0.000000
48392,0,0.003708,0.000000
48393,0,0.003707,0.000000
48394,0,0.003706,0.000000
48395,0,0.003705,0.000000
48396,0,0.003704,0.000000
48397,0,0.003703,0.000000
48398,0,0.003701,0.000000
48399,0,0.003700,0.000000
48400,0,0.003699,0.000000
48401,0,0.003698,0.000000
48402,0,0.003697,0.000000
48403,0,0.003696,0.000000
48404,0,0.003695,0.000000
48405,0,0.003694,0.000000
48406,0,0.003693,0.000000
48407,0,0.003692,0.000000
48408,0,0.003690,0.000000
48409,0,0.003689,0.000000
48410,0,0.003688,0.000000
48411,0,0.003687,0.000000
48412,0,0.003686,0.000000
48413,0,0.003685,0.000000
48414,0,0.003684,0.000000
48415,0,0.003683,0.000000
48416,0,0.003682,0.000000
48417,0,0.003681,0.000000
48418,0,0.003679,0.000000
48419,0,0.003678,0.000000
48420,0,0.003677,0.000000
48421,0,0.003676,0.000000
48422,0,0.003675,0.000000
48423,0,0.003674,0.000000
48424,0,0.003673,0.000000
48425,0,0.003672,0.000000
48426,0,0.003671,0.000000
48427,0,0.003670,0.000000
48428,0,0.003669,0.000000
48429,0,0.003667,0.000000
48430,0,0.003666,0.000000
48431,0,0.003665,0.000000
48432,0,0.003664,0.000000
48433,0,0.003663,0.000000
48434,0,0.003662,0.000000
48435,0,0.003661,0.000000
48436,0,0.003660,0.000000
48437,0,0.003659,0.000000
48438,0,0.003658,0.000000
48439,0,0.003657,0.000000
48440,0,0.003655,0.000000
48441,0,0.003654,0.000000
48442,0,0.003653,0.000000
48443,0,0.003652,0.000000
48444,0,0.003651,0.000000
48445,0,0.003650,0.000000
48446,0,0.003649,0.000000
48447,0,0.003648,0.000000
48448,0,0.003647,0.000000
48449,0,0.003646,0.000000
48450,0,0.003645,0.000000
48451,0,0.003644,0.000000
48452,0,0.003642,0.000000
48453,0,0.003641,0.000000
48454,0,0.003640,0.000000
48455,0,0.003639,0.000000
48456,0,0.003638,0.000000
48457,0,0.003637,0.000000
48458,0,0.003636,0.000000
48459,0,0.003635,0.000000
48460,0,0.003634,0.000000
48461,0,0.003633,0.000000
48462,0,0.003632,0.000000
48463,0,0.003631,0.000000
48464,0,0.003630,0.000000
48465,0,0.003628,0.000000
48466,0,0.003627,0.000000
48467,0,0.003626,0.000000
48468,0,0.003625,0.000000
48469,0,0.003624,0.000000
48470,0,0.003623,0.000000
48471,0,0.003622,0.000000
48472,0,0.003621,0.000000
48473,0,0.003620,0.000000
48474,0,0.003619,0.000000
48475,0,0.003618,0.000000
48476,0,0.003617,0.000000
48477,0,0.003616,0.000000
48478,0,0.003615,0.000000
48479,0,0.003613,0.000000
48480,0,0.003612,0.000000
48481,0,0.003611,0.000000
48482,0,0.003610,0.000000
48483,0,0.003609,0.000000
48484,0,0.003608,0.000000
48485,0,0.003607,0.000000
48486,0,0.003606,0.000000
48487,0,0.003605,0.000000
48488,0,0.003604,0.000000
48489,0,0.003603,0.000000
48490,0,0.003602,0.000000
48491,0,0.003601,0.000000
48492,0,0.003600,0.000000
48493,0,0.003599,0.000000
48494,0,0.003597,0.000000
48495,0,0.003596,0.000000
48496,0,0.003595,0.000000
48497,0,0.003594,0.000000
48498,0,0.003593,0.000000
48499,0,0.003592,0.000000
48500,0,0.003591,0.000000
48501,0,0.003590,0.000000
48502,0,0.003589,0.000000
48503,0,0.003588,0.000000
48504,0,0.003587,0.000000
48505,0,0.003586,0.000000
48506,0,0.003585,0.000000
48507,0,0.003584,0.000000
48508,0,0.003583,0.000000
48509,0,0.003582,0.000000
48510,0,0.003581,0.000000
48511,0,0.003580,0.000000
48512,0,0.003578,0.000000
48513,0,0.003577,0.000000
48514,0,0.003576,0.000000
48515,0,0.003575,0.000000
48516,0,0.003574,0.000000
48517,0,0.003573,0.000000
48518,0,0.003572,0.000000
48519,0,0.003571,0.000000
48520,0,0.003570,0.000000
48521,0,0.003569,0.000000
48522,0,0.003568,0.000000
48523,0,0.003567,0.000000
48524,0,0.003566,0.000000
48525,0,0.003565,0.000000
48526,0,0.003564,0.000000
48527,0,0.003563,0.000000
48528,0,0.003562,0.000000
48529,0,0.003561,0.000000
48530,0,0.003560,0.000000
48531,0,0.003558,0.000000
48532,0,0.003557,0.000000
48533,0,0.003556,0.000000
48534,0,0.003555,0.000000
48535,0,0.003554,0.000000
48536,0,0.003553,0.000000
48537,0,0.003552,0.000000
48538,0,0.003551,0.000000
48539,0,0.003550,0.000000
48540,0,0.003549,0.000000
48541,0,0.003548,0.000000
48542,0,0.003547,0.000000
48543,0,0.003546,0.000000
48544,0,0.003545,0.000000
48545,0,0.003544,0.000000
48546,0,0.003543,0.000000
48547,0,0.003542,0.000000
48548,0,0.003541,0.000000
48549,0,0.003540,0.000000
48550,0,0.003539,0.000000
48551,0,0.003538,0.000000
48552,0,0.003537,0.000000
48553,0,0.003536,0.000000
48554,0,0.003535,0.000000
48555,0,0.003534,0.000000
48556,0,0.003532,0.000000
48557,0,0.003531,0.000000
48558,0,0.003530,0.000000
48559,0,0.003529,0.000000
48560,0,0.003528,0.000000
48561,0,0.003527,0.000000
48562,0,0.003526,0.000000
48563,0,0.003525,0.000000
48564,0,0.003524,0.000000
48565,0,0.003523,0.000000
48566,0,0.003522,0.000000
48567,0,0.003521,0.000000
48568,0,0.003520,0.000000
48569,0,0.003519,0.000000
48570,0,0.003518,0.000000
48571,0,0.003517,0.000000
48572,0,0.003516,0.000000
48573,0,0.003515,0.000000
48574,0,0.003514,0.000000
48575,0,0.003513,0.000000
48576,0,0.003512,0.000000
48577,0,0.003511,0.000000
48578,0,0.003510,0.000000
48579,0,0.003509,0.000000
48580,0,0.003508,0.000000
48581,0,0.003507,0.000000
48582,0,0.003506,0.000000
48583,0,0.003505,0.000000
48584,0,0.003504,0.000000
48585,0,0.003503,0.000000
48586,0,0.003502,0.000000
48587,0,0.003501,0.000000
48588,0,0.003500,0.000000
48589,0,0.003499,0.000000
48590,0,0.003497,0.000000
48591,0,0.003496,0.000000
48592,0,0.003495,0.000000
48593,0,0.003494,0.000000
48594,0,0.003493,0.000000
48595,0,0.003492,0.000000
48596,0,0.003491,0.000000
48597,0,0.003490,0.000000
48598,0,0.003489,0.000000
48599,0,0.003488,0.000000
48600,0,0.003487,0.000000
48601,0,0.003486,0.000000
48602,0,0.003485,0.000000
48603,0,0.003484,0.000000
48604,0,0.003483,0.000000
48605,0,0.003482,0.000000
48606,0,0.003481,0.000000
48607,0,0.003480,0.000000
48608,0,0.003479,0.000000
48609,0,0.003478,0.000000
48610,0,0.003477,0.000000
48611,0,0.003476,0.000000
48612,0,0.003475,0.000000
48613,0,0.003474,0.000000
48614,0,0.003473,0.000000
48615,0,0.003472,0.000000
48616,0,0.003471,0.000000
48617,0,0.003470,0.000000
48618,0,0.003469,0.000000
48619,0,0.003468,0.000000
48620,0,0.003467,0.000000
48621,0,0.003466,0.000000
48622,0,0.003465,0.000000
48623,0,0.003464,0.000000
48624,0,0.003463,0.000000
48625,0,0.003462,0.000000
48626,0,0.003461,0.000000
48627,0,0.003460,0.000000
48628,0,0.003459,0.000000
48629,0,0.003458,0.000000
48630,0,0.003457,0.000000
48631,0,0.003456,0.000000
48632,0,0.003455,0.000000
48633,0,0.003454,0.000000
48634,0,0.003453,0.000000
48635,0,0.003452,0.000000
48636,0,0.003451,0.000000
48637,0,0.003450,0.000000
48638,0,0.003449,0.000000
48639,0,0.003448,0.000000
48640,0,0.003447,0.000000
48641,0,0.003446,0.000000
48642,0,0.003445,0.000000
48643,0,0.003444,0.000000
48644,0,0.003443,0.000000
48645,0,0.003442,0.000000
48646,0,0.003441,0.000000
48647,0,0.003440,0.000000
48648,0,0.003439,0.000000
48649,0,0.003438,0.000000
48650,0,0.003437,0.000000
48651,0,0.003436,0.000000
48652,0,0.003435,0.000000
48653,0,0.003434,0.000000
48654,0,0.003433,0.000000
48655,0,0.003432,0.000000
48656,0,0.003431,0.000000
48657,0,0.003430,0.000000
48658,0,0.003429,0.000000
48659,0,0.003428,0.000000
48660,0,0.003427,0.000000
48661,0,0.003426,0.000000
48662,0,0.003425,0.000000
48663,0,0.003424,0.000000
48664,0,0.003423,0.000000
48665,0,0.003422,0.000000
48666,0,0.003421,0.000000
48667,0,0.003420,0.000000
48668,0,0.003419,0.000000
48669,0,0.003418,0.000000
48670,0,0.003417,0.000000
48671,0,0.003416,0.000000
48672,0,0.003415,0.000000
48673,0,0.003414,0.000000
48674,0,0.003413,0.000000
48675,0,0.003412,0.000000
48676,0,0.003411,0.000000
48677,0,0.003410,0.000000
48678,0,0.003409,0.000000
48679,0,0.003408,0.000000
48680,0,0.003407,0.000000
48681,0,0.003406,0.000000
48682,0,0.003405,0.000000
48683,0,0.003404,0.000000
48684,0,0.003403,0.000000
48685,0,0.003402,0.000000
48686,0,0.003401,0.000000
48687,0,0.003400,0.000000
48688,0,0.003399,0.000000
48689,0,0.003398,0.000000
48690,0,0.003397,0.000000
48691,0,0.003396,0.000000
48692,0,0.003395,0.000000
48693,0,0.003394,0.000000
48694,0,0.003393,0.000000
48695,0,0.003392,0.000000
48696,0,0.003391,0.000000
48697,0,0.003390,0.000000
48698,0,0.003389,0.000000
48699,0,0.003388,0.000000
48700,0,0.003387,0.000000
48701,0,0.003386,0.000000
48702,0,0.003385,0.000000
48703,0,0.003385,0.000000
48704,0,0.003384,0.000000
48705,0,0.003383,0.000000
48706,0,0.003382,0.000000
48707,0,0.003381,0.000000
48708,0,0.003380,0.000000
48709,0,0.003379,0.000000
48710,0,0.003378,0.000000
48711,0,0.003377,0.000000
48712,0,0.003376,0.000000
48713,0,0.003375,0.000000
48714,0,0.003374,0.000000
48715,0,0.003373,0.000000
48716,0,0.003372,0.000000
48717,0,0.003371,0.000000
48718,0,0.003370,0.000000
48719,0,0.003369,0.000000
48720,0,0.003368,0.000000
48721,0,0.003367,0.000000
48722,0,0.003366,0.000000
48723,0,0.003365,0.000000
48724,0,0.003364,0.000000
48725,0,0.003363,0.000000
48726,0,0.003362,0.000000
48727,0,0.003361,0.000000
48728,0,0.003360,0.000000
48729,0,0.003359,0.000000
48730,0,0.003358,0.000000
48731,0,0.003357,0.000000
48732,0,0.003356,0.000000
48733,0,0.003355,0.000000
48734,0,0.003354,0.000000
48735,0,0.003353,0.000000
48736,0,0.003352,0.000000
48737,0,0.003351,0.000000
48738,0,0.003351,0.000000
48739,0,0.003350,0.000000
48740,0,0.003349,0.000000
48741,0,0.003348,0.000000
48742,0,0.003347,0.000000
48743,0,0.003346,0.000000
48744,0,0.003345,0.000000
48745,0,0.003344,0.000000
48746,0,0.003343,0.000000
48747,0,0.003342,0.000000
48748,0,0.003341,0.000000
48749,0,0.003340,0.000000
48750,0,0.003339,0.000000
48751,0,0.003338,0.000000
48752,0,0.003337,0.000000
48753,0,0.003336,0.000000
48754,0,0.003335,0.000000
48755,0,0.003334,0.000000
48756,0,0.003333,0.000000
48757,0,0.003332,0.000000
48758,0,0.003331,0.000000
48759,0,0.003330,0.000000
48760,0,0.003329,0.000000
48761,0,0.003328,0.000000
48762,0,0.003327,0.000000
48763,0,0.003327,0.000000
48764,0,0.003326,0.000000
48765,0,0.003325,0.000000
48766,0,0.003324,0.000000
48767,0,0.003323,0.000000
48768,0,0.003322,0.000000
48769,0,0.003321,0.000000
48770,0,0.003320,0.000000
48771,0,0.003319,0.000000
48772,0,0.003318,0.000000
48773,0,0.003317,0.000000
48774,0,0.003316,0.000000
48775,0,0.003315,0.000000
48776,0,0.003314,0.000000
48777,0,0.003313,0.000000
48778,0,0.003312,0.000000
48779,0,0.003311,0.000000
48780,0,0.003310,0.000000
48781,0,0.003309,0.000000
48782,0,0.003308,0.000000
48783,0,0.003307,0.000000
48784,0,0.003307,0.000000
48785,0,0.003306,0.000000
48786,0,0.003305,0.000000
48787,0,0.003304,0.000000
48788,0,0.003303,0.000000
48789,0,0.003302,0.000000
48790,0,0.003301,0.000000
48791,0,0.003300,0.000000
48792,0,0.003299,0.000000
48793,0,0.003298,0.000000
48794,0,0.003297,0.000000
48795,0,0.003296,0.000000
48796,0,0.003295,0.000000
48797,0,0.003294,0.000000
48798,0,0.003293,0.000000
48799,0,0.003292,0.000000
48800,0,0.003291,0.000000
48801,0,0.003290,0.000000
48802,0,0.003289,0.000000
48803,0,0.003289,0.000000
48804,0,0.003288,0.000000
48805,0,0.003287,0.000000
48806,0,0.003286,0.000000
48807,0,0.003285,0.000000
48808,0,0.003284,0.000000
48809,0,0.003283,0.000000
48810,0,0.003282,0.000000
48811,0,0.003281,0.000000
48812,0,0.003280,0.000000
48813,0,0.003279,0.000000
48814,0,0.003278,0.000000
48815,0,0.003277,0.000000
48816,0,0.003276,0.000000
48817,0,0.003275,0.000000
48818,0,0.003274,0.000000
48819,0,0.003274,0.000000
48820,0,0.003273,0.000000
48821,0,0.003272,0.000000
48822,0,0.003271,0.000000
48823,0,0.003270,0.000000
48824,0,0.003269,0.000000
48825,0,0.003268,0.000000
48826,0,0.003267,0.000000
48827,0,0.003266,0.000000
48828,0,0.003265,0.000000
48829,0,0.003264,0.000000
48830,0,0.003263,0.000000
48831,0,0.003262,0.000000
48832,0,0.003261,0.000000
48833,0,0.003260,0.000000
48834,0,0.003260,0.000000
48835,0,0.003259,0.000000
48836,0,0.003258,0.000000
48837,0,0.003257,0.000000
48838,0,0.003256,0.000000
48839,0,0.003255,0.000000
48840,0,0.003254,0.000000
48841,0,0.003253,0.000000
48842,0,0.003252,0.000000
48843,0,0.003251,0.000000
48844,0,0.003250,0.000000
48845,0,0.003249,0.000000
48846,0,0.003248,0.000000
48847,0,0.003247,0.000000
48848,0,0.003247,0.000000
48849,0,0.003246,0.000000
48850,0,0.003245,0.000000
48851,0,0.003244,0.000000
48852,0,0.003243,0.000000
48853,0,0.003242,0.000000
48854,0,0.003241,0.000000
48855,0,0.003240,0.000000
48856,0,0.003239,0.000000
48857,0,0.003238,0.000000
48858,0,0.003237,0.000000
48859,0,0.003236,0.000000
48860,0,0.003235,0.000000
48861,0,0.003235,0.000000
48862,0,0.003234,0.000000
48863,0,0.003233,0.000000
48864,0,0.003232,0.000000
48865,0,0.003231,0.000000
48866,0,0.003230,0.000000
48867,0,0.003229,0.000000
48868,0,0.003228,0.000000
48869,0,0.003227,0.000000
48870,0,0.003226,0.000000
48871,0,0.003225,0.000000
48872,0,0.003224,0.000000
48873,0,0.003224,0.000000
48874,0,0.003223,0.000000
48875,0,0.003222,0.000000
48876,0,0.003221,0.000000
48877,0,0.003220,0.000000
48878,0,0.003219,0.000000
48879,0,0.003218,0.000000
48880,0,0.003217,0.000000
48881,0,0.003216,0.000000
48882,0,0.003215,0.000000
48883,0,0.003214,0.000000
48884,0,0.003213,0.000000
48885,0,0.003213,0.000000
48886,0,0.003212,0.000000
48887,0,0.003211,0.000000
48888,0,0.003210,0.000000
48889,0,0.003209,0.000000
48890,0,0.003208,0.000000
48891,0,0.003207,0.000000
48892,0,0.003206,0.000000
48893,0,0.003205,0.000000
48894,0,0.003204,0.000000
48895,0,0.003203,0.000000
48896,0,0.003203,0.000000
48897,0,0.003202,0.000000
48898,0,0.003201,0.000000
48899,0,0.003200,0.000000
48900,0,0.003199,0.000000
48901,0,0.003198,0.000000
48902,0,0.003197,0.000000
48903,0,0.003196,0.000000
48904,0,0.003195,0.000000
48905,0,0.003194,0.000000
48906,0,0.003193,0.000000
48907,0,0.003193,0.000000
48908,0,0.003192,0.000000
48909,0,0.003191,0.000000
48910,0,0.003190,0.000000
48911,0,0.003189,0.000000
48912,0,0.003188,0.000000
48913,0,0.003187,0.000000
48914,0,0.003186,0.000000
48915,0,0.003185,0.000000
48916,0,0.003184,0.000000
48917,0,0.003183,0.000000
48918,0,0.003183,0.000000
48919,0,0.003182,0.000000
48920,0,0.003181,0.000000
48921,0,0.003180,0.000000
48922,0,0.003179,0.000000
48923,0,0.003178,0.000000
48924,0,0.003177,0.000000
48925,0,0.003176,0.000000
48926,0,0.003175,0.000000
48927,0,0.003174,0.000000
48928,0,0.003174,0.000000
48929,0,0.003173,0.000000
48930,0,0.003172,0.000000
48931,0,0.003171,0.000000
48932,0,0.003170,0.000000
48933,0,0.003169,0.000000
48934,0,0.003168,0.000000
48935,0,0.003167,0.000000
48936,0,0.003166,0.000000
48937,0,0.003165,0.000000
48938,0,0.003165,0.000000
48939,0,0.003164,0.000000
48940,0,0.003163,0.000000
48941,0,0.003162,0.000000
48942,0,0.003161,0.000000
48943,0,0.003160,0.000000
48944,0,0.003159,0.000000
48945,0,0.003158,0.000000
48946,0,0.003157,0.000000
48947,0,0.003157,0.000000
48948,0,0.003156,0.000000
48949,0,0.003155,0.000000
48950,0,0.003154,0.000000
48951,0,0.003153,0.000000
48952,0,0.003152,0.000000
48953,0,0.003151,0.000000
48954,0,0.003150,0.000000
48955,0,0.003149,0.000000
48956,0,0.003149,0.000000
48957,0,0.003148,0.000000
48958,0,0.003147,0.000000
48959,0,0.003146,0.000000
48960,0,0.003145,0.000000
48961,0,0.003144,0.000000
48962,0,0.003143,0.000000
48963,0,0.003142,0.000000
48964,0,0.003141,0.000000
48965,0,0.003141,0.000000
48966,0,0.003140,0.000000
48967,0,0.003139,0.000000
48968,0,0.003138,0.000000
48969,0,0.003137,0.000000
48970,0,0.003136,0.000000
48971,0,0.003135,0.000000
48972,0,0.003134,0.000000
48973,0,0.003133,0.000000
48974,0,0.003133,0.000000
48975,0,0.003132,0.000000
48976,0,0.003131,0.000000
48977,0,0.003130,0.000000
48978,0,0.003129,0.000000
48979,0,0.003128,0.000000
48980,0,0.003127,0.000000
48981,0,0.003126,0.000000
48982,0,0.003126,0.000000
48983,0,0.003125,0.000000
48984,0,0.003124,0.000000
48985,0,0.003123,0.000000
48986,0,0.003122,0.000000
48987,0,0.003121,0.000000
48988,0,0.003120,0.000000
48989,0,0.003119,0.000000
48990,0,0.003118,0.000000
48991,0,0.003118,0.000000
48992,0,0.003117,0.000000
48993,0,0.003116,0.000000
48994,0,0.003115,0.000000
48995,0,0.003114,0.000000
48996,0,0.003113,0.000000
48997,0,0.003112,0.000000
48998,0,0.003111,0.000000
48999,0,0.003111,0.000000
49000,0,0.003110,0.000000
49001,0,0.003109,0.000000
49002,0,0.003108,0.000000
49003,0,0.003107,0.000000
49004,0,0.003106,0.000000
49005,0,0.003105,0.000000
49006,0,0.003104,0.000000
49007,0,0.003104,0.000000
49008,0,0.003103,0.000000
49009,0,0.003102,0.000000
49010,0,0.003101,0.000000
49011,0,0.003100,0.000000
49012,0,0.003099,0.000000
49013,0,0.003098,0.000000
49014,0,0.003097,0.000000
49015,0,0.003097,0.000000
49016,0,0.003096,0.000000
49017,0,0.003095,0.000000
49018,0,0.003094,0.000000
49019,0,0.003093,0.000000
49020,0,0.003092,0.000000
49021,0,0.003091,0.000000
49022,0,0.003091,0.000000
49023,0,0.003090,0.000000
49024,0,0.003089,0.000000
49025,0,0.003088,0.000000
49026,0,0.003087,0.000000
49027,0,0.003086,0.000000
49028,0,0.003085,0.000000
49029,0,0.003084,0.000000
49030,0,0.003084,0.000000
49031,0,0.003083,0.000000
49032,0,0.003082,0.000000
49033,0,0.003081,0.000000
49034,0,0.003080,0.000000
49035,0,0.003079,0.000000
49036,0,0.003078,0.000000
49037,0,0.003078,0.000000
49038,0,0.003077,0.000000
49039,0,0.003076,0.000000
49040,0,0.003075,0.000000
49041,0,0.003074,0.000000
49042,0,0.003073,0.000000
49043,0,0.003072,0.000000
49044,0,0.003071,0.000000
49045,0,0.003071,0.000000
49046,0,0.003070,0.000000
49047,0,0.003069,0.000000
49048,0,0.003068,0.000000
49049,0,0.003067,0.000000
49050,0,0.003066,0.000000
49051,0,0.003065,0.000000
49052,0,0.003065,0.000000
49053,0,0.003064,0.000000
49054,0,0.003063,0.000000
49055,0,0.003062,0.000000
49056,0,0.003061,0.000000
49057,0,0.003060,0.000000
49058,0,0.003059,0.000000
49059,0,0.003059,0.000000
49060,0,0.003058,0.000000
49061,0,0.003057,0.000000
49062,0,0.003056,0.000000
49063,0,0.003055,0.000000
49064,0,0.003054,0.000000
49065,0,0.003053,0.000000
49066,0,0.003053,0.000000
49067,0,0.003052,0.000000
49068,0,0.003051,0.000000
49069,0,0.003050,0.000000
49070,0,0.003049,0.000000
49071,0,0.003048,0.000000
49072,0,0.003047,0.000000
49073,0,0.003047,0.000000
49074,0,0.003046,0.000000
49075,0,0.003045,0.000000
49076,0,0.003044,0.000000
49077,0,0.003043,0.000000
49078,0,0.003042,0.000000
49079,0,0.003042,0.000000
49080,0,0.003041,0.000000
49081,0,0.003040,0.000000
49082,0,0.003039,0.000000
49083,0,0.003038,0.000000
49084,0,0.003037,0.000000
49085,0,0.003036,0.000000
49086,0,0.003036,0.000000
49087,0,0.003035,0.000000
49088,0,0.003034,0.000000
49089,0,0.003033,0.000000
49090,0,0.003032,0.000000
49091,0,0.003031,0.000000
49092,0,0.003030,0.000000
49093,0,0.003030,0.000000
49094,0,0.003029,0.000000
49095,0,0.003028,0.000000
49096,0,0.003027,0.000000
49097,0,0.003026,0.000000
49098,0,0.003025,0.000000
49099,0,0.003025,0.000000
49100,0,0.003024,0.000000
49101,0,0.003023,0.000000
49102,0,0.003022,0.000000
49103,0,0.003021,0.000000
49104,0,0.003020,0.000000
49105,0,0.003020,0.000000
49106,0,0.003019,0.000000
49107,0,0.003018,0.000000
49108,0,0.003017,0.000000
49109,0,0.003016,0.000000
49110,0,0.003015,0.000000
49111,0,0.003014,0.000000
49112,0,0.003014,0.000000
49113,0,0.003013,0.000000
49114,0,0.003012,0.000000
49115,0,0.003011,0.000000
49116,0,0.003010,0.000000
49117,0,0.003009,0.000000
49118,0,0.003009,0.000000
49119,0,0.003008,0.000000
49120,0,0.003007,0.000000
49121,0,0.003006,0.000000
49122,0,0.003005,0.000000
49123,0,0.003004,0.000000
49124,0,0.003004,0.000000
49125,0,0.003003,0.000000
49126,0,0.003002,0.000000
49127,0,0.003001,0.000000
49128,0,0.003000,0.000000
49129,0,0.002999,0.000000
49130,0,0.002999,0.000000
49131,0,0.002998,0.000000
49132,0,0.002997,0.000000
49133,0,0.002996,0.000000
49134,0,0.002995,0.000000
49135,0,0.002994,0.000000
49136,0,0.002994,0.000000
49137,0,0.002993,0.000000
49138,0,0.002992,0.000000
49139,0,0.002991,0.000000
49140,0,0.002990,0.000000
49141,0,0.002989,0.000000
49142,0,0.002989,0.000000
49143,0,0.002988,0.000000
49144,0,0.002987,0.000000
49145,0,0.002986,0.000000
49146,0,0.002985,0.000000
49147,0,0.002984,0.000000
49148,0,0.002984,0.000000
49149,0,0.002983,0.000000
49150,0,0.002982,0.000000
49151,0,0.002981,0.000000
49152,0,0.002980,0.000000
49153,0,0.002979,0.000000
49154,0,0.002979,0.000000
49155,0,0.002978,0.000000
49156,0,0.002977,0.000000
49157,0,0.002976,0.000000
49158,0,0.002975,0.000000
49159,0,0.002974,0.000000
49160,0,0.002974,0.000000
49161,0,0.002973,0.000000
49162,0,0.002972,0.000000
49163,0,0.002971,0.000000
49164,0,0.002970,0.000000
49165,0,0.002969,0.000000
49166,0,0.002969,0.000000
49167,0,0.002968,0.000000
49168,0,0.002967,0.000000
49169,0,0.002966,0.000000
49170,0,0.002965,0.000000
49171,0,0.002965,0.000000
49172,0,0.002964,0.000000
49173,0,0.002963,0.000000
49174,0,0.002962,0.000000
49175,0,0.002961,0.000000
49176,0,0.002960,0.000000
49177,0,0.002960,0.000000
49178,0,0.002959,0.000000
49179,0,0.002958,0.000000
49180,0,0.002957,0.000000
49181,0,0.002956,0.000000
49182,0,0.002955,0.000000
49183,0,0.002955,0.000000
49184,0,0.002954,0.000000
49185,0,0.002953,0.000000
49186,0,0.002952,0.000000
49187,0,0.002951,0.000000
49188,0,0.002951,0.000000
49189,0,0.002950,0.000000
49190,0,0.002949,0.000000
49191,0,0.002948,0.000000
49192,0,0.002947,0.000000
49193,0,0.002946,0.000000
49194,0,0.002946,0.000000
49195,0,0.002945,0.000000
49196,0,0.002944,0.000000
49197,0,0.002943,0.000000
49198,0,0.002942,0.000000
49199,0,0.002942,0.000000
49200,0,0.002941,0.000000
49201,0,0.002940,0.000000
49202,0,0.002939,0.000000
49203,0,0.002938,0.000000
49204,0,0.002937,0.000000
49205,0,0.002937,0.000000
49206,0,0.002936,0.000000
49207,0,0.002935,0.000000
49208,0,0.002934,0.000000
49209,0,0.002933,0.000000
49210,0,0.002933,0.000000
49211,0,0.002932,0.000000
49212,0,0.002931,0.000000
49213,0,0.002930,0.000000
49214,0,0.002929,0.000000
49215,0,0.002929,0.000000
49216,0,0.002928,0.000000
49217,0,0.002927,0.000000
49218,0,0.002926,0.000000
49219,0,0.002925,0.000000
49220,0,0.002925,0.000000
49221,0,0.002924,0.000000
49222,0,0.002923,0.000000
49223,0,0.002922,0.000000
49224,0,0.002921,0.000000
49225,0,0.002920,0.000000
49226,0,0.002920,0.000000
49227,0,0.002919,0.000000
49228,0,0.002918,0.000000
49229,0,0.002917,0.000000
49230,0,0.002916,0.000000
49231,0,0.002916,0.000000
49232,0,0.002915,0.000000
49233,0,0.002914,0.000000
49234,0,0.002913,0.000000
49235,0,0.002912,0.000000
49236,0,0.002912,0.000000
49237,0,0.002911,0.000000
49238,0,0.002910,0.000000
49239,0,0.002909,0.000000
49240,0,0.002908,0.000000
49241,0,0.002908,0.000000
49242,0,0.002907,0.000000
49243,0,0.002906,0.000000
49244,0,0.002905,0.000000
49245,0,0.002904,0.000000
49246,0,0.002904,0.000000
49247,0,0.002903,0.000000
49248,0,0.002902,0.000000
49249,0,0.002901,0.000000
49250,0,0.002900,0.000000
49251,0,0.002900,0.000000
49252,0,0.002899,0.000000
49253,0,0.002898,0.000000
49254,0,0.002897,0.000000
49255,0,0.002896,0.000000
49256,0,0.002896,0.000000
49257,0,0.002895,0.000000
49258,0,0.002894,0.000000
49259,0,0.002893,0.000000
49260,0,0.002892,0.000000
49261,0,0.002892,0.000000
49262,0,0.002891,0.000000
49263,0,0.002890,0.000000
49264,0,0.002889,0.000000
49265,0,0.002888,0.000000
49266,0,0.002888,0.000000
49267,0,0.002887,0.000000
49268,0,0.002886,0.000000
49269,0,0.002885,0.000000
49270,0,0.002884,0.000000
49271,0,0.002884,0.000000
49272,0,0.002883,0.000000
49273,0,0.002882,0.000000
49274,0,0.002881,0.000000
49275,0,0.002880,0.000000
49276,0,0.002880,0.000000
49277,0,0.002879,0.000000
49278,0,0.002878,0.000000
49279,0,0.002877,0.000000
49280,0,0.002876,0.000000
49281,0,0.002876,0.000000
49282,0,0.002875,0.000000
49283,0,0.002874,0.000000
49284,0,0.002873,0.000000
49285,0,0.002872,0.000000
49286,0,0.002872,0.000000
49287,0,0.002871,0.000000
49288,0,0.002870,0.000000
49289,0,0.002869,0.000000
49290,0,0.002869,0.000000
49291,0,0.002868,0.000000
49292,0,0.002867,0.000000
49293,0,0.002866,0.000000
49294,0,0.002865,0.000000
49295,0,0.002865,0.000000
49296,0,0.002864,0.000000
49297,0,0.002863,0.000000
49298,0,0.002862,0.000000
49299,0,0.002861,0.000000
49300,0,0.002861,0.000000
49301,0,0.002860,0.000000
49302,0,0.002859,0.000000
49303,0,0.002858,0.000000
49304,0,0.002858,0.000000
49305,0,0.002857,0.000000
49306,0,0.002856,0.000000
49307,0,0.002855,0.000000
49308,0,0.002854,0.000000
49309,0,0.002854,0.000000
49310,0,0.002853,0.000000
49311,0,0.002852,0.000000
49312,0,0.002851,0.000000
49313,0,0.002850,0.000000
49314,0,0.002850,0.000000
49315,0,0.002849,0.000000
49316,0,0.002848,0.000000
49317,0,0.002847,0.000000
49318,0,0.002847,0.000000
49319,0,0.002846,0.000000
49320,0,0.002845,0.000000
49321,0,0.002844,0.000000
49322,0,0.002843,0.000000
49323,0,0.002843,0.000000
49324,0,0.002842,0.000000
49325,0,0.002841,0.000000
49326,0,0.002840,0.000000
49327,0,0.002839,0.000000
49328,0,0.002839,0.000000
49329,0,0.002838,0.000000
49330,0,0.002837,0.000000
49331,0,0.002836,0.000000
49332,0,0.002836,0.000000
49333,0,0.002835,0.000000
49334,0,0.002834,0.000000
49335,0,0.002833,0.000000
49336,0,0.002832,0.000000
49337,0,0.002832,0.000000
49338,0,0.002831,0.000000
49339,0,0.002830,0.000000
49340,0,0.002829,0.000000
49341,0,0.002829,0.000000
49342,0,0.002828,0.000000
49343,0,0.002827,0.000000
49344,0,0.002826,0.000000
49345,0,0.002825,0.000000
49346,0,0.002825,0.000000
49347,0,0.002824,0.000000
49348,0,0.002823,0.000000
49349,0,0.002822,0.000000
49350,0,0.002822,0.000000
49351,0,0.002821,0.000000
49352,0,0.002820,0.000000
49353,0,0.002819,0.000000
49354,0,0.002819,0.000000
49355,0,0.002818,0.000000
49356,0,0.002817,0.000000
49357,0,0.002816,0.000000
49358,0,0.002815,0.000000
49359,0,0.002815,0.000000
49360,0,0.002814,0.000000
49361,0,0.002813,0.000000
49362,0,0.002812,0.000000
49363,0,0.002812,0.000000
49364,0,0.002811,0.000000
49365,0,0.002810,0.000000
49366,0,0.002809,0.000000
49367,0,0.002809,0.000000
49368,0,0.002808,0.000000
49369,0,0.002807,0.000000
49370,0,0.002806,0.000000
49371,0,0.002805,0.000000
49372,0,0.002805,0.000000
49373,0,0.002804,0.000000
49374,0,0.002803,0.000000
49375,0,0.002802,0.000000
49376,0,0.002802,0.000000
49377,0,0.002801,0.000000
49378,0,0.002800,0.000000
49379,0,0.002799,0.000000
49380,0,0.002799,0.000000
49381,0,0.002798,0.000000
49382,0,0.002797,0.000000
49383,0,0.002796,0.000000
49384,0,0.002795,0.000000
49385,0,0.002795,0.000000
49386,0,0.002794,0.000000
49387,0,0.002793,0.000000
49388,0,0.002792,0.000000
49389,0,0.002792,0.000000
49390,0,0.002791,0.000000
49391,0,0.002790,0.000000
49392,0,0.002789,0.000000
49393,0,0.002789,0.000000
49394,0,0.002788,0.000000
49395,0,0.002787,0.000000
49396,0,0.002786,0.000000
49397,0,0.002786,0.000000
49398,0,0.002785,0.000000
49399,0,0.002784,0.000000
49400,0,0.002783,0.000000
49401,0,0.002783,0.000000
49402,0,0.002782,0.000000
49403,0,0.002781,0.000000
49404,0,0.002780,0.000000
49405,0,0.002779,0.000000
49406,0,0.002779,0.000000
49407,0,0.002778,0.000000
49408,0,0.002777,0.000000
49409,0,0.002776,0.000000
49410,0,0.002776,0.000000
49411,0,0.002775,0.000000
49412,0,0.002774,0.000000
49413,0,0.002773,0.000000
49414,0,0.002773,0.000000
49415,0,0.002772,0.000000
49416,0,0.002771,0.000000
49417,0,0.002770,0.000000
49418,0,0.002770,0.000000
49419,0,0.002769,0.000000
49420,0,0.002768,0.000000
49421,0,0.002767,0.000000
49422,0,0.002767,0.000000
49423,0,0.002766,0.000000
49424,0,0.002765,0.000000
49425,0,0.002764,0.000000
49426,0,0.002764,0.000000
49427,0,0.002763,0.000000
49428,0,0.002762,0.000000
49429,0,0.002761,0.000000
49430,0,0.002761,0.000000
49431,0,0.002760,0.000000
49432,0,0.002759,0.000000
49433,0,0.002758,0.000000
49434,0,0.002758,0.000000
49435,0,0.002757,0.000000
49436,0,0.002756,0.000000
49437,0,0.002755,0.000000
49438,0,0.002755,0.000000
49439,0,0.002754,0.000000
49440,0,0.002753,0.000000
49441,0,0.002752,0.000000
49442,0,0.002752,0.000000
49443,0,0.002751,0.000000
49444,0,0.002750,0.000000
49445,0,0.002749,0.000000
49446,0,0.002749,0.000000
49447,0,0.002748,0.000000
49448,0,0.002747,0.000000
49449,0,0.002746,0.000000
49450,0,0.002746,0.000000
49451,0,0.002745,0.000000
49452,0,0.002744,0.000000
49453,0,0.002743,0.000000
49454,0,0.002743,0.000000
49455,0,0.002742,0.000000
49456,0,0.002741,0.000000
49457,0,0.002740,0.000000
49458,0,0.002740,0.000000
49459,0,0.002739,0.000000
49460,0,0.002738,0.000000
49461,0,0.002737,0.000000
49462,0,0.002737,0.000000
49463,0,0.002736,0.000000
49464,0,0.002735,0.000000
49465,0,0.002734,0.000000
49466,0,0.002734,0.000000
49467,0,0.002733,0.000000
49468,0,0.002732,0.000000
49469,0,0.002731,0.000000
49470,0,0.002731,0.000000
49471,0,0.002730,0.000000
49472,0,0.002729,0.000000
49473,0,0.002728,0.000000
49474,0,0.002728,0.000000
49475,0,0.002727,0.000000
49476,0,0.002726,0.000000
49477,0,0.002725,0.000000
49478,0,0.002725,0.000000
49479,0,0.002724,0.000000
49480,0,0.002723,0.000000
49481,0,0.002722,0.000000
49482,0,0.002722,0.000000
49483,0,0.002721,0.000000
49484,0,0.002720,0.000000
49485,0,0.002720,0.000000
49486,0,0.002719,0.000000
49487,0,0.002718,0.000000
49488,0,0.002717,0.000000
49489,0,0.002717,0.000000
49490,0,0.002716,0.000000
49491,0,0.002715,0.000000
49492,0,0.002714,0.000000
49493,0,0.002714,0.000000
49494,0,0.002713,0.000000
49495,0,0.002712,0.000000
49496,0,0.002711,0.000000
49497,0,0.002711,0.000000
49498,0,0.002710,0.000000
49499,0,0.002709,0.000000
49500,0,0.002708,0.000000
49501,0,0.002708,0.000000
49502,0,0.002707,0.000000
49503,0,0.002706,0.000000
49504,0,0.002706,0.000000
49505,0,0.002705,0.000000
49506,0,0.002704,0.000000
49507,0,0.002703,0.000000
49508,0,0.002703,0.000000
49509,0,0.002702,0.000000
49510,0,0.002701,0.000000
49511,0,0.002700,0.000000
49512,0,0.002700,0.000000
49513,0,0.002699,0.000000
49514,0,0.002698,0.000000
49515,0,0.002697,0.000000
49516,0,0.002697,0.000000
49517,0,0.002696,0.000000
49518,0,0.002695,0.000000
49519,0,0.002695,0.000000
49520,0,0.002694,0.000000
49521,0,0.002693,0.000000
49522,0,0.002692,0.000000
49523,0,0.002692,0.000000
49524,0,0.002691,0.000000
49525,0,0.002690,0.000000
49526,0,0.002689,0.000000
49527,0,0.002689,0.000000
49528,0,0.002688,0.000000
49529,0,0.002687,0.000000
49530,0,0.002687,0.000000
49531,0,0.002686,0.000000
49532,0,0.002685,0.000000
49533,0,0.002684,0.000000
49534,0,0.002684,0.000000
49535,0,0.002683,0.000000
49536,0,0.002682,0.000000
49537,0,0.002681,0.000000
49538,0,0.002681,0.000000
49539,0,0.002680,0.000000
49540,0,0.002679,0.000000
49541,0,0.002679,0.000000
49542,0,0.002678,0.000000
49543,0,0.002677,0.000000
49544,0,0.002676,0.000000
49545,0,0.002676,0.000000
49546,0,0.002675,0.000000
49547,0,0.002674,0.000000
49548,0,0.002673,0.000000
49549,0,0.002673,0.000000
49550,0,0.002672,0.000000
49551,0,0.002671,0.000000
49552,0,0.002671,0.000000
49553,0,0.002670,0.000000
49554,0,0.002669,0.000000
49555,0,0.002668,0.000000
49556,0,0.002668,0.000000
49557,0,0.002667,0.000000
49558,0,0.002666,0.000000
49559,0,0.002665,0.000000
49560,0,0.002665,0.000000
49561,0,0.002664,0.000000
49562,0,0.002663,0.000000
49563,0,0.002663,0.000000
49564,0,0.002662,0.000000
49565,0,0.002661,0.000000
49566,0,0.002660,0.000000
49567,0,0.002660,0.000000
49568,0,0.002659,0.000000
49569,0,0.002658,0.000000
49570,0,0.002658,0.000000
49571,0,0.002657,0.000000
49572,0,0.002656,0.000000
49573,0,0.002655,0.000000
49574,0,0.002655,0.000000
49575,0,0.002654,0.000000
49576,0,0.002653,0.000000
49577,0,0.002653,0.000000
49578,0,0.002652,0.000000
49579,0,0.002651,0.000000
49580,0,0.002650,0.000000
49581,0,0.002650,0.000000
49582,0,0.002649,0.000000
49583,0,0.002648,0.000000
49584,0,0.002648,0.000000
49585,0,0.002647,0.000000
49586,0,0.002646,0.000000
49587,0,0.002645,0.000000
49588,0,0.002645,0.000000
49589,0,0.002644,0.000000
49590,0,0.002643,0.000000
49591,0,0.002643,0.000000
49592,0,0.002642,0.000000
49593,0,0.002641,0.000000
49594,0,0.002640,0.000000
49595,0,0.002640,0.000000
49596,0,0.002639,0.000000
49597,0,0.002638,0.000000
49598,0,0.002638,0.000000
49599,0,0.002637,0.000000
49600,0,0.002636,0.000000
49601,0,0.002635,0.000000
49602,0,0.002635,0.000000
49603,0,0.002634,0.000000
49604,0,0.002633,0.000000
49605,0,0.002633,0.000000
49606,0,0.002632,0.000000
49607,0,0.002631,0.000000
49608,0,0.002630,0.000000
49609,0,0.002630,0.000000
49610,0,0.002629,0.000000
49611,0,0.002628,0.000000
49612,0,0.002628,0.000000
49613,0,0.002627,0.000000
49614,0,0.002626,0.000000
49615,0,0.002625,0.000000
49616,0,0.002625,0.000000
49617,0,0.002624,0.000000
49618,0,0.002623,0.000000
49619,0,0.002623,0.000000
49620,0,0.002622,0.000000
49621,0,0.002621,0.000000
49622,0,0.002621,0.000000
49623,0,0.002620,0.000000
49624,0,0.002619,0.000000
49625,0,0.002618,0.000000
49626,0,0.002618,0.000000
49627,0,0.002617,0.000000
49628,0,0.002616,0.000000
49629,0,0.002616,0.000000
49630,0,0.002615,0.000000
49631,0,0.002614,0.000000
49632,0,0.002613,0.000000
49633,0,0.002613,0.000000
49634,0,0.002612,0.000000
49635,0,0.002611,0.000000
49636,0,0.002611,0.000000
49637,0,0.002610,0.000000
49638,0,0.002609,0.000000
49639,0,0.002609,0.000000
49640,0,0.002608,0.000000
49641,0,0.002607,0.000000
49642,0,0.002606,0.000000
49643,0,0.002606,0.000000
49644,0,0.002605,0.000000
49645,0,0.002604,0.000000
49646,0,0.002604,0.000000
49647,0,0.002603,0.000000
49648,0,0.002602,0.000000
49649,0,0.002602,0.000000
49650,0,0.002601,0.000000
49651,0,0.002600,0.000000
49652,0,0.002599,0.000000
49653,0,0.002599,0.000000
49654,0,0.002598,0.000000
49655,0,0.002597,0.000000
49656,0,0.002597,0.000000
49657,0,0.002596,0.000000
49658,0,0.002595,0.000000
49659,0,0.002595,0.000000
49660,0,0.002594,0.000000
49661,0,0.002593,0.000000
49662,0,0.002592,0.000000
49663,0,0.002592,0.000000
49664,0,0.002591,0.000000
49665,0,0.002590,0.000000
49666,0,0.002590,0.000000
49667,0,0.002589,0.000000
49668,0,0.002588,0.000000
49669,0,0.002588,0.000000
49670,0,0.002587,0.000000
49671,0,0.002586,0.000000
49672,0,0.002586,0.000000
49673,0,0.002585,0.000000
49674,0,0.002584,0.000000
49675,0,0.002583,0.000000
49676,0,0.002583,0.000000
49677,0,0.002582,0.000000
49678,0,0.002581,0.000000
49679,0,0.002581,0.000000
49680,0,0.002580,0.000000
49681,0,0.002579,0.000000
49682,0,0.002579,0.000000
49683,0,0.002578,0.000000
49684,0,0.002577,0.000000
49685,0,0.002576,0.000000
49686,0,0.002576,0.000000
49687,0,0.002575,0.000000
49688,0,0.002574,0.000000
49689,0,0.002574,0.000000
49690,0,0.002573,0.000000
49691,0,0.002572,0.000000
49692,0,0.002572,0.000000
49693,0,0.002571,0.000000
49694,0,0.002570,0.000000
49695,0,0.002570,0.000000
49696,0,0.002569,0.000000
49697,0,0.002568,0.000000
49698,0,0.002568,0.000000
49699,0,0.002567,0.000000
49700,0,0.002566,0.000000
49701,0,0.002565,0.000000
49702,0,0.002565,0.000000
49703,0,0.002564,0.000000
49704,0,0.002563,0.000000
49705,0,0.002563,0.000000
49706,0,0.002562,0.000000
49707,0,0.002561,0.000000
49708,0,0.002561,0.000000
49709,0,0.002560,0.000000
49710,0,0.002559,0.000000
49711,0,0.002559,0.000000
49712,0,0.002558,0.000000
49713,0,0.002557,0.000000
49714,0,0.002557,0.000000
49715,0,0.002556,0.000000
49716,0,0.002555,0.000000
49717,0,0.002554,0.000000
49718,0,0.002554,0.000000
49719,0,0.002553,0.000000
49720,0,0.002552,0.000000
49721,0,0.002552,0.000000
49722,0,0.002551,0.000000
49723,0,0.002550,0.000000
49724,0,0.002550,0.000000
49725,0,0.002549,0.000000
49726,0,0.002548,0.000000
49727,0,0.002548,0.000000
49728,0,0.002547,0.000000
49729,0,0.002546,0.000000
49730,0,0.002546,0.000000
49731,0,0.002545,0.000000
49732,0,0.002544,0.000000
49733,0,0.002544,0.000000
49734,0,0.002543,0.000000
49735,0,0.002542,0.000000
49736,0,0.002542,0.000000
49737,0,0.002541,0.000000
49738,0,0.002540,0.000000
49739,0,0.002539,0.000000
49740,0,0.002539,0.000000
49741,0,0.002538,0.000000
49742,0,0.002537,0.000000
49743,0,0.002537,0.000000
49744,0,0.002536,0.000000
49745,0,0.002535,0.000000
49746,0,0.002535,0.000000
49747,0,0.002534,0.000000
49748,0,0.002533,0.000000
49749,0,0.002533,0.000000
49750,0,0.002532,0.000000
49751,0,0.002531,0.000000
49752,0,0.002531,0.000000
49753,0,0.002530,0.000000
49754,0,0.002529,0.000000
49755,0,0.002529,0.000000
49756,0,0.002528,0.000000
49757,0,0.002527,0.000000
49758,0,0.002527,0.000000
49759,0,0.002526,0.000000
49760,0,0.002525,0.000000
49761,0,0.002525,0.000000
49762,0,0.002524,0.000000
49763,0,0.002523,0.000000
49764,0,0.002523,0.000000
49765,0,0.002522,0.000000
49766,0,0.002521,0.000000
49767,0,0.002521,0.000000
49768,0,0.002520,0.000000
49769,0,0.002519,0.000000
49770,0,0.002519,0.000000
49771,0,0.002518,0.000000
49772,0,0.002517,0.000000
49773,0,0.002516,0.000000
49774,0,0.002516,0.000000
49775,0,0.002515,0.000000
49776,0,0.002514,0.000000
49777,0,0.002514,0.000000
49778,0,0.002513,0.000000
49779,0,0.002512,0.000000
49780,0,0.002512,0.000000
49781,0,0.002511,0.000000
49782,0,0.002510,0.000000
49783,0,0.002510,0.000000
49784,0,0.002509,0.000000
49785,0,0.002508,0.000000
49786,0,0.002508,0.000000
49787,0,0.002507,0.000000
49788,0,0.002506,0.000000
49789,0,0.002506,0.000000
49790,0,0.002505,0.000000
49791,0,0.002504,0.000000
49792,0,0.002504,0.000000
49793,0,0.002503,0.000000
49794,0,0.002502,0.000000
49795,0,0.002502,0.000000
49796,0,0.002501,0.000000
49797,0,0.002500,0.000000
49798,0,0.002500,0.000000
49799,0,0.002499,0.000000
49800,0,0.002498,0.000000
49801,0,0.002498,0.000000
49802,0,0.002497,0.000000
49803,0,0.002496,0.000000
49804,0,0.002496,0.000000
49805,0,0.002495,0.000000
49806,0,0.002494,0.000000
49807,0,0.002494,0.000000
49808,0,0.002493,0.000000
49809,0,0.002492,0.000000
49810,0,0.002492,0.000000
49811,0,0.002491,0.000000
49812,0,0.002490,0.000000
49813,0,0.002490,0.000000
49814,0,0.002489,0.000000
49815,0,0.002488,0.000000
49816,0,0.002488,0.000000
49817,0,0.002487,0.000000
49818,0,0.002486,0.000000
49819,0,0.002486,0.000000
49820,0,0.002485,0.000000
49821,0,0.002484,0.000000
49822,0,0.002484,0.000000
49823,0,0.002483,0.000000
49824,0,0.002482,0.000000
49825,0,0.002482,0.000000
49826,0,0.002481,0.000000
49827,0,0.002480,0.000000
49828,0,0.002480,0.000000
49829,0,0.002479,0.000000
49830,0,0.002479,0.000000
49831,0,0.002478,0.000000
49832,0,0.002477,0.000000
49833,0,0.002477,0.000000
49834,0,0.002476,0.000000
49835,0,0.002475,0.000000
49836,0,0.002475,0.000000
49837,0,0.002474,0.000000
49838,0,0.002473,0.000000
49839,0,0.002473,0.000000
49840,0,0.002472,0.000000
49841,0,0.002471,0.000000
49842,0,0.002471,0.000000
49843,0,0.002470,0.000000
49844,0,0.002469,0.000000
49845,0,0.002469,0.000000
49846,0,0.002468,0.000000
49847,0,0.002467,0.000000
49848,0,0.002467,0.000000
49849,0,0.002466,0.000000
49850,0,0.002465,0.000000
49851,0,0.002465,0.000000
49852,0,0.002464,0.000000
49853,0,0.002463,0.000000
49854,0,0.002463,0.000000
49855,0,0.002462,0.000000
49856,0,0.002461,0.000000
49857,0,0.002461,0.000000
49858,0,0.002460,0.000000
49859,0,0.002459,0.000000
49860,0,0.002459,0.000000
49861,0,0.002458,0.000000
49862,0,0.002458,0.000000
49863,0,0.002457,0.000000
49864,0,0.002456,0.000000
49865,0,0.002456,0.000000
49866,0,0.002455,0.000000
49867,0,0.002454,0.000000
49868,0,0.002454,0.000000
49869,0,0.002453,0.000000
49870,0,0.002452,0.000000
49871,0,0.002452,0.000000
49872,0,0.002451,0.000000
49873,0,0.002450,0.000000
49874,0,0.002450,0.000000
49875,0,0.002449,0.000000
49876,0,0.002448,0.000000
49877,0,0.002448,0.000000
49878,0,0.002447,0.000000
49879,0,0.002446,0.000000
49880,0,0.002446,0.000000
49881,0,0.002445,0.000000
49882,0,0.002444,0.000000
49883,0,0.002444,0.000000
49884,0,0.002443,0.000000
49885,0,0.002443,0.000000
49886,0,0.002442,0.000000
49887,0,0.002441,0.000000
49888,0,0.002441,0.000000
49889,0,0.002440,0.000000
49890,0,0.002439,0.000000
49891,0,0.002439,0.000000
49892,0,0.002438,0.000000
49893,0,0.002437,0.000000
49894,0,0.002437,0.000000
49895,0,0.002436,0.000000
49896,0,0.002435,0.000000
49897,0,0.002435,0.000000
49898,0,0.002434,0.000000
49899,0,0.002433,0.000000
49900,0,0.002433,0.000000
49901,0,0.002432,0.000000
49902,0,0.002432,0.000000
49903,0,0.002431,0.000000
49904,0,0.002430,0.000000
49905,0,0.002430,0.000000
49906,0,0.002429,0.000000
49907,0,0.002428,0.000000
49908,0,0.002428,0.000000
49909,0,0.002427,0.000000
49910,0,0.002426,0.000000
49911,0,0.002426,0.000000
49912,0,0.002425,0.000000
49913,0,0.002424,0.000000
49914,0,0.002424,0.000000
49915,0,0.002423,0.000000
49916,0,0.002423,0.000000
49917,0,0.002422,0.000000
49918,0,0.002421,0.000000
49919,0,0.002421,0.000000
49920,0,0.002420,0.000000
49921,0,0.002419,0.000000
49922,0,0.002419,0.000000
49923,0,0.002418,0.000000
49924,0,0.002417,0.000000
49925,0,0.002417,0.000000
49926,0,0.002416,0.000000
49927,0,0.002415,0.000000
49928,0,0.002415,0.000000
49929,0,0.002414,0.000000
49930,0,0.002414,0.000000
49931,0,0.002413,0.000000
49932,0,0.002412,0.000000
49933,0,0.002412,0.000000
49934,0,0.002411,0.000000
49935,0,0.002410,0.000000
49936,0,0.002410,0.000000
49937,0,0.002409,0.000000
49938,0,0.002408,0.000000
49939,0,0.002408,0.000000
49940,0,0.002407,0.000000
49941,0,0.002407,0.000000
49942,0,0.002406,0.000000
49943,0,0.002405,0.000000
49944,0,0.002405,0.000000
49945,0,0.002404,0.000000
49946,0,0.002403,0.000000
49947,0,0.002403,0.000000
49948,0,0.002402,0.000000
49949,0,0.002401,0.000000
49950,0,0.002401,0.000000
49951,0,0.002400,0.000000
49952,0,0.002400,0.000000
49953,0,0.002399,0.000000
49954,0,0.002398,0.000000
49955,0,0.002398,0.000000
49956,0,0.002397,0.000000
49957,0,0.002396,0.000000
49958,0,0.002396,0.000000
49959,0,0.002395,0.000000
49960,0,0.002394,0.000000
49961,0,0.002394,0.000000
49962,0,0.002393,0.000000
49963,0,0.002393,0.000000
49964,0,0.002392,0.000000
49965,0,0.002391,0.000000
49966,0,0.002391,0.000000
49967,0,0.002390,0.000000
49968,0,0.002389,0.000000
49969,0,0.002389,0.000000
49970,0,0.002388,0.000000
49971,0,0.002388,0.000000
49972,0,0.002387,0.000000
49973,0,0.002386,0.000000
49974,0,0.002386,0.000000
49975,0,0.002385,0.000000
49976,0,0.002384,0.000000
49977,0,0.002384,0.000000
49978,0,0.002383,0.000000
49979,0,0.002382,0.000000
49980,0,0.002382,0.000000
49981,0,0.002381,0.000000
49982,0,0.002381,0.000000
49983,0,0.002380,0.000000
49984,0,0.002379,0.000000
49985,0,0.002379,0.000000
49986,0,0.002378,0.000000
49987,0,0.002377,0.000000
49988,0,0.002377,0.000000
49989,0,0.002376,0.000000
49990,0,0.002376,0.000000
49991,0,0.002375,0.000000
49992,0,0.002374,0.000000
49993,0,0.002374,0.000000
49994,0,0.002373,0.000000
49995,0,0.002372,0.000000
49996,0,0.002372,0.000000
49997,0,0.002371,0.000000
49998,0,0.002371,0.000000
49999,0,0.002370,0.000000
50000,0,0.002369,0.000000
50001,0,0.002369,0.000000
50002,0,0.002368,0.000000
50003,0,0.002367,0.000000
50004,0,0.002367,0.000000
50005,0,0.002366,0.000000
50006,0,0.002366,0.000000
50007,0,0.002365,0.000000
50008,0,0.002364,0.000000
50009,0,0.002364,0.000000
50010,0,0.002363,0.000000
50011,0,0.002362,0.000000
50012,0,0.002362,0.000000
50013,0,0.002361,0.000000
50014,0,0.002361,0.000000
50015,0,0.002360,0.000000
50016,0,0.002359,0.000000
50017,0,0.002359,0.000000
50018,0,0.002358,0.000000
50019,0,0.002357,0.000000
50020,0,0.002357,0.000000
50021,0,0.002356,0.000000
50022,0,0.002356,0.000000
50023,0,0.002355,0.000000
50024,0,0.002354,0.000000
50025,0,0.002354,0.000000
50026,0,0.002353,0.000000
50027,0,0.002352,0.000000
50028,0,0.002352,0.000000
50029,0,0.002351,0.000000
50030,0,0.002351,0.000000
50031,0,0.002350,0.000000
50032,0,0.002349,0.000000
50033,0,0.002349,0.000000
50034,0,0.002348,0.000000
50035,0,0.002348,0.000000
50036,0,0.002347,0.000000
50037,0,0.002346,0.000000
50038,0,0.002346,0.000000
50039,0,0.002345,0.000000
50040,0,0.002344,0.000000
50041,0,0.002344,0.000000
50042,0,0.002343,0.000000
50043,0,0.002343,0.000000
50044,0,0.002342,0.000000
50045,0,0.002341,0.000000
50046,0,0.002341,0.000000
50047,0,0.002340,0.000000
50048,0,0.002340,0.000000
50049,0,0.002339,0.000000
50050,0,0.002338,0.000000
50051,0,0.002338,0.000000
50052,0,0.002337,0.000000
50053,0,0.002336,0.000000
50054,0,0.002336,0.000000
50055,0,0.002335,0.000000
50056,0,0.002335,0.000000
50057,0,0.002334,0.000000
50058,0,0.002333,0.000000
50059,0,0.002333,0.000000
50060,0,0.002332,0.000000
50061,0,0.002332,0.000000
50062,0,0.002331,0.000000
50063,0,0.002330,0.000000
50064,0,0.002330,0.000000
50065,0,0.002329,0.000000
50066,0,0.002328,0.000000
50067,0,0.002328,0.000000
50068,0,0.002327,0.000000
50069,0,0.002327,0.000000
50070,0,0.002326,0.000000
50071,0,0.002325,0.000000
50072,0,0.002325,0.000000
50073,0,0.002324,0.000000
50074,0,0.002324,0.000000
50075,0,0.002323,0.000000
50076,0,0.002322,0.000000
50077,0,0.002322,0.000000
50078,0,0.002321,0.000000
50079,0,0.002321,0.000000
50080,0,0.002320,0.000000
50081,0,0.002319,0.000000
50082,0,0.002319,0.000000
50083,0,0.002318,0.000000
50084,0,0.002317,0.000000
50085,0,0.002317,0.000000
50086,0,0.002316,0.000000
50087,0,0.002316,0.000000
50088,0,0.002315,0.000000
50089,0,0.002314,0.000000
50090,0,0.002314,0.000000
50091,0,0.002313,0.000000
50092,0,0.002313,0.000000
50093,0,0.002312,0.000000
50094,0,0.002311,0.000000
50095,0,0.002311,0.000000
50096,0,0.002310,0.000000
50097,0,0.002310,0.000000
50098,0,0.002309,0.000000
50099,0,0.002308,0.000000
50100,0,0.002308,0.000000
50101,0,0.002307,0.000000
50102,0,0.002307,0.000000
50103,0,0.002306,0.000000
50104,0,0.002305,0.000000
50105,0,0.002305,0.000000
50106,0,0.002304,0.000000
50107,0,0.002303,0.000000
50108,0,0.002303,0.000000
50109,0,0.002302,0.000000
50110,0,0.002302,0.000000
50111,0,0.002301,0.000000
50112,0,0.002300,0.000000
50113,0,0.002300,0.000000
50114,0,0.002299,0.000000
50115,0,0.002299,0.000000
50116,0,0.002298,0.000000
50117,0,0.002297,0.000000
50118,0,0.002297,0.000000
50119,0,0.002296,0.000000
50120,0,0.002296,0.000000
50121,0,0.002295,0.000000
50122,0,0.002294,0.000000
50123,0,0.002294,0.000000
50124,0,0.002293,0.000000
50125,0,0.002293,0.000000
50126,0,0.002292,0.000000
50127,0,0.002291,0.000000
50128,0,0.002291,0.000000
50129,0,0.002290,0.000000
50130,0,0.002290,0.000000
50131,0,0.002289,0.000000
50132,0,0.002288,0.000000
50133,0,0.002288,0.000000
50134,0,0.002287,0.000000
50135,0,0.002287,0.000000
50136,0,0.002286,0.000000
50137,0,0.002285,0.000000
50138,0,0.002285,0.000000
50139,0,0.002284,0.000000
50140,0,0.002284,0.000000
50141,0,0.002283,0.000000
50142,0,0.002282,0.000000
50143,0,0.002282,0.000000
50144,0,0.002281,0.000000
50145,0,0.002281,0.000000
50146,0,0.002280,0.000000
50147,0,0.002279,0.000000
50148,0,0.002279,0.000000
50149,0,0.002278,0.000000
50150,0,0.002278,0.000000
50151,0,0.002277,0.000000
50152,0,0.002276,0.000000
50153,0,0.002276,0.000000
50154,0,0.002275,0.000000
50155,0,0.002275,0.000000
50156,0,0.002274,0.000000
50157,0,0.002273,0.000000
50158,0,0.002273,0.000000
50159,0,0.002272,0.000000
50160,0,0.002272,0.000000
50161,0,0.002271,0.000000
50162,0,0.002271,0.000000
50163,0,0.002270,0.000000
50164,0,0.002269,0.000000
50165,0,0.002269,0.000000
50166,0,0.002268,0.000000
50167,0,0.002268,0.000000
50168,0,0.002267,0.000000
50169,0,0.002266,0.000000
50170,0,0.002266,0.000000
50171,0,0.002265,0.000000
50172,0,0.002265,0.000000
50173,0,0.002264,0.000000
50174,0,0.002263,0.000000
50175,0,0.002263,0.000000
50176,0,0.002262,0.000000
50177,0,0.002262,0.000000
50178,0,0.002261,0.000000
50179,0,0.002260,0.000000
50180,0,0.002260,0.000000
50181,0,0.002259,0.000000
50182,0,0.002259,0.000000
50183,0,0.002258,0.000000
50184,0,0.002257,0.000000
50185,0,0.002257,0.000000
50186,0,0.002256,0.000000
50187,0,0.002256,0.000000
50188,0,0.002255,0.000000
50189,0,0.002255,0.000000
50190,0,0.002254,0.000000
50191,0,0.002253,0.000000
50192,0,0.002253,0.000000
50193,0,0.002252,0.000000
50194,0,0.002252,0.000000
50195,0,0.002251,0.000000
50196,0,0.002250,0.000000
50197,0,0.002250,0.000000
50198,0,0.002249,0.000000
50199,0,0.002249,0.000000
50200,0,0.002248,0.000000
50201,0,0.002247,0.000000
50202,0,0.002247,0.000000
50203,0,0.002246,0.000000
50204,0,0.002246,0.000000
50205,0,0.002245,0.000000
50206,0,0.002245,0.000000
50207,0,0.002244,0.000000
50208,0,0.002243,0.000000
50209,0,0.002243,0.000000
50210,0,0.002242,0.000000
50211,0,0.002242,0.000000
50212,0,0.002241,0.000000
50213,0,0.002240,0.000000
50214,0,0.002240,0.000000
50215,0,0.002239,0.000000
50216,0,0.002239,0.000000
50217,0,0.002238,0.000000
50218,0,0.002238,0.000000
50219,0,0.002237,0.000000
50220,0,0.002236,0.000000
50221,0,0.002236,0.000000
50222,0,0.002235,0.000000
50223,0,0.002235,0.000000
50224,0,0.002234,0.000000
50225,0,0.002233,0.000000
50226,0,0.002233,0.000000
50227,0,0.002232,0.000000
50228,0,0.002232,0.000000
50229,0,0.002231,0.000000
50230,0,0.002231,0.000000
50231,0,0.002230,0.000000
50232,0,0.002229,0.000000
50233,0,0.002229,0.000000
50234,0,0.002228,0.000000
50235,0,0.002228,0.000000
50236,0,0.002227,0.000000
50237,0,0.002226,0.000000
50238,0,0.002226,0.000000
50239,0,0.002225,0.000000
50240,0,0.002225,0.000000
50241,0,0.002224,0.000000
50242,0,0.002224,0.000000
50243,0,0.002223,0.000000
50244,0,0.002222,0.000000
50245,0,0.002222,0.000000
50246,0,0.002221,0.000000
50247,0,0.002221,0.000000
50248,0,0.002220,0.000000
50249,0,0.002219,0.000000
50250,0,0.002219,0.000000
50251,0,0.002218,0.000000
50252,0,0.002218,0.000000
50253,0,0.002217,0.000000
50254,0,0.002217,0.000000
50255,0,0.002216,0.000000
50256,0,0.002215,0.000000
50257,0,0.002215,0.000000
50258,0,0.002214,0.000000
50259,0,0.002214,0.000000
50260,0,0.002213,0.000000
50261,0,0.002213,0.000000
50262,0,0.002212,0.000000
50263,0,0.002211,0.000000
50264,0,0.002211,0.000000
50265,0,0.002210,0.000000
50266,0,0.002210,0.000000
50267,0,0.002209,0.000000
50268,0,0.002209,0.000000
50269,0,0.002208,0.000000
50270,0,0.002207,0.000000
50271,0,0.002207,0.000000
50272,0,0.002206,0.000000
50273,0,0.002206,0.000000
50274,0,0.002205,0.000000
50275,0,0.002204,0.000000
50276,0,0.002204,0.000000
50277,0,0.002203,0.000000
50278,0,0.002203,0.000000
50279,0,0.002202,0.000000
50280,0,0.002202,0.000000
50281,0,0.002201,0.000000
50282,0,0.002200,0.000000
50283,0,0.002200,0.000000
50284,0,0.002199,0.000000
50285,0,0.002199,0.000000
50286,0,0.002198,0.000000
50287,0,0.002198,0.000000
50288,0,0.002197,0.000000
50289,0,0.002196,0.000000
50290,0,0.002196,0.000000
50291,0,0.002195,0.000000
50292,0,0.002195,0.000000
50293,0,0.002194,0.000000
50294,0,0.002194,0.000000
50295,0,0.002193,0.000000
50296,0,0.002192,0.000000
50297,0,0.002192,0.000000
50298,0,0.002191,0.000000
50299,0,0.002191,0.000000
50300,0,0.002190,0.000000
50301,0,0.002190,0.000000
50302,0,0.002189,0.000000
50303,0,0.002188,0.000000
50304,0,0.002188,0.000000
50305,0,0.002187,0.000000
50306,0,0.002187,0.000000
50307,0,0.002186,0.000000
50308,0,0.002186,0.000000
50309,0,0.002185,0.000000
50310,0,0.002185,0.000000
50311,0,0.002184,0.000000
50312,0,0.002183,0.000000
50313,0,0.002183,0.000000
50314,0,0.002182,0.000000
50315,0,0.002182,0.000000
50316,0,0.002181,0.000000
50317,0,0.002181,0.000000
50318,0,0.002180,0.000000
50319,0,0.002179,0.000000
50320,0,0.002179,0.000000
50321,0,0.002178,0.000000
50322,0,0.002178,0.000000
50323,0,0.002177,0.000000
50324,0,0.002177,0.000000
50325,0,0.002176,0.000000
50326,0,0.002175,0.000000
50327,0,0.002175,0.000000
50328,0,0.002174,0.000000
50329,0,0.002174,0.000000
50330,0,0.002173,0.000000
50331,0,0.002173,0.000000
50332,0,0.002172,0.000000
50333,0,0.002171,0.000000
50334,0,0.002171,0.000000
50335,0,0.002170,0.000000
50336,0,0.002170,0.000000
50337,0,0.002169,0.000000
50338,0,0.002169,0.000000
50339,0,0.002168,0.000000
50340,0,0.002168,0.000000
50341,0,0.002167,0.000000
50342,0,0.002166,0.000000
50343,0,0.002166,0.000000
50344,0,0.002165,0.000000
50345,0,0.002165,0.000000
50346,0,0.002164,0.000000
50347,0,0.002164,0.000000
50348,0,0.002163,0.000000
50349,0,0.002162,0.000000
50350,0,0.002162,0.000000
50351,0,0.002161,0.000000
50352,0,0.002161,0.000000
50353,0,0.002160,0.000000
50354,0,0.002160,0.000000
50355,0,0.002159,0.000000
50356,0,0.002159,0.000000
50357,0,0.002158,0.000000
50358,0,0.002157,0.000000
50359,0,0.002157,0.000000
50360,0,0.002156,0.000000
50361,0,0.002156,0.000000
50362,0,0.002155,0.000000
50363,0,0.002155,0.000000
50364,0,0.002154,0.000000
50365,0,0.002154,0.000000
50366,0,0.002153,0.000000
50367,0,0.002152,0.000000
50368,0,0.002152,0.000000
50369,0,0.002151,0.000000
50370,0,0.002151,0.000000
50371,0,0.002150,0.000000
50372,0,0.002150,0.000000
50373,0,0.002149,0.000000
50374,0,0.002149,0.000000
50375,0,0.002148,0.000000
50376,0,0.002147,0.000000
50377,0,0.002147,0.000000
50378,0,0.002146,0.000000
50379,0,0.002146,0.000000
50380,0,0.002145,0.000000
50381,0,0.002145,0.000000
50382,0,0.002144,0.000000
50383,0,0.002143,0.000000
50384,0,0.002143,0.000000
50385,0,0.002142,0.000000
50386,0,0.002142,0.000000
50387,0,0.002141,0.000000
50388,0,0.002141,0.000000
50389,0,0.002140,0.000000
50390,0,0.002140,0.000000
50391,0,0.002139,0.000000
50392,0,0.002138,0.000000
50393,0,0.002138,0.000000
50394,0,0.002137,0.000000
50395,0,0.002137,0.000000
50396,0,0.002136,0.000000
50397,0,0.002136,0.000000
50398,0,0.002135,0.000000
50399,0,0.002135,0.000000
50400,0,0.002134,0.000000
50401,0,0.002134,0.000000
50402,0,0.002133,0.000000
50403,0,0.002132,0.000000
50404,0,0.002132,0.000000
50405,0,0.002131,0.000000
50406,0,0.002131,0.000000
50407,0,0.002130,0.000000
50408,0,0.002130,0.000000
50409,0,0.002129,0.000000
50410,0,0.002129,0.000000
50411,0,0.002128,0.000000
50412,0,0.002127,0.000000
50413,0,0.002127,0.000000
50414,0,0.002126,0.000000
50415,0,0.002126,0.000000
50416,0,0.002125,0.000000
50417,0,0.002125,0.000000
50418,0,0.002124,0.000000
50419,0,0.002124,0.000000
50420,0,0.002123,0.000000
50421,0,0.002123,0.000000
50422,0,0.002122,0.000000
50423,0,0.002121,0.000000
50424,0,0.002121,0.000000
50425,0,0.002120,0.000000
50426,0,0.002120,0.000000
50427,0,0.002119,0.000000
50428,0,0.002119,0.000000
50429,0,0.002118,0.000000
50430,0,0.002118,0.000000
50431,0,0.002117,0.000000
50432,0,0.002116,0.000000
50433,0,0.002116,0.000000
50434,0,0.002115,0.000000
50435,0,0.002115,0.000000
50436,0,0.002114,0.000000
50437,0,0.002114,0.000000
50438,0,0.002113,0.000000
50439,0,0.002113,0.000000
50440,0,0.002112,0.000000
50441,0,0.002112,0.000000
50442,0,0.002111,0.000000
50443,0,0.002110,0.000000
50444,0,0.002110,0.000000
50445,0,0.002109,0.000000
50446,0,0.002109,0.000000
50447,0,0.002108,0.000000
50448,0,0.002108,0.000000
50449,0,0.002107,0.000000
50450,0,0.002107,0.000000
50451,0,0.002106,0.000000
50452,0,0.002106,0.000000
50453,0,0.002105,0.000000
50454,0,0.002104,0.000000
50455,0,0.002104,0.000000
50456,0,0.002103,0.000000
50457,0,0.002103,0.000000
50458,0,0.002102,0.000000
50459,0,0.002102,0.000000
50460,0,0.002101,0.000000
50461,0,0.002101,0.000000
50462,0,0.002100,0.000000
50463,0,0.002100,0.000000
50464,0,0.002099,0.000000
50465,0,0.002098,0.000000
50466,0,0.002098,0.000000
50467,0,0.002097,0.000000
50468,0,0.002097,0.000000
50469,0,0.002096,0.000000
50470,0,0.002096,0.000000
50471,0,0.002095,0.000000
50472,0,0.002095,0.000000
50473,0,0.002094,0.000000
50474,0,0.002094,0.000000
50475,0,0.002093,0.000000
50476,0,0.002093,0.000000
50477,0,0.002092,0.000000
50478,0,0.002091,0.000000
50479,0,0.002091,0.000000
50480,0,0.002090,0.000000
50481,0,0.002090,0.000000
50482,0,0.002089,0.000000
50483,0,0.002089,0.000000
50484,0,0.002088,0.000000
50485,0,0.002088,0.000000
50486,0,0.002087,0.000000
50487,0,0.002087,0.000000
50488,0,0.002086,0.000000
50489,0,0.002086,0.000000
50490,0,0.002085,0.000000
50491,0,0.002084,0.000000
50492,0,0.002084,0.000000
50493,0,0.002083,0.000000
50494,0,0.002083,0.000000
50495,0,0.002082,0.000000
50496,0,0.002082,0.000000
50497,0,0.002081,0.000000
50498,0,0.002081,0.000000
50499,0,0.002080,0.000000
50500,0,0.002080,0.000000
50501,0,0.002079,0.000000
50502,0,0.002079,0.000000
50503,0,0.002078,0.000000
50504,0,0.002077,0.000000
50505,0,0.002077,0.000000
50506,0,0.002076,0.000000
50507,0,0.002076,0.000000
50508,0,0.002075,0.000000
50509,0,0.002075,0.000000
50510,0,0.002074,0.000000
50511,0,0.002074,0.000000
50512,0,0.002073,0.000000
50513,0,0.002073,0.000000
50514,0,0.002072,0.000000
50515,0,0.002072,0.000000
50516,0,0.002071,0.000000
50517,0,0.002071,0.000000
50518,0,0.002070,0.000000
50519,0,0.002069,0.000000
50520,0,0.002069,0.000000
50521,0,0.002068,0.000000
50522,0,0.002068,0.000000
50523,0,0.002067,0.000000
50524,0,0.002067,0.000000
50525,0,0.002066,0.000000
50526,0,0.002066,0.000000
50527,0,0.002065,0.000000
50528,0,0.002065,0.000000
50529,0,0.002064,0.000000
50530,0,0.002064,0.000000
50531,0,0.002063,0.000000
50532,0,0.002063,0.000000
50533,0,0.002062,0.000000
50534,0,0.002061,0.000000
50535,0,0.002061,0.000000
50536,0,0.002060,0.000000
50537,0,0.002060,0.000000
50538,0,0.002059,0.000000
50539,0,0.002059,0.000000
50540,0,0.002058,0.000000
50541,0,0.002058,0.000000
50542,0,0.002057,0.000000
50543,0,0.002057,0.000000
50544,0,0.002056,0.000000
50545,0,0.002056,0.000000
50546,0,0.002055,0.000000
50547,0,0.002055,0.000000
50548,0,0.002054,0.000000
50549,0,0.002054,0.000000
50550,0,0.002053,0.000000
50551,0,0.002052,0.000000
50552,0,0.002052,0.000000
50553,0,0.002051,0.000000
50554,0,0.002051,0.000000
50555,0,0.002050,0.000000
50556,0,0.002050,0.000000
50557,0,0.002049,0.000000
50558,0,0.002049,0.000000
50559,0,0.002048,0.000000
50560,0,0.002048,0.000000
50561,0,0.002047,0.000000
50562,0,0.002047,0.000000
50563,0,0.002046,0.000000
50564,0,0.002046,0.000000
50565,0,0.002045,0.000000
50566,0,0.002045,0.000000
50567,0,0.002044,0.000000
50568,0,0.002044,0.000000
50569,0,0.002043,0.000000
50570,0,0.002042,0.000000
50571,0,0.002042,0.000000
50572,0,0.002041,0.000000
50573,0,0.002041,0.000000
50574,0,0.002040,0.000000
50575,0,0.002040,0.000000
50576,0,0.002039,0.000000
50577,0,0.002039,0.000000
50578,0,0.002038,0.000000
50579,0,0.002038,0.000000
50580,0,0.002037,0.000000
50581,0,0.002037,0.000000
50582,0,0.002036,0.000000
50583,0,0.002036,0.000000
50584,0,0.002035,0.000000
50585,0,0.002035,0.000000
50586,0,0.002034,0.000000
50587,0,0.002034,0.000000
50588,0,0.002033,0.000000
50589,0,0.002033,0.000000
50590,0,0.002032,0.000000
50591,0,0.002031,0.000000
50592,0,0.002031,0.000000
50593,0,0.002030,0.000000
50594,0,0.002030,0.000000
50595,0,0.002029,0.000000
50596,0,0.002029,0.000000
50597,0,0.002028,0.000000
50598,0,0.002028,0.000000
50599,0,0.002027,0.000000
50600,0,0.002027,0.000000
50601,0,0.002026,0.000000
50602,0,0.002026,0.000000
50603,0,0.002025,0.000000
50604,0,0.002025,0.000000
50605,0,0.002024,0.000000
50606,0,0.002024,0.000000
50607,0,0.002023,0.000000
50608,0,0.002023,0.000000
50609,0,0.002022,0.000000
50610,0,0.002022,0.000000
50611,0,0.002021,0.000000
50612,0,0.002021,0.000000
50613,0,0.002020,0.000000
50614,0,0.002020,0.000000
50615,0,0.002019,0.000000
50616,0,0.002018,0.000000
50617,0,0.002018,0.000000
50618,0,0.002017,0.000000
50619,0,0.002017,0.000000
50620,0,0.002016,0.000000
50621,0,0.002016,0.000000
50622,0,0.002015,0.000000
50623,0,0.002015,0.000000
50624,0,0.002014,0.000000
50625,0,0.002014,0.000000
50626,0,0.002013,0.000000
50627,0,0.002013,0.000000
50628,0,0.002012,0.000000
50629,0,0.002012,0.000000
50630,0,0.002011,0.000000
50631,0,0.002011,0.000000
50632,0,0.002010,0.000000
50633,0,0.002010,0.000000
50634,0,0.002009,0.000000
50635,0,0.002009,0.000000
50636,0,0.002008,0.000000
50637,0,0.002008,0.000000
50638,0,0.002007,0.000000
50639,0,0.002007,0.000000
50640,0,0.002006,0.000000
50641,0,0.002006,0.000000
50642,0,0.002005,0.000000
50643,0,0.002005,0.000000
50644,0,0.002004,0.000000
50645,0,0.002003,0.000000
50646,0,0.002003,0.000000
50647,0,0.002002,0.000000
50648,0,0.002002,0.000000
50649,0,0.002001,0.000000
50650,0,0.002001,0.000000
50651,0,0.002000,0.000000
50652,0,0.002000,0.000000
50653,0,0.001999,0.000000
50654,0,0.001999,0.000000
50655,0,0.001998,0.000000
50656,0,0.001998,0.000000
50657,0,0.001997,0.000000
50658,0,0.001997,0.000000
50659,0,0.001996,0.000000
50660,0,0.001996,0.000000
50661,0,0.001995,0.000000
50662,0,0.001995,0.000000
50663,0,0.001994,0.000000
50664,0,0.001994,0.000000
50665,0,0.001993,0.000000
50666,0,0.001993,0.000000
50667,0,0.001992,0.000000
50668,0,0.001992,0.000000
50669,0,0.001991,0.000000
50670,0,0.001991,0.000000
50671,0,0.001990,0.000000
50672,0,0.001990,0.000000
50673,0,0.001989,0.000000
50674,0,0.001989,0.000000
50675,0,0.001988,0.000000
50676,0,0.001988,0.000000
50677,0,0.001987,0.000000
50678,0,0.001987,0.000000
50679,0,0.001986,0.000000
50680,0,0.001986,0.000000
50681,0,0.001985,0.000000
50682,0,0.001985,0.000000
50683,0,0.001984,0.000000
50684,0,0.001984,0.000000
50685,0,0.001983,0.000000
50686,0,0.001983,0.000000
50687,0,0.001982,0.000000
50688,0,0.001982,0.000000
50689,0,0.001981,0.000000
50690,0,0.001981,0.000000
50691,0,0.001980,0.000000
50692,0,0.001980,0.000000
50693,0,0.001979,0.000000
50694,0,0.001979,0.000000
50695,0,0.001978,0.000000
50696,0,0.001977,0.000000
50697,0,0.001977,0.000000
50698,0,0.001976,0.000000
50699,0,0.001976,0.000000
50700,0,0.001975,0.000000
50701,0,0.001975,0.000000
50702,0,0.001974,0.000000
50703,0,0.001974,0.000000
50704,0,0.001973,0.000000
50705,0,0.001973,0.000000
50706,0,0.001972,0.000000
50707,0,0.001972,0.000000
50708,0,0.001971,0.000000
50709,0,0.001971,0.000000
50710,0,0.001970,0.000000
50711,0,0.001970,0.000000
50712,0,0.001969,0.000000
50713,0,0.001969,0.000000
50714,0,0.001968,0.000000
50715,0,0.001968,0.000000
50716,0,0.001967,0.000000
50717,0,0.001967,0.000000
50718,0,0.001966,0.000000
50719,0,0.001966,0.000000
50720,0,0.001965,0.000000
50721,0,0.001965,0.000000
50722,0,0.001964,0.000000
50723,0,0.001964,0.000000
50724,0,0.001963,0.000000
50725,0,0.001963,0.000000
50726,0,0.001962,0.000000
50727,0,0.001962,0.000000
50728,0,0.001961,0.000000
50729,0,0.001961,0.000000
50730,0,0.001960,0.000000
50731,0,0.001960,0.000000
50732,0,0.001959,0.000000
50733,0,0.001959,0.000000
50734,0,0.001958,0.000000
50735,0,0.001958,0.000000
50736,0,0.001957,0.000000
50737,0,0.001957,0.000000
50738,0,0.001956,0.000000
50739,0,0.001956,0.000000
50740,0,0.001955,0.000000
50741,0,0.001955,0.000000
50742,0,0.001954,0.000000
50743,0,0.001954,0.000000
50744,0,0.001953,0.000000
50745,0,0.001953,0.000000
50746,0,0.001952,0.000000
50747,0,0.001952,0.000000
50748,0,0.001951,0.000000
50749,0,0.001951,0.000000
50750,0,0.001950,0.000000
50751,0,0.001950,0.000000
50752,0,0.001949,0.000000
50753,0,0.001949,0.000000
50754,0,0.001948,0.000000
50755,0,0.001948,0.000000
50756,0,0.001947,0.000000
50757,0,0.001947,0.000000
50758,0,0.001946,0.000000
50759,0,0.001946,0.000000
50760,0,0.001945,0.000000
50761,0,0.001945,0.000000
50762,0,0.001944,0.000000
50763,0,0.001944,0.000000
50764,0,0.001943,0.000000
50765,0,0.001943,0.000000
50766,0,0.001942,0.000000
50767,0,0.001942,0.000000
50768,0,0.001941,0.000000
50769,0,0.001941,0.000000
50770,0,0.001940,0.000000
50771,0,0.001940,0.000000
50772,0,0.001939,0.000000
50773,0,0.001939,0.000000
50774,0,0.001938,0.000000
50775,0,0.001938,0.000000
50776,0,0.001937,0.000000
50777,0,0.001937,0.000000
50778,0,0.001936,0.000000
50779,0,0.001936,0.000000
50780,0,0.001936,0.000000
50781,0,0.001935,0.000000
50782,0,0.001935,0.000000
50783,0,0.001934,0.000000
50784,0,0.001934,0.000000
50785,0,0.001933,0.000000
50786,0,0.001933,0.000000
50787,0,0.001932,0.000000
50788,0,0.001932,0.000000
50789,0,0.001931,0.000000
50790,0,0.001931,0.000000
50791,0,0.001930,0.000000
50792,0,0.001930,0.000000
50793,0,0.001929,0.000000
50794,0,0.001929,0.000000
50795,0,0.001928,0.000000
50796,0,0.001928,0.000000
50797,0,0.001927,0.000000
50798,0,0.001927,0.000000
50799,0,0.001926,0.000000
50800,0,0.001926,0.000000
50801,0,0.001925,0.000000
50802,0,0.001925,0.000000
50803,0,0.001924,0.000000
50804,0,0.001924,0.000000
50805,0,0.001923,0.000000
50806,0,0.001923,0.000000
50807,0,0.001922,0.000000
50808,0,0.001922,0.000000
50809,0,0.001921,0.000000
50810,0,0.001921,0.000000
50811,0,0.001920,0.000000
50812,0,0.001920,0.000000
50813,0,0.001919,0.000000
50814,0,0.001919,0.000000
50815,0,0.001918,0.000000
50816,0,0.001918,0.000000
50817,0,0.001917,0.000000
50818,0,0.001917,0.000000
50819,0,0.001916,0.000000
50820,0,0.001916,0.000000
50821,0,0.001915,0.000000
50822,0,0.001915,0.000000
50823,0,0.001914,0.000000
50824,0,0.001914,0.000000
50825,0,0.001913,0.000000
50826,0,0.001913,0.000000
50827,0,0.001912,0.000000
50828,0,0.001912,0.000000
50829,0,0.001911,0.000000
50830,0,0.001911,0.000000
50831,0,0.001911,0.000000
50832,0,0.001910,0.000000
50833,0,0.001910,0.000000
50834,0,0.001909,0.000000
50835,0,0.001909,0.000000
50836,0,0.001908,0.000000
50837,0,0.001908,0.000000
50838,0,0.001907,0.000000
50839,0,0.001907,0.000000
50840,0,0.001906,0.000000
50841,0,0.001906,0.000000
50842,0,0.001905,0.000000
50843,0,0.001905,0.000000
50844,0,0.001904,0.000000
50845,0,0.001904,0.000000
50846,0,0.001903,0.000000
50847,0,0.001903,0.000000
50848,0,0.001902,0.000000
50849,0,0.001902,0.000000
50850,0,0.001901,0.000000
50851,0,0.001901,0.000000
50852,0,0.001900,0.000000
50853,0,0.001900,0.000000
50854,0,0.001899,0.000000
50855,0,0.001899,0.000000
50856,0,0.001898,0.000000
50857,0,0.001898,0.000000
50858,0,0.001897,0.000000
50859,0,0.001897,0.000000
50860,0,0.001896,0.000000
50861,0,0.001896,0.000000
50862,0,0.001896,0.000000
50863,0,0.001895,0.000000
50864,0,0.001895,0.000000
50865,0,0.001894,0.000000
50866,0,0.001894,0.000000
50867,0,0.001893,0.000000
50868,0,0.001893,0.000000
50869,0,0.001892,0.000000
50870,0,0.001892,0.000000
50871,0,0.001891,0.000000
50872,0,0.001891,0.000000
50873,0,0.001890,0.000000
50874,0,0.001890,0.000000
50875,0,0.001889,0.000000
50876,0,0.001889,0.000000
50877,0,0.001888,0.000000
50878,0,0.001888,0.000000
50879,0,0.001887,0.000000
50880,0,0.001887,0.000000
50881,0,0.001886,0.000000
50882,0,0.001886,0.000000
50883,0,0.001885,0.000000
50884,0,0.001885,0.000000
50885,0,0.001884,0.000000
50886,0,0.001884,0.000000
50887,0,0.001884,0.000000
50888,0,0.001883,0.000000
50889,0,0.001883,0.000000
50890,0,0.001882,0.000000
50891,0,0.001882,0.000000
50892,0,0.001881,0.000000
50893,0,0.001881,0.000000
50894,0,0.001880,0.000000
50895,0,0.001880,0.000000
50896,0,0.001879,0.000000
50897,0,0.001879,0.000000
50898,0,0.001878,0.000000
50899,0,0.001878,0.000000
50900,0,0.001877,0.000000
50901,0,0.001877,0.000000
50902,0,0.001876,0.000000
50903,0,0.001876,0.000000
50904,0,0.001875,0.000000
50905,0,0.001875,0.000000
50906,0,0.001874,0.000000
50907,0,0.001874,0.000000
50908,0,0.001873,0.000000
50909,0,0.001873,0.000000
50910,0,0.001873,0.000000
50911,0,0.001872,0.000000
50912,0,0.001872,0.000000
50913,0,0.001871,0.000000
50914,0,0.001871,0.000000
50915,0,0.001870,0.000000
50916,0,0.001870,0.000000
50917,0,0.001869,0.000000
50918,0,0.001869,0.000000
50919,0,0.001868,0.000000
50920,0,0.001868,0.000000
50921,0,0.001867,0.000000
50922,0,0.001867,0.000000
50923,0,0.001866,0.000000
50924,0,0.001866,0.000000
50925,0,0.001865,0.000000
50926,0,0.001865,0.000000
50927,0,0.001864,0.000000
50928,0,0.001864,0.000000
50929,0,0.001864,0.000000
50930,0,0.001863,0.000000
50931,0,0.001863,0.000000
50932,0,0.001862,0.000000
50933,0,0.001862,0.000000
50934,0,0.001861,0.000000
50935,0,0.001861,0.000000
50936,0,0.001860,0.000000
50937,0,0.001860,0.000000
50938,0,0.001859,0.000000
50939,0,0.001859,0.000000
50940,0,0.001858,0.000000
50941,0,0.001858,0.000000
50942,0,0.001857,0.000000
50943,0,0.001857,0.000000
50944,0,0.001856,0.000000
50945,0,0.001856,0.000000
50946,0,0.001856,0.000000
50947,0,0.001855,0.000000
50948,0,0.001855,0.000000
50949,0,0.001854,0.000000
50950,0,0.001854,0.000000
50951,0,0.001853,0.000000
50952,0,0.001853,0.000000
50953,0,0.001852,0.000000
50954,0,0.001852,0.000000
50955,0,0.001851,0.000000
50956,0,0.001851,0.000000
50957,0,0.001850,0.000000
50958,0,0.001850,0.000000
50959,0,0.001849,0.000000
50960,0,0.001849,0.000000
50961,0,0.001848,0.000000
50962,0,0.001848,0.000000
50963,0,0.001848,0.000000
50964,0,0.001847,0.000000
50965,0,0.001847,0.000000
50966,0,0.001846,0.000000
50967,0,0.001846,0.000000
50968,0,0.001845,0.000000
50969,0,0.001845,0.000000
50970,0,0.001844,0.000000
50971,0,0.001844,0.000000
50972,0,0.001843,0.000000
50973,0,0.001843,0.000000
50974,0,0.001842,0.000000
50975,0,0.001842,0.000000
50976,0,0.001841,0.000000
50977,0,0.001841,0.000000
50978,0,0.001841,0.000000
50979,0,0.001840,0.000000
50980,0,0.001840,0.000000
50981,0,0.001839,0.000000
50982,0,0.001839,0.000000
50983,0,0.001838,0.000000
50984,0,0.001838,0.000000
50985,0,0.001837,0.000000
50986,0,0.001837,0.000000
50987,0,0.001836,0.000000
50988,0,0.001836,0.000000
50989,0,0.001835,0.000000
50990,0,0.001835,0.000000
50991,0,0.001834,0.000000
50992,0,0.001834,0.000000
50993,0,0.001834,0.000000
50994,0,0.001833,0.000000
50995,0,0.001833,0.000000
50996,0,0.001832,0.000000
50997,0,0.001832,0.000000
50998,0,0.001831,0.000000
50999,0,0.001831,0.000000
51000,0,0.001830,0.000000
51001,0,0.001830,0.000000
51002,0,0.001829,0.000000
51003,0,0.001829,0.000000
51004,0,0.001828,0.000000
51005,0,0.001828,0.000000
51006,0,0.001828,0.000000
51007,0,0.001827,0.000000
51008,0,0.001827,0.000000
51009,0,0.001826,0.000000
51010,0,0.001826,0.000000
51011,0,0.001825,0.000000
51012,0,0.001825,0.000000
51013,0,0.001824,0.000000
51014,0,0.001824,0.000000
51015,0,0.001823,0.000000
51016,0,0.001823,0.000000
51017,0,0.001822,0.000000
51018,0,0.001822,0.000000
51019,0,0.001822,0.000000
51020,0,0.001821,0.000000
51021,0,0.001821,0.000000
51022,0,0.001820,0.000000
51023,0,0.001820,0.000000
51024,0,0.001819,0.000000
51025,0,0.001819,0.000000
51026,0,0.001818,0.000000
51027,0,0.001818,0.000000
51028,0,0.001817,0.000000
51029,0,0.001817,0.000000
51030,0,0.001816,0.000000
51031,0,0.001816,0.000000
51032,0,0.001816,0.000000
51033,0,0.001815,0.000000
51034,0,0.001815,0.000000
51035,0,0.001814,0.000000
51036,0,0.001814,0.000000
51037,0,0.001813,0.000000
51038,0,0.001813,0.000000
51039,0,0.001812,0.000000
51040,0,0.001812,0.000000
51041,0,0.001811,0.000000
51042,0,0.001811,0.000000
51043,0,0.001811,0.000000
51044,0,0.001810,0.000000
51045,0,0.001810,0.000000
51046,0,0.001809,0.000000
51047,0,0.001809,0.000000
51048,0,0.001808,0.000000
51049,0,0.001808,0.000000
51050,0,0.001807,0.000000
51051,0,0.001807,0.000000
51052,0,0.001806,0.000000
51053,0,0.001806,0.000000
51054,0,0.001805,0.000000
51055,0,0.001805,0.000000
51056,0,0.001805,0.000000
51057,0,0.001804,0.000000
51058,0,0.001804,0.000000
51059,0,0.001803,0.000000
51060,0,0.001803,0.000000
51061,0,0.001802,0.000000
51062,0,0.001802,0.000000
51063,0,0.001801,0.000000
51064,0,0.001801,0.000000
51065,0,0.001800,0.000000
51066,0,0.001800,0.000000
51067,0,0.001800,0.000000
51068,0,0.001799,0.000000
51069,0,0.001799,0.000000
51070,0,0.001798,0.000000
51071,0,0.001798,0.000000
51072,0,0.001797,0.000000
51073,0,0.001797,0.000000
51074,0,0.001796,0.000000
51075,0,0.001796,0.000000
51076,0,0.001795,0.000000
51077,0,0.001795,0.000000
51078,0,0.001795,0.000000
51079,0,0.001794,0.000000
51080,0,0.001794,0.000000
51081,0,0.001793,0.000000
51082,0,0.001793,0.000000
51083,0,0.001792,0.000000
51084,0,0.001792,0.000000
51085,0,0.001791,0.000000
51086,0,0.001791,0.000000
51087,0,0.001791,0.000000
51088,0,0.001790,0.000000
51089,0,0.001790,0.000000
51090,0,0.001789,0.000000
51091,0,0.001789,0.000000
51092,0,0.001788,0.000000
51093,0,0.001788,0.000000
51094,0,0.001787,0.000000
51095,0,0.001787,0.000000
51096,0,0.001786,0.000000
51097,0,0.001786,0.000000
51098,0,0.001786,0.000000
51099,0,0.001785,0.000000
51100,0,0.001785,0.000000
51101,0,0.001784,0.000000
51102,0,0.001784,0.000000
51103,0,0.001783,0.000000
51104,0,0.001783,0.000000
51105,0,0.001782,0.000000
51106,0,0.001782,0.000000
51107,0,0.001781,0.000000
51108,0,0.001781,0.000000
51109,0,0.001781,0.000000
51110,0,0.001780,0.000000
51111,0,0.001780,0.000000
51112,0,0.001779,0.000000
51113,0,0.001779,0.000000
51114,0,0.001778,0.000000
51115,0,0.001778,0.000000
51116,0,0.001777,0.000000
51117,0,0.001777,0.000000
51118,0,0.001777,0.000000
51119,0,0.001776,0.000000
51120,0,0.001776,0.000000
51121,0,0.001775,0.000000
51122,0,0.001775,0.000000
51123,0,0.001774,0.000000
51124,0,0.001774,0.000000
51125,0,0.001773,0.000000
51126,0,0.001773,0.000000
51127,0,0.001773,0.000000
51128,0,0.001772,0.000000
51129,0,0.001772,0.000000
51130,0,0.001771,0.000000
51131,0,0.001771,0.000000
51132,0,0.001770,0.000000
51133,0,0.001770,0.000000
51134,0,0.001769,0.000000
51135,0,0.001769,0.000000
51136,0,0.001769,0.000000
51137,0,0.001768,0.000000
51138,0,0.001768,0.000000
51139,0,0.001767,0.000000
51140,0,0.001767,0.000000
51141,0,0.001766,0.000000
51142,0,0.001766,0.000000
51143,0,0.001765,0.000000
51144,0,0.001765,0.000000
51145,0,0.001765,0.000000
51146,0,0.001764,0.000000
51147,0,0.001764,0.000000
51148,0,0.001763,0.000000
51149,0,0.001763,0.000000
51150,0,0.001762,0.000000
51151,0,0.001762,0.000000
51152,0,0.001761,0.000000
51153,0,0.001761,0.000000
51154,0,0.001761,0.000000
51155,0,0.001760,0.000000
51156,0,0.001760,0.000000
51157,0,0.001759,0.000000
51158,0,0.001759,0.000000
51159,0,0.001758,0.000000
51160,0,0.001758,0.000000
51161,0,0.001757,0.000000
51162,0,0.001757,0.000000
51163,0,0.001757,0.000000
51164,0,0.001756,0.000000
51165,0,0.001756,0.000000
51166,0,0.001755,0.000000
51167,0,0.001755,0.000000
51168,0,0.001754,0.000000
51169,0,0.001754,0.000000
51170,0,0.001753,0.000000
51171,0,0.001753,0.000000
51172,0,0.001753,0.000000
51173,0,0.001752,0.000000
51174,0,0.001752,0.000000
51175,0,0.001751,0.000000
51176,0,0.001751,0.000000
51177,0,0.001750,0.000000
51178,0,0.001750,0.000000
51179,0,0.001749,0.000000
51180,0,0.001749,0.000000
51181,0,0.001749,0.000000
51182,0,0.001748,0.000000
51183,0,0.001748,0.000000
51184,0,0.001747,0.000000
51185,0,0.001747,0.000000
51186,0,0.001746,0.000000
51187,0,0.001746,0.000000
51188,0,0.001746,0.000000
51189,0,0.001745,0.000000
51190,0,0.001745,0.000000
51191,0,0.001744,0.000000
51192,0,0.001744,0.000000
51193,0,0.001743,0.000000
51194,0,0.001743,0.000000
51195,0,0.001742,0.000000
51196,0,0.001742,0.000000
51197,0,0.001742,0.000000
51198,0,0.001741,0.000000
51199,0,0.001741,0.000000
51200,0,0.001740,0.000000
51201,0,0.001740,0.000000
51202,0,0.001739,0.000000
51203,0,0.001739,0.000000
51204,0,0.001739,0.000000
51205,0,0.001738,0.000000
51206,0,0.001738,0.000000
51207,0,0.001737,0.000000
51208,0,0.001737,0.000000
51209,0,0.001736,0.000000
51210,0,0.001736,0.000000
51211,0,0.001735,0.000000
51212,0,0.001735,0.000000
51213,0,0.001735,0.000000
51214,0,0.001734,0.000000
51215,0,0.001734,0.000000
51216,0,0.001733,0.000000
51217,0,0.001733,0.000000
51218,0,0.001732,0.000000
51219,0,0.001732,0.000000
51220,0,0.001732,0.000000
51221,0,0.001731,0.000000
51222,0,0.001731,0.000000
51223,0,0.001730,0.000000
51224,0,0.001730,0.000000
51225,0,0.001729,0.000000
51226,0,0.001729,0.000000
51227,0,0.001729,0.000000
51228,0,0.001728,0.000000
51229,0,0.001728,0.000000
51230,0,0.001727,0.000000
51231,0,0.001727,0.000000
51232,0,0.001726,0.000000
51233,0,0.001726,0.000000
51234,0,0.001725,0.000000
51235,0,0.001725,0.000000
51236,0,0.001725,0.000000
51237,0,0.001724,0.000000
51238,0,0.001724,0.000000
51239,0,0.001723,0.000000
51240,0,0.001723,0.000000
51241,0,0.001722,0.000000
51242,0,0.001722,0.000000
51243,0,0.001722,0.000000
51244,0,0.001721,0.000000
51245,0,0.001721,0.000000
51246,0,0.001720,0.000000
51247,0,0.001720,0.000000
51248,0,0.001719,0.000000
51249,0,0.001719,0.000000
51250,0,0.001719,0.000000
51251,0,0.001718,0.000000
51252,0,0.001718,0.000000
51253,0,0.001717,0.000000
51254,0,0.001717,0.000000
51255,0,0.001716,0.000000
51256,0,0.001716,0.000000
51257,0,0.001716,0.000000
51258,0,0.001715,0.000000
51259,0,0.001715,0.000000
51260,0,0.001714,0.000000
51261,0,0.001714,0.000000
51262,0,0.001713,0.000000
51263,0,0.001713,0.000000
51264,0,0.001713,0.000000
51265,0,0.001712,0.000000
51266,0,0.001712,0.000000
51267,0,0.001711,0.000000
51268,0,0.001711,0.000000
51269,0,0.001710,0.000000
51270,0,0.001710,0.000000
51271,0,0.001710,0.000000
51272,0,0.001709,0.000000
51273,0,0.001709,0.000000
51274,0,0.001708,0.000000
51275,0,0.001708,0.000000
51276,0,0.001707,0.000000
51277,0,0.001707,0.000000
51278,0,0.001707,0.000000
51279,0,0.001706,0.000000
51280,0,0.001706,0.000000
51281,0,0.001705,0.000000
51282,0,0.001705,0.000000
51283,0,0.001704,0.000000
51284,0,0.001704,0.000000
51285,0,0.001704,0.000000
51286,0,0.001703,0.000000
51287,0,0.001703,0.000000
51288,0,0.001702,0.000000
51289,0,0.001702,0.000000
51290,0,0.001701,0.000000
51291,0,0.001701,0.000000
51292,0,0.001701,0.000000
51293,0,0.001700,0.000000
51294,0,0.001700,0.000000
51295,0,0.001699,0.000000
51296,0,0.001699,0.000000
51297,0,0.001698,0.000000
51298,0,0.001698,0.000000
51299,0,0.001698,0.000000
51300,0,0.001697,0.000000
51301,0,0.001697,0.000000
51302,0,0.001696,0.000000
51303,0,0.001696,0.000000
51304,0,0.001695,0.000000
51305,0,0.001695,0.000000
51306,0,0.001695,0.000000
51307,0,0.001694,0.000000
51308,0,0.001694,0.000000
51309,0,0.001693,0.000000
51310,0,0.001693,0.000000
51311,0,0.001692,0.000000
51312,0,0.001692,0.000000
51313,0,0.001692,0.000000
51314,0,0.001691,0.000000
51315,0,0.001691,0.000000
51316,0,0.001690,0.000000
51317,0,0.001690,0.000000
51318,0,0.001690,0.000000
51319,0,0.001689,0.000000
51320,0,0.001689,0.000000
51321,0,0.001688,0.000000
51322,0,0.001688,0.000000
51323,0,0.001687,0.000000
51324,0,0.001687,0.000000
51325,0,0.001687,0.000000
51326,0,0.001686,0.000000
51327,0,0.001686,0.000000
51328,0,0.001685,0.000000
51329,0,0.001685,0.000000
51330,0,0.001684,0.000000
51331,0,0.001684,0.000000
51332,0,0.001684,0.000000
51333,0,0.001683,0.000000
51334,0,0.001683,0.000000
51335,0,0.001682,0.000000
51336,0,0.001682,0.000000
51337,0,0.001682,0.000000
51338,0,0.001681,0.000000
51339,0,0.001681,0.000000
51340,0,0.001680,0.000000
51341,0,0.001680,0.000000
51342,0,0.001679,0.000000
51343,0,0.001679,0.000000
51344,0,0.001679,0.000000
51345,0,0.001678,0.000000
51346,0,0.001678,0.000000
51347,0,0.001677,0.000000
51348,0,0.001677,0.000000
51349,0,0.001676,0.000000
51350,0,0.001676,0.000000
51351,0,0.001676,0.000000
51352,0,0.001675,0.000000
51353,0,0.001675,0.000000
51354,0,0.001674,0.000000
51355,0,0.001674,0.000000
51356,0,0.001674,0.000000
51357,0,0.001673,0.000000
51358,0,0.001673,0.000000
51359,0,0.001672,0.000000
51360,0,0.001672,0.000000
51361,0,0.001671,0.000000
51362,0,0.001671,0.000000
51363,0,0.001671,0.000000
51364,0,0.001670,0.000000
51365,0,0.001670,0.000000
51366,0,0.001669,0.000000
51367,0,0.001669,0.000000
51368,0,0.001669,0.000000
51369,0,0.001668,0.000000
51370,0,0.001668,0.000000
51371,0,0.001667,0.000000
51372,0,0.001667,0.000000
51373,0,0.001666,0.000000
51374,0,0.001666,0.000000
51375,0,0.001666,0.000000
51376,0,0.001665,0.000000
51377,0,0.001665,0.000000
51378,0,0.001664,0.000000
51379,0,0.001664,0.000000
51380,0,0.001664,0.000000
51381,0,0.001663,0.000000
51382,0,0.001663,0.000000
51383,0,0.001662,0.000000
51384,0,0.001662,0.000000
51385,0,0.001661,0.000000
51386,0,0.001661,0.000000
51387,0,0.001661,0.000000
51388,0,0.001660,0.000000
51389,0,0.001660,0.000000
51390,0,0.001659,0.000000
51391,0,0.001659,0.000000
51392,0,0.001659,0.000000
51393,0,0.001658,0.000000
51394,0,0.001658,0.000000
51395,0,0.001657,0.000000
51396,0,0.001657,0.000000
51397,0,0.001656,0.000000
51398,0,0.001656,0.000000
51399,0,0.001656,0.000000
51400,0,0.001655,0.000000
51401,0,0.001655,0.000000
51402,0,0.001654,0.000000
51403,0,0.001654,0.000000
51404,0,0.001654,0.000000
51405,0,0.001653,0.000000
51406,0,0.001653,0.000000
51407,0,0.001652,0.000000
51408,0,0.001652,0.000000
51409,0,0.001652,0.000000
51410,0,0.001651,0.000000
51411,0,0.001651,0.000000
51412,0,0.001650,0.000000
51413,0,0.001650,0.000000
51414,0,0.001649,0.000000
51415,0,0.001649,0.000000
51416,0,0.001649,0.000000
51417,0,0.001648,0.000000
51418,0,0.001648,0.000000
51419,0,0.001647,0.000000
51420,0,0.001647,0.000000
51421,0,0.001647,0.000000
51422,0,0.001646,0.000000
51423,0,0.001646,0.000000
51424,0,0.001645,0.000000
51425,0,0.001645,0.000000
51426,0,0.001645,0.000000
51427,0,0.001644,0.000000
51428,0,0.001644,0.000000
51429,0,0.001643,0.000000
51430,0,0.001643,0.000000
51431,0,0.001642,0.000000
51432,0,0.001642,0.000000
51433,0,0.001642,0.000000
51434,0,0.001641,0.000000
51435,0,0.001641,0.000000
51436,0,0.001640,0.000000
51437,0,0.001640,0.000000
51438,0,0.001640,0.000000
51439,0,0.001639,0.000000
51440,0,0.001639,0.000000
51441,0,0.001638,0.000000
51442,0,0.001638,0.000000
51443,0,0.001638,0.000000
51444,0,0.001637,0.000000
51445,0,0.001637,0.000000
51446,0,0.001636,0.000000
51447,0,0.001636,0.000000
51448,0,0.001636,0.000000
51449,0,0.001635,0.000000
51450,0,0.001635,0.000000
51451,0,0.001634,0.000000
51452,0,0.001634,0.000000
51453,0,0.001633,0.000000
51454,0,0.001633,0.000000
51455,0,0.001633,0.000000
51456,0,0.001632,0.000000
51457,0,0.001632,0.000000
51458,0,0.001631,0.000000
51459,0,0.001631,0.000000
51460,0,0.001631,0.000000
51461,0,0.001630,0.000000
51462,0,0.001630,0.000000
51463,0,0.001629,0.000000
51464,0,0.001629,0.000000
51465,0,0.001629,0.000000
51466,0,0.001628,0.000000
51467,0,0.001628,0.000000
51468,0,0.001627,0.000000
51469,0,0.001627,0.000000
51470,0,0.001627,0.000000
51471,0,0.001626,0.000000
51472,0,0.001626,0.000000
51473,0,0.001625,0.000000
51474,0,0.001625,0.000000
51475,0,0.001625,0.000000
51476,0,0.001624,0.000000
51477,0,0.001624,0.000000
51478,0,0.001623,0.000000
51479,0,0.001623,0.000000
51480,0,0.001623,0.000000
51481,0,0.001622,0.000000
51482,0,0.001622,0.000000
51483,0,0.001621,0.000000
51484,0,0.001621,0.000000
51485,0,0.001621,0.000000
51486,0,0.001620,0.000000
51487,0,0.001620,0.000000
51488,0,0.001619,0.000000
51489,0,0.001619,0.000000
51490,0,0.001619,0.000000
51491,0,0.001618,0.000000
51492,0,0.001618,0.000000
51493,0,0.001617,0.000000
51494,0,0.001617,0.000000
51495,0,0.001616,0.000000
51496,0,0.001616,0.000000
51497,0,0.001616,0.000000
51498,0,0.001615,0.000000
51499,0,0.001615,0.000000
51500,0,0.001614,0.000000
51501,0,0.001614,0.000000
51502,0,0.001614,0.000000
51503,0,0.001613,0.000000
51504,0,0.001613,0.000000
51505,0,0.001612,0.000000
51506,0,0.001612,0.000000
51507,0,0.001612,0.000000
51508,0,0.001611,0.000000
51509,0,0.001611,0.000000
51510,0,0.001610,0.000000
51511,0,0.001610,0.000000
51512,0,0.001610,0.000000
51513,0,0.001609,0.000000
51514,0,0.001609,0.000000
51515,0,0.001608,0.000000
51516,0,0.001608,0.000000
51517,0,0.001608,0.000000
51518,0,0.001607,0.000000
51519,0,0.001607,0.000000
51520,0,0.001606,0.000000
51521,0,0.001606,0.000000
51522,0,0.001606,0.000000
51523,0,0.001605,0.000000
51524,0,0.001605,0.000000
51525,0,0.001604,0.000000
51526,0,0.001604,0.000000
51527,0,0.001604,0.000000
51528,0,0.001603,0.000000
51529,0,0.001603,0.000000
51530,0,0.001602,0.000000
51531,0,0.001602,0.000000
51532,0,0.001602,0.000000
51533,0,0.001601,0.000000
51534,0,0.001601,0.000000
51535,0,0.001600,0.000000
51536,0,0.001600,0.000000
51537,0,0.001600,0.000000
51538,0,0.001599,0.000000
51539,0,0.001599,0.000000
51540,0,0.001598,0.000000
51541,0,0.001598,0.000000
51542,0,0.001598,0.000000
51543,0,0.001597,0.000000
51544,0,0.001597,0.000000
51545,0,0.001597,0.000000
51546,0,0.001596,0.000000
51547,0,0.001596,0.000000
51548,0,0.001595,0.000000
51549,0,0.001595,0.000000
51550,0,0.001595,0.000000
51551,0,0.001594,0.000000
51552,0,0.001594,0.000000
51553,0,0.001593,0.000000
51554,0,0.001593,0.000000
51555,0,0.001593,0.000000
51556,0,0.001592,0.000000
51557,0,0.001592,0.000000
51558,0,0.001591,0.000000
51559,0,0.001591,0.000000
51560,0,0.001591,0.000000
51561,0,0.001590,0.000000
51562,0,0.001590,0.000000
51563,0,0.001589,0.000000
51564,0,0.001589,0.000000
51565,0,0.001589,0.000000
51566,0,0.001588,0.000000
51567,0,0.001588,0.000000
51568,0,0.001587,0.000000
51569,0,0.001587,0.000000
51570,0,0.001587,0.000000
51571,0,0.001586,0.000000
51572,0,0.001586,0.000000
51573,0,0.001585,0.000000
51574,0,0.001585,0.000000
51575,0,0.001585,0.000000
51576,0,0.001584,0.000000
51577,0,0.001584,0.000000
51578,0,0.001583,0.000000
51579,0,0.001583,0.000000
51580,0,0.001583,0.000000
51581,0,0.001582,0.000000
51582,0,0.001582,0.000000
51583,0,0.001582,0.000000
51584,0,0.001581,0.000000
51585,0,0.001581,0.000000
51586,0,0.001580,0.000000
51587,0,0.001580,0.000000
51588,0,0.001580,0.000000
51589,0,0.001579,0.000000
51590,0,0.001579,0.000000
51591,0,0.001578,0.000000
51592,0,0.001578,0.000000
51593,0,0.001578,0.000000
51594,0,0.001577,0.000000
51595,0,0.001577,0.000000
51596,0,0.001576,0.000000
51597,0,0.001576,0.000000
51598,0,0.001576,0.000000
51599,0,0.001575,0.000000
51600,0,0.001575,0.000000
51601,0,0.001574,0.000000
51602,0,0.001574,0.000000
51603,0,0.001574,0.000000
51604,0,0.001573,0.000000
51605,0,0.001573,0.000000
51606,0,0.001573,0.000000
51607,0,0.001572,0.000000
51608,0,0.001572,0.000000
51609,0,0.001571,0.000000
51610,0,0.001571,0.000000
51611,0,0.001571,0.000000
51612,0,0.001570,0.000000
51613,0,0.001570,0.000000
51614,0,0.001569,0.000000
51615,0,0.001569,0.000000
51616,0,0.001569,0.000000
51617,0,0.001568,0.000000
51618,0,0.001568,0.000000
51619,0,0.001567,0.000000
51620,0,0.001567,0.000000
51621,0,0.001567,0.000000
51622,0,0.001566,0.000000
51623,0,0.001566,0.000000
51624,0,0.001566,0.000000
51625,0,0.001565,0.000000
51626,0,0.001565,0.000000
51627,0,0.001564,0.000000
51628,0,0.001564,0.000000
51629,0,0.001564,0.000000
51630,0,0.001563,0.000000
51631,0,0.001563,0.000000
51632,0,0.001562,0.000000
51633,0,0.001562,0.000000
51634,0,0.001562,0.000000
51635,0,0.001561,0.000000
51636,0,0.001561,0.000000
51637,0,0.001560,0.000000
51638,0,0.001560,0.000000
51639,0,0.001560,0.000000
51640,0,0.001559,0.000000
51641,0,0.001559,0.000000
51642,0,0.001559,0.000000
51643,0,0.001558,0.000000
51644,0,0.001558,0.000000
51645,0,0.001557,0.000000
51646,0,0.001557,0.000000
51647,0,0.001557,0.000000
51648,0,0.001556,0.000000
51649,0,0.001556,0.000000
51650,0,0.001555,0.000000
51651,0,0.001555,0.000000
51652,0,0.001555,0.000000
51653,0,0.001554,0.000000
51654,0,0.001554,0.000000
51655,0,0.001554,0.000000
51656,0,0.001553,0.000000
51657,0,0.001553,0.000000
51658,0,0.001552,0.000000
51659,0,0.001552,0.000000
51660,0,0.001552,0.000000
51661,0,0.001551,0.000000
51662,0,0.001551,0.000000
51663,0,0.001550,0.000000
51664,0,0.001550,0.000000
51665,0,0.001550,0.000000
51666,0,0.001549,0.000000
51667,0,0.001549,0.000000
51668,0,0.001549,0.000000
51669,0,0.001548,0.000000
51670,0,0.001548,0.000000
51671,0,0.001547,0.000000
51672,0,0.001547,0.000000
51673,0,0.001547,0.000000
51674,0,0.001546,0.000000
51675,0,0.001546,0.000000
51676,0,0.001545,0.000000
51677,0,0.001545,0.000000
51678,0,0.001545,0.000000
51679,0,0.001544,0.000000
51680,0,0.001544,0.000000
51681,0,0.001544,0.000000
51682,0,0.001543,0.000000
51683,0,0.001543,0.000000
51684,0,0.001542,0.000000
51685,0,0.001542,0.000000
51686,0,0.001542,0.000000
51687,0,0.001541,0.000000
51688,0,0.001541,0.000000
51689,0,0.001540,0.000000
51690,0,0.001540,0.000000
51691,0,0.001540,0.000000
51692,0,0.001539,0.000000
51693,0,0.001539,0.000000
51694,0,0.001539,0.000000
51695,0,0.001538,0.000000
51696,0,0.001538,0.000000
51697,0,0.001537,0.000000
51698,0,0.001537,0.000000
51699,0,0.001537,0.000000
51700,0,0.001536,0.000000
51701,0,0.001536,0.000000
51702,0,0.001536,0.000000
51703,0,0.001535,0.000000
51704,0,0.001535,0.000000
51705,0,0.001534,0.000000
51706,0,0.001534,0.000000
51707,0,0.001534,0.000000
51708,0,0.001533,0.000000
51709,0,0.001533,0.000000
51710,0,0.001532,0.000000
51711,0,0.001532,0.000000
51712,0,0.001532,0.000000
51713,0,0.001531,0.000000
51714,0,0.001531,0.000000
51715,0,0.001531,0.000000
51716,0,0.001530,0.000000
51717,0,0.001530,0.000000
51718,0,0.001529,0.000000
51719,0,0.001529,0.000000
51720,0,0.001529,0.000000
51721,0,0.001528,0.000000
51722,0,0.001528,0.000000
51723,0,0.001528,0.000000
51724,0,0.001527,0.000000
51725,0,0.001527,0.000000
51726,0,0.001526,0.000000
51727,0,0.001526,0.000000
51728,0,0.001526,0.000000
51729,0,0.001525,0.000000
51730,0,0.001525,0.000000
51731,0,0.001525,0.000000
51732,0,0.001524,0.000000
51733,0,0.001524,0.000000
51734,0,0.001523,0.000000
51735,0,0.001523,0.000000
51736,0,0.001523,0.000000
51737,0,0.001522,0.000000
51738,0,0.001522,0.000000
51739,0,0.001522,0.000000
51740,0,0.001521,0.000000
51741,0,0.001521,0.000000
51742,0,0.001520,0.000000
51743,0,0.001520,0.000000
51744,0,0.001520,0.000000
51745,0,0.001519,0.000000
51746,0,0.001519,0.000000
51747,0,0.001519,0.000000
51748,0,0.001518,0.000000
51749,0,0.001518,0.000000
51750,0,0.001517,0.000000
51751,0,0.001517,0.000000
51752,0,0.001517,0.000000
51753,0,0.001516,0.000000
51754,0,0.001516,0.000000
51755,0,0.001516,0.000000
51756,0,0.001515,0.000000
51757,0,0.001515,0.000000
51758,0,0.001514,0.000000
51759,0,0.001514,0.000000
51760,0,0.001514,0.000000
51761,0,0.001513,0.000000
51762,0,0.001513,0.000000
51763,0,0.001513,0.000000
51764,0,0.001512,0.000000
51765,0,0.001512,0.000000
51766,0,0.001511,0.000000
51767,0,0.001511,0.000000
51768,0,0.001511,0.000000
51769,0,0.001510,0.000000
51770,0,0.001510,0.000000
51771,0,0.001510,0.000000
51772,0,0.001509,0.000000
51773,0,0.001509,0.000000
51774,0,0.001508,0.000000
51775,0,0.001508,0.000000
51776,0,0.001508,0.000000
51777,0,0.001507,0.000000
51778,0,0.001507,0.000000
51779,0,0.001507,0.000000
51780,0,0.001506,0.000000
51781,0,0.001506,0.000000
51782,0,0.001505,0.000000
51783,0,0.001505,0.000000
51784,0,0.001505,0.000000
51785,0,0.001504,0.000000
51786,0,0.001504,0.000000
51787,0,0.001504,0.000000
51788,0,0.001503,0.000000
51789,0,0.001503,0.000000
51790,0,0.001503,0.000000
51791,0,0.001502,0.000000
51792,0,0.001502,0.000000
51793,0,0.001501,0.000000
51794,0,0.001501,0.000000
51795,0,0.001501,0.000000
51796,0,0.001500,0.000000
51797,0,0.001500,0.000000
51798,0,0.001500,0.000000
51799,0,0.001499,0.000000
51800,0,0.001499,0.000000
51801,0,0.001498,0.000000
51802,0,0.001498,0.000000
51803,0,0.001498,0.000000
51804,0,0.001497,0.000000
51805,0,0.001497,0.000000
51806,0,0.001497,0.000000
51807,0,0.001496,0.000000
51808,0,0.001496,0.000000
51809,0,0.001495,0.000000
51810,0,0.001495,0.000000
51811,0,0.001495,0.000000
51812,0,0.001494,0.000000
51813,0,0.001494,0.000000
51814,0,0.001494,0.000000
51815,0,0.001493,0.000000
51816,0,0.001493,0.000000
51817,0,0.001493,0.000000
51818,0,0.001492,0.000000
51819,0,0.001492,0.000000
51820,0,0.001491,0.000000
51821,0,0.001491,0.000000
51822,0,0.001491,0.000000
51823,0,0.001490,0.000000
51824,0,0.001490,0.000000
51825,0,0.001490,0.000000
51826,0,0.001489,0.000000
51827,0,0.001489,0.000000
51828,0,0.001488,0.000000
51829,0,0.001488,0.000000
51830,0,0.001488,0.000000
51831,0,0.001487,0.000000
51832,0,0.001487,0.000000
51833,0,0.001487,0.000000
51834,0,0.001486,0.000000
51835,0,0.001486,0.000000
51836,0,0.001486,0.000000
51837,0,0.001485,0.000000
51838,0,0.001485,0.000000
51839,0,0.001484,0.000000
51840,0,0.001484,0.000000
51841,0,0.001484,0.000000
51842,0,0.001483,0.000000
51843,0,0.001483,0.000000
51844,0,0.001483,0.000000
51845,0,0.001482,0.000000
51846,0,0.001482,0.000000
51847,0,0.001482,0.000000
51848,0,0.001481,0.000000
51849,0,0.001481,0.000000
51850,0,0.001480,0.000000
51851,0,0.001480,0.000000
51852,0,0.001480,0.000000
51853,0,0.001479,0.000000
51854,0,0.001479,0.000000
51855,0,0.001479,0.000000
51856,0,0.001478,0.000000
51857,0,0.001478,0.000000
51858,0,0.001478,0.000000
51859,0,0.001477,0.000000
51860,0,0.001477,0.000000
51861,0,0.001476,0.000000
51862,0,0.001476,0.000000
51863,0,0.001476,0.000000
51864,0,0.001475,0.000000
51865,0,0.001475,0.000000
51866,0,0.001475,0.000000
51867,0,0.001474,0.000000
51868,0,0.001474,0.000000
51869,0,0.001474,0.000000
51870,0,0.001473,0.000000
51871,0,0.001473,0.000000
51872,0,0.001472,0.000000
51873,0,0.001472,0.000000
51874,0,0.001472,0.000000
51875,0,0.001471,0.000000
51876,0,0.001471,0.000000
51877,0,0.001471,0.000000
51878,0,0.001470,0.000000
51879,0,0.001470,0.000000
51880,0,0.001470,0.000000
51881,0,0.001469,0.000000
51882,0,0.001469,0.000000
51883,0,0.001468,0.000000
51884,0,0.001468,0.000000
51885,0,0.001468,0.000000
51886,0,0.001467,0.000000
51887,0,0.001467,0.000000
51888,0,0.001467,0.000000
51889,0,0.001466,0.000000
51890,0,0.001466,0.000000
51891,0,0.001466,0.000000
51892,0,0.001465,0.000000
51893,0,0.001465,0.000000
51894,0,0.001464,0.000000
51895,0,0.001464,0.000000
51896,0,0.001464,0.000000
51897,0,0.001463,0.000000
51898,0,0.001463,0.000000
51899,0,0.001463,0.000000
51900,0,0.001462,0.000000
51901,0,0.001462,0.000000
51902,0,0.001462,0.000000
51903,0,0.001461,0.000000
51904,0,0.001461,0.000000
51905,0,0.001461,0.000000
51906,0,0.001460,0.000000
51907,0,0.001460,0.000000
51908,0,0.001459,0.000000
51909,0,0.001459,0.000000
51910,0,0.001459,0.000000
51911,0,0.001458,0.000000
51912,0,0.001458,0.000000
51913,0,0.001458,0.000000
51914,0,0.001457,0.000000
51915,0,0.001457,0.000000
51916,0,0.001457,0.000000
51917,0,0.001456,0.000000
51918,0,0.001456,0.000000
51919,0,0.001456,0.000000
51920,0,0.001455,0.000000
51921,0,0.001455,0.000000
51922,0,0.001454,0.000000
51923,0,0.001454,0.000000
51924,0,0.001454,0.000000
51925,0,0.001453,0.000000
51926,0,0.001453,0.000000
51927,0,0.001453,0.000000
51928,0,0.001452,0.000000
51929,0,0.001452,0.000000
51930,0,0.001452,0.000000
51931,0,0.001451,0.000000
51932,0,0.001451,0.000000
51933,0,0.001451,0.000000
51934,0,0.001450,0.000000
51935,0,0.001450,0.000000
51936,0,0.001449,0.000000
51937,0,0.001449,0.000000
51938,0,0.001449,0.000000
51939,0,0.001448,0.000000
51940,0,0.001448,0.000000
51941,0,0.001448,0.000000
51942,0,0.001447,0.000000
51943,0,0.001447,0.000000
51944,0,0.001447,0.000000
51945,0,0.001446,0.000000
51946,0,0.001446,0.000000
51947,0,0.001446,0.000000
51948,0,0.001445,0.000000
51949,0,0.001445,0.000000
51950,0,0.001444,0.000000
51951,0,0.001444,0.000000
51952,0,0.001444,0.000000
51953,0,0.001443,0.000000
51954,0,0.001443,0.000000
51955,0,0.001443,0.000000
51956,0,0.001442,0.000000
51957,0,0.001442,0.000000
51958,0,0.001442,0.000000
51959,0,0.001441,0.000000
51960,0,0.001441,0.000000
51961,0,0.001441,0.000000
51962,0,0.001440,0.000000
51963,0,0.001440,0.000000
51964,0,0.001440,0.000000
51965,0,0.001439,0.000000
51966,0,0.001439,0.000000
51967,0,0.001438,0.000000
51968,0,0.001438,0.000000
51969,0,0.001438,0.000000
51970,0,0.001437,0.000000
51971,0,0.001437,0.000000
51972,0,0.001437,0.000000
51973,0,0.001436,0.000000
51974,0,0.001436,0.000000
51975,0,0.001436,0.000000
51976,0,0.001435,0.000000
51977,0,0.001435,0.000000
51978,0,0.001435,0.000000
51979,0,0.001434,0.000000
51980,0,0.001434,0.000000
51981,0,0.001434,0.000000
51982,0,0.001433,0.000000
51983,0,0.001433,0.000000
51984,0,0.001432,0.000000
51985,0,0.001432,0.000000
51986,0,0.001432,0.000000
51987,0,0.001431,0.000000
51988,0,0.001431,0.000000
51989,0,0.001431,0.000000
51990,0,0.001430,0.000000
51991,0,0.001430,0.000000
51992,0,0.001430,0.000000
51993,0,0.001429,0.000000
51994,0,0.001429,0.000000
51995,0,0.001429,0.000000
51996,0,0.001428,0.000000
51997,0,0.001428,0.000000
51998,0,0.001428,0.000000
51999,0,0.001427,0.000000
52000,0,0.001427,0.000000
52001,0,0.001426,0.000000
52002,0,0.001426,0.000000
52003,0,0.001426,0.000000
52004,0,0.001425,0.000000
52005,0,0.001425,0.000000
52006,0,0.001425,0.000000
52007,0,0.001424,0.000000
52008,0,0.001424,0.000000
52009,0,0.001424,0.000000
52010,0,0.001423,0.000000
52011,0,0.001423,0.000000
52012,0,0.001423,0.000000
52013,0,0.001422,0.000000
52014,0,0.001422,0.000000
52015,0,0.001422,0.000000
52016,0,0.001421,0.000000
52017,0,0.001421,0.000000
52018,0,0.001421,0.000000
52019,0,0.001420,0.000000
52020,0,0.001420,0.000000
52021,0,0.001419,0.000000
52022,0,0.001419,0.000000
52023,0,0.001419,0.000000
52024,0,0.001418,0.000000
52025,0,0.001418,0.000000
52026,0,0.001418,0.000000
52027,0,0.001417,0.000000
52028,0,0.001417,0.000000
52029,0,0.001417,0.000000
52030,0,0.001416,0.000000
52031,0,0.001416,0.000000
52032,0,0.001416,0.000000
52033,0,0.001415,0.000000
52034,0,0.001415,0.000000
52035,0,0.001415,0.000000
52036,0,0.001414,0.000000
52037,0,0.001414,0.000000
52038,0,0.001414,0.000000
52039,0,0.001413,0.000000
52040,0,0.001413,0.000000
52041,0,0.001413,0.000000
52042,0,0.001412,0.000000
52043,0,0.001412,0.000000
52044,0,0.001412,0.000000
52045,0,0.001411,0.000000
52046,0,0.001411,0.000000
52047,0,0.001410,0.000000
52048,0,0.001410,0.000000
52049,0,0.001410,0.000000
52050,0,0.001409,0.000000
52051,0,0.001409,0.000000
52052,0,0.001409,0.000000
52053,0,0.001408,0.000000
52054,0,0.001408,0.000000
52055,0,0.001408,0.000000
52056,0,0.001407,0.000000
52057,0,0.001407,0.000000
52058,0,0.001407,0.000000
52059,0,0.001406,0.000000
52060,0,0.001406,0.000000
52061,0,0.001406,0.000000
52062,0,0.001405,0.000000
52063,0,0.001405,0.000000
52064,0,0.001405,0.000000
52065,0,0.001404,0.000000
52066,0,0.001404,0.000000
52067,0,0.001404,0.000000
52068,0,0.001403,0.000000
52069,0,0.001403,0.000000
52070,0,0.001403,0.000000
52071,0,0.001402,0.000000
52072,0,0.001402,0.000000
52073,0,0.001402,0.000000
52074,0,0.001401,0.000000
52075,0,0.001401,0.000000
52076,0,0.001401,0.000000
52077,0,0.001400,0.000000
52078,0,0.001400,0.000000
52079,0,0.001399,0.000000
52080,0,0.001399,0.000000
52081,0,0.001399,0.000000
52082,0,0.001398,0.000000
52083,0,0.001398,0.000000
52084,0,0.001398,0.000000
52085,0,0.001397,0.000000
52086,0,0.001397,0.000000
52087,0,0.001397,0.000000
52088,0,0.001396,0.000000
52089,0,0.001396,0.000000
52090,0,0.001396,0.000000
52091,0,0.001395,0.000000
52092,0,0.001395,0.000000
52093,0,0.001395,0.000000
52094,0,0.001394,0.000000
52095,0,0.001394,0.000000
52096,0,0.001394,0.000000
52097,0,0.001393,0.000000
52098,0,0.001393,0.000000
52099,0,0.001393,0.000000
52100,0,0.001392,0.000000
52101,0,0.001392,0.000000
52102,0,0.001392,0.000000
52103,0,0.001391,0.000000
52104,0,0.001391,0.000000
52105,0,0.001391,0.000000
52106,0,0.001390,0.000000
52107,0,0.001390,0.000000
52108,0,0.001390,0.000000
52109,0,0.001389,0.000000
52110,0,0.001389,0.000000
52111,0,0.001389,0.000000
52112,0,0.001388,0.000000
52113,0,0.001388,0.000000
52114,0,0.001388,0.000000
52115,0,0.001387,0.000000
52116,0,0.001387,0.000000
52117,0,0.001387,0.000000
52118,0,0.001386,0.000000
52119,0,0.001386,0.000000
52120,0,0.001386,0.000000
52121,0,0.001385,0.000000
52122,0,0.001385,0.000000
52123,0,0.001384,0.000000
52124,0,0.001384,0.000000
52125,0,0.001384,0.000000
52126,0,0.001383,0.000000
52127,0,0.001383,0.000000
52128,0,0.001383,0.000000
52129,0,0.001382,0.000000
52130,0,0.001382,0.000000
52131,0,0.001382,0.000000
52132,0,0.001381,0.000000
52133,0,0.001381,0.000000
52134,0,0.001381,0.000000
52135,0,0.001380,0.000000
52136,0,0.001380,0.000000
52137,0,0.001380,0.000000
52138,0,0.001379,0.000000
52139,0,0.001379,0.000000
52140,0,0.001379,0.000000
52141,0,0.001378,0.000000
52142,0,0.001378,0.000000
52143,0,0.001378,0.000000
52144,0,0.001377,0.000000
52145,0,0.001377,0.000000
52146,0,0.001377,0.000000
52147,0,0.001376,0.000000
52148,0,0.001376,0.000000
52149,0,0.001376,0.000000
52150,0,0.001375,0.000000
52151,0,0.001375,0.000000
52152,0,0.001375,0.000000
52153,0,0.001374,0.000000
52154,0,0.001374,0.000000
52155,0,0.001374,0.000000
52156,0,0.001373,0.000000
52157,0,0.001373,0.000000
52158,0,0.001373,0.000000
52159,0,0.001372,0.000000
52160,0,0.001372,0.000000
52161,0,0.001372,0.000000
52162,0,0.001371,0.000000
52163,0,0.001371,0.000000
52164,0,0.001371,0.000000
52165,0,0.001370,0.000000
52166,0,0.001370,0.000000
52167,0,0.001370,0.000000
52168,0,0.001369,0.000000
52169,0,0.001369,0.000000
52170,0,0.001369,0.000000
52171,0,0.001368,0.000000
52172,0,0.001368,0.000000
52173,0,0.001368,0.000000
52174,0,0.001367,0.000000
52175,0,0.001367,0.000000
52176,0,0.001367,0.000000
52177,0,0.001366,0.000000
52178,0,0.001366,0.000000
52179,0,0.001366,0.000000
52180,0,0.001365,0.000000
52181,0,0.001365,0.000000
52182,0,0.001365,0.000000
52183,0,0.001364,0.000000
52184,0,0.001364,0.000000
52185,0,0.001364,0.000000
52186,0,0.001363,0.000000
52187,0,0.001363,0.000000
52188,0,0.001363,0.000000
52189,0,0.001362,0.000000
52190,0,0.001362,0.000000
52191,0,0.001362,0.000000
52192,0,0.001361,0.000000
52193,0,0.001361,0.000000
52194,0,0.001361,0.000000
52195,0,0.001360,0.000000
52196,0,0.001360,0.000000
52197,0,0.001360,0.000000
52198,0,0.001359,0.000000
52199,0,0.001359,0.000000
52200,0,0.001359,0.000000
52201,0,0.001358,0.000000
52202,0,0.001358,0.000000
52203,0,0.001358,0.000000
52204,0,0.001357,0.000000
52205,0,0.001357,0.000000
52206,0,0.001357,0.000000
52207,0,0.001356,0.000000
52208,0,0.001356,0.000000
52209,0,0.001356,0.000000
52210,0,0.001355,0.000000
52211,0,0.001355,0.000000
52212,0,0.001355,0.000000
52213,0,0.001354,0.000000
52214,0,0.001354,0.000000
52215,0,0.001354,0.000000
52216,0,0.001353,0.000000
52217,0,0.001353,0.000000
52218,0,0.001353,0.000000
52219,0,0.001352,0.000000
52220,0,0.001352,0.000000
52221,0,0.001352,0.000000
52222,0,0.001351,0.000000
52223,0,0.001351,0.000000
52224,0,0.001351,0.000000
52225,0,0.001350,0.000000
52226,0,0.001350,0.000000
52227,0,0.001350,0.000000
52228,0,0.001349,0.000000
52229,0,0.001349,0.000000
52230,0,0.001349,0.000000
52231,0,0.001348,0.000000
52232,0,0.001348,0.000000
52233,0,0.001348,0.000000
52234,0,0.001347,0.000000
52235,0,0.001347,0.000000
52236,0,0.001347,0.000000
52237,0,0.001346,0.000000
52238,0,0.001346,0.000000
52239,0,0.001346,0.000000
52240,0,0.001345,0.000000
52241,0,0.001345,0.000000
52242,0,0.001345,0.000000
52243,0,0.001345,0.000000
52244,0,0.001344,0.000000
52245,0,0.001344,0.000000
52246,0,0.001344,0.000000
52247,0,0.001343,0.000000
52248,0,0.001343,0.000000
52249,0,0.001343,0.000000
52250,0,0.001342,0.000000
52251,0,0.001342,0.000000
52252,0,0.001342,0.000000
52253,0,0.001341,0.000000
52254,0,0.001341,0.000000
52255,0,0.001341,0.000000
52256,0,0.001340,0.000000
52257,0,0.001340,0.000000
52258,0,0.001340,0.000000
52259,0,0.001339,0.000000
52260,0,0.001339,0.000000
52261,0,0.001339,0.000000
52262,0,0.001338,0.000000
52263,0,0.001338,0.000000
52264,0,0.001338,0.000000
52265,0,0.001337,0.000000
52266,0,0.001337,0.000000
52267,0,0.001337,0.000000
52268,0,0.001336,0.000000
52269,0,0.001336,0.000000
52270,0,0.001336,0.000000
52271,0,0.001335,0.000000
52272,0,0.001335,0.000000
52273,0,0.001335,0.000000
52274,0,0.001334,0.000000
52275,0,0.001334,0.000000
52276,0,0.001334,0.000000
52277,0,0.001333,0.000000
52278,0,0.001333,0.000000
52279,0,0.001333,0.000000
52280,0,0.001332,0.000000
52281,0,0.001332,0.000000
52282,0,0.001332,0.000000
52283,0,0.001331,0.000000
52284,0,0.001331,0.000000
52285,0,0.001331,0.000000
52286,0,0.001330,0.000000
52287,0,0.001330,0.000000
52288,0,0.001330,0.000000
52289,0,0.001330,0.000000
52290,0,0.001329,0.000000
52291,0,0.001329,0.000000
52292,0,0.001329,0.000000
52293,0,0.001328,0.000000
52294,0,0.001328,0.000000
52295,0,0.001328,0.000000
52296,0,0.001327,0.000000
52297,0,0.001327,0.000000
52298,0,0.001327,0.000000
52299,0,0.001326,0.000000
52300,0,0.001326,0.000000
52301,0,0.001326,0.000000
52302,0,0.001325,0.000000
52303,0,0.001325,0.000000
52304,0,0.001325,0.000000
52305,0,0.001324,0.000000
52306,0,0.001324,0.000000
52307,0,0.001324,0.000000
52308,0,0.001323,0.000000
52309,0,0.001323,0.000000
52310,0,0.001323,0.000000
52311,0,0.001322,0.000000
52312,0,0.001322,0.000000
52313,0,0.001322,0.000000
52314,0,0.001321,0.000000
52315,0,0.001321,0.000000
52316,0,0.001321,0.000000
52317,0,0.001321,0.000000
52318,0,0.001320,0.000000
52319,0,0.001320,0.000000
52320,0,0.001320,0.000000
52321,0,0.001319,0.000000
52322,0,0.001319,0.000000
52323,0,0.001319,0.000000
52324,0,0.001318,0.000000
52325,0,0.001318,0.000000
52326,0,0.001318,0.000000
52327,0,0.001317,0.000000
52328,0,0.001317,0.000000
52329,0,0.001317,0.000000
52330,0,0.001316,0.000000
52331,0,0.001316,0.000000
52332,0,0.001316,0.000000
52333,0,0.001315,0.000000
52334,0,0.001315,0.000000
52335,0,0.001315,0.000000
52336,0,0.001314,0.000000
52337,0,0.001314,0.000000
52338,0,0.001314,0.000000
52339,0,0.001313,0.000000
52340,0,0.001313,0.000000
52341,0,0.001313,0.000000
52342,0,0.001313,0.000000
52343,0,0.001312,0.000000
52344,0,0.001312,0.000000
52345,0,0.001312,0.000000
52346,0,0.001311,0.000000
52347,0,0.001311,0.000000
52348,0,0.001311,0.000000
52349,0,0.001310,0.000000
52350,0,0.001310,0.000000
52351,0,0.001310,0.000000
52352,0,0.001309,0.000000
52353,0,0.001309,0.000000
52354,0,0.001309,0.000000
52355,0,0.001308,0.000000
52356,0,0.001308,0.000000
52357,0,0.001308,0.000000
52358,0,0.001307,0.000000
52359,0,0.001307,0.000000
52360,0,0.001307,0.000000
52361,0,0.001306,0.000000
52362,0,0.001306,0.000000
52363,0,0.001306,0.000000
52364,0,0.001306,0.000000
52365,0,0.001305,0.000000
52366,0,0.001305,0.000000
52367,0,0.001305,0.000000
52368,0,0.001304,0.000000
52369,0,0.001304,0.000000
52370,0,0.001304,0.000000
52371,0,0.001303,0.000000
52372,0,0.001303,0.000000
52373,0,0.001303,0.000000
52374,0,0.001302,0.000000
52375,0,0.001302,0.000000
52376,0,0.001302,0.000000
52377,0,0.001301,0.000000
52378,0,0.001301,0.000000
52379,0,0.001301,0.000000
52380,0,0.001300,0.000000
52381,0,0.001300,0.000000
52382,0,0.001300,0.000000
52383,0,0.001299,0.000000
52384,0,0.001299,0.000000
52385,0,0.001299,0.000000
52386,0,0.001299,0.000000
52387,0,0.001298,0.000000
52388,0,0.001298,0.000000
52389,0,0.001298,0.000000
52390,0,0.001297,0.000000
52391,0,0.001297,0.000000
52392,0,0.001297,0.000000
52393,0,0.001296,0.000000
52394,0,0.001296,0.000000
52395,0,0.001296,0.000000
52396,0,0.001295,0.000000
52397,0,0.001295,0.000000
52398,0,0.001295,0.000000
52399,0,0.001294,0.000000
52400,0,0.001294,0.000000
52401,0,0.001294,0.000000
52402,0,0.001294,0.000000
52403,0,0.001293,0.000000
52404,0,0.001293,0.000000
52405,0,0.001293,0.000000
52406,0,0.001292,0.000000
52407,0,0.001292,0.000000
52408,0,0.001292,0.000000
52409,0,0.001291,0.000000
52410,0,0.001291,0.000000
52411,0,0.001291,0.000000
52412,0,0.001290,0.000000
52413,0,0.001290,0.000000
52414,0,0.001290,0.000000
52415,0,0.001289,0.000000
52416,0,0.001289,0.000000
52417,0,0.001289,0.000000
52418,0,0.001289,0.000000
52419,0,0.001288,0.000000
52420,0,0.001288,0.000000
52421,0,0.001288,0.000000
52422,0,0.001287,0.000000
52423,0,0.001287,0.000000
52424,0,0.001287,0.000000
52425,0,0.001286,0.000000
52426,0,0.001286,0.000000
52427,0,0.001286,0.000000
52428,0,0.001285,0.000000
52429,0,0.001285,0.000000
52430,0,0.001285,0.000000
52431,0,0.001284,0.000000
52432,0,0.001284,0.000000
52433,0,0.001284,0.000000
52434,0,0.001284,0.000000
52435,0,0.001283,0.000000
52436,0,0.001283,0.000000
52437,0,0.001283,0.000000
52438,0,0.001282,0.000000
52439,0,0.001282,0.000000
52440,0,0.001282,0.000000
52441,0,0.001281,0.000000
52442,0,0.001281,0.000000
52443,0,0.001281,0.000000
52444,0,0.001280,0.000000
52445,0,0.001280,0.000000
52446,0,0.001280,0.000000
52447,0,0.001279,0.000000
52448,0,0.001279,0.000000
52449,0,0.001279,0.000000
52450,0,0.001279,0.000000
52451,0,0.001278,0.000000
52452,0,0.001278,0.000000
52453,0,0.001278,0.000000
52454,0,0.001277,0.000000
52455,0,0.001277,0.000000
52456,0,0.001277,0.000000
52457,0,0.001276,0.000000
52458,0,0.001276,0.000000
52459,0,0.001276,0.000000
52460,0,0.001275,0.000000
52461,0,0.001275,0.000000
52462,0,0.001275,0.000000
52463,0,0.001275,0.000000
52464,0,0.001274,0.000000
52465,0,0.001274,0.000000
52466,0,0.001274,0.000000
52467,0,0.001273,0.000000
52468,0,0.001273,0.000000
52469,0,0.001273,0.000000
52470,0,0.001272,0.000000
52471,0,0.001272,0.000000
52472,0,0.001272,0.000000
52473,0,0.001271,0.000000
52474,0,0.001271,0.000000
52475,0,0.001271,0.000000
52476,0,0.001271,0.000000
52477,0,0.001270,0.000000
52478,0,0.001270,0.000000
52479,0,0.001270,0.000000
52480,0,0.001269,0.000000
52481,0,0.001269,0.000000
52482,0,0.001269,0.000000
52483,0,0.001268,0.000000
52484,0,0.001268,0.000000
52485,0,0.001268,0.000000
52486,0,0.001267,0.000000
52487,0,0.001267,0.000000
52488,0,0.001267,0.000000
52489,0,0.001267,0.000000
52490,0,0.001266,0.000000
52491,0,0.001266,0.000000
52492,0,0.001266,0.000000
52493,0,0.001265,0.000000
52494,0,0.001265,0.000000
52495,0,0.001265,0.000000
52496,0,0.001264,0.000000
52497,0,0.001264,0.000000
52498,0,0.001264,0.000000
52499,0,0.001263,0.000000
52500,0,0.001263,0.000000
52501,0,0.001263,0.000000
52502,0,0.001263,0.000000
52503,0,0.001262,0.000000
52504,0,0.001262,0.000000
52505,0,0.001262,0.000000
52506,0,0.001261,0.000000
52507,0,0.001261,0.000000
52508,0,0.001261,0.000000
52509,0,0.001260,0.000000
52510,0,0.001260,0.000000
52511,0,0.001260,0.000000
52512,0,0.001259,0.000000
52513,0,0.001259,0.000000
52514,0,0.001259,0.000000
52515,0,0.001259,0.000000
52516,0,0.001258,0.000000
52517,0,0.001258,0.000000
52518,0,0.001258,0.000000
52519,0,0.001257,0.000000
52520,0,0.001257,0.000000
52521,0,0.001257,0.000000
52522,0,0.001256,0.000000
52523,0,0.001256,0.000000
52524,0,0.001256,0.000000
52525,0,0.001256,0.000000
52526,0,0.001255,0.000000
52527,0,0.001255,0.000000
52528,0,0.001255,0.000000
52529,0,0.001254,0.000000
52530,0,0.001254,0.000000
52531,0,0.001254,0.000000
52532,0,0.001253,0.000000
52533,0,0.001253,0.000000
52534,0,0.001253,0.000000
52535,0,0.001252,0.000000
52536,0,0.001252,0.000000
52537,0,0.001252,0.000000
52538,0,0.001252,0.000000
52539,0,0.001251,0.000000
52540,0,0.001251,0.000000
52541,0,0.001251,0.000000
52542,0,0.001250,0.000000
52543,0,0.001250,0.000000
52544,0,0.001250,0.000000
52545,0,0.001249,0.000000
52546,0,0.001249,0.000000
52547,0,0.001249,0.000000
52548,0,0.001249,0.000000
52549,0,0.001248,0.000000
52550,0,0.001248,0.000000
52551,0,0.001248,0.000000
52552,0,0.001247,0.000000
52553,0,0.001247,0.000000
52554,0,0.001247,0.000000
52555,0,0.001246,0.000000
52556,0,0.001246,0.000000
52557,0,0.001246,0.000000
52558,0,0.001246,0.000000
52559,0,0.001245,0.000000
52560,0,0.001245,0.000000
52561,0,0.001245,0.000000
52562,0,0.001244,0.000000
52563,0,0.001244,0.000000
52564,0,0.001244,0.000000
52565,0,0.001243,0.000000
52566,0,0.001243,0.000000
52567,0,0.001243,0.000000
52568,0,0.001243,0.000000
52569,0,0.001242,0.000000
52570,0,0.001242,0.000000
52571,0,0.001242,0.000000
52572,0,0.001241,0.000000
52573,0,0.001241,0.000000
52574,0,0.001241,0.000000
52575,0,0.001240,0.000000
52576,0,0.001240,0.000000
52577,0,0.001240,0.000000
52578,0,0.001240,0.000000
52579,0,0.001239,0.000000
52580,0,0.001239,0.000000
52581,0,0.001239,0.000000
52582,0,0.001238,0.000000
52583,0,0.001238,0.000000
52584,0,0.001238,0.000000
52585,0,0.001237,0.000000
52586,0,0.001237,0.000000
52587,0,0.001237,0.000000
52588,0,0.001237,0.000000
52589,0,0.001236,0.000000
52590,0,0.001236,0.000000
52591,0,0.001236,0.000000
52592,0,0.001235,0.000000
52593,0,0.001235,0.000000
52594,0,0.001235,0.000000
52595,0,0.001234,0.000000
52596,0,0.001234,0.000000
52597,0,0.001234,0.000000
52598,0,0.001234,0.000000
52599,0,0.001233,0.000000
52600,0,0.001233,0.000000
52601,0,0.001233,0.000000
52602,0,0.001232,0.000000
52603,0,0.001232,0.000000
52604,0,0.001232,0.000000
52605,0,0.001231,0.000000
52606,0,0.001231,0.000000
52607,0,0.001231,0.000000
52608,0,0.001231,0.000000
52609,0,0.001230,0.000000
52610,0,0.001230,0.000000
52611,0,0.001230,0.000000
52612,0,0.001229,0.000000
52613,0,0.001229,0.000000
52614,0,0.001229,0.000000
52615,0,0.001228,0.000000
52616,0,0.001228,0.000000
52617,0,0.001228,0.000000
52618,0,0.001228,0.000000
52619,0,0.001227,0.000000
52620,0,0.001227,0.000000
52621,0,0.001227,0.000000
52622,0,0.001226,0.000000
52623,0,0.001226,0.000000
52624,0,0.001226,0.000000
52625,0,0.001226,0.000000
52626,0,0.001225,0.000000
52627,0,0.001225,0.000000
52628,0,0.001225,0.000000
52629,0,0.001224,0.000000
52630,0,0.001224,0.000000
52631,0,0.001224,0.000000
52632,0,0.001223,0.000000
52633,0,0.001223,0.000000
52634,0,0.001223,0.000000
52635,0,0.001223,0.000000
52636,0,0.001222,0.000000
52637,0,0.001222,0.000000
52638,0,0.001222,0.000000
52639,0,0.001221,0.000000
52640,0,0.001221,0.000000
52641,0,0.001221,0.000000
52642,0,0.001221,0.000000
52643,0,0.001220,0.000000
52644,0,0.001220,0.000000
52645,0,0.001220,0.000000
52646,0,0.001219,0.000000
52647,0,0.001219,0.000000
52648,0,0.001219,0.000000
52649,0,0.001218,0.000000
52650,0,0.001218,0.000000
52651,0,0.001218,0.000000
52652,0,0.001218,0.000000
52653,0,0.001217,0.000000
52654,0,0.001217,0.000000
52655,0,0.001217,0.000000
52656,0,0.001216,0.000000
52657,0,0.001216,0.000000
52658,0,0.001216,0.000000
52659,0,0.001216,0.000000
52660,0,0.001215,0.000000
52661,0,0.001215,0.000000
52662,0,0.001215,0.000000
52663,0,0.001214,0.000000
52664,0,0.001214,0.000000
52665,0,0.001214,0.000000
52666,0,0.001213,0.000000
52667,0,0.001213,0.000000
52668,0,0.001213,0.000000
52669,0,0.001213,0.000000
52670,0,0.001212,0.000000
52671,0,0.001212,0.000000
52672,0,0.001212,0.000000
52673,0,0.001211,0.000000
52674,0,0.001211,0.000000
52675,0,0.001211,0.000000
52676,0,0.001211,0.000000
52677,0,0.001210,0.000000
52678,0,0.001210,0.000000
52679,0,0.001210,0.000000
52680,0,0.001209,0.000000
52681,0,0.001209,0.000000
52682,0,0.001209,0.000000
52683,0,0.001209,0.000000
52684,0,0.001208,0.000000
52685,0,0.001208,0.000000
52686,0,0.001208,0.000000
52687,0,0.001207,0.000000
52688,0,0.001207,0.000000
52689,0,0.001207,0.000000
52690,0,0.001206,0.000000
52691,0,0.001206,0.000000
52692,0,0.001206,0.000000
52693,0,0.001206,0.000000
52694,0,0.001205,0.000000
52695,0,0.001205,0.000000
52696,0,0.001205,0.000000
52697,0,0.001204,0.000000
52698,0,0.001204,0.000000
52699,0,0.001204,0.000000
52700,0,0.001204,0.000000
52701,0,0.001203,0.000000
52702,0,0.001203,0.000000
52703,0,0.001203,0.000000
52704,0,0.001202,0.000000
52705,0,0.001202,0.000000
52706,0,0.001202,0.000000
52707,0,0.001202,0.000000
52708,0,0.001201,0.000000
52709,0,0.001201,0.000000
52710,0,0.001201,0.000000
52711,0,0.001200,0.000000
52712,0,0.001200,0.000000
52713,0,0.001200,0.000000
52714,0,0.001200,0.000000
52715,0,0.001199,0.000000
52716,0,0.001199,0.000000
52717,0,0.001199,0.000000
52718,0,0.001198,0.000000
52719,0,0.001198,0.000000
52720,0,0.001198,0.000000
52721,0,0.001198,0.000000
52722,0,0.001197,0.000000
52723,0,0.001197,0.000000
52724,0,0.001197,0.000000
52725,0,0.001196,0.000000
52726,0,0.001196,0.000000
52727,0,0.001196,0.000000
52728,0,0.001196,0.000000
52729,0,0.001195,0.000000
52730,0,0.001195,0.000000
52731,0,0.001195,0.000000
52732,0,0.001194,0.000000
52733,0,0.001194,0.000000
52734,0,0.001194,0.000000
52735,0,0.001193,0.000000
52736,0,0.001193,0.000000
52737,0,0.001193,0.000000
52738,0,0.001193,0.000000
52739,0,0.001192,0.000000
52740,0,0.001192,0.000000
52741,0,0.001192,0.000000
52742,0,0.001191,0.000000
52743,0,0.001191,0.000000
52744,0,0.001191,0.000000
52745,0,0.001191,0.000000
52746,0,0.001190,0.000000
52747,0,0.001190,0.000000
52748,0,0.001190,0.000000
52749,0,0.001189,0.000000
52750,0,0.001189,0.000000
52751,0,0.001189,0.000000
52752,0,0.001189,0.000000
52753,0,0.001188,0.000000
52754,0,0.001188,0.000000
52755,0,0.001188,0.000000
52756,0,0.001187,0.000000
52757,0,0.001187,0.000000
52758,0,0.001187,0.000000
52759,0,0.001187,0.000000
52760,0,0.001186,0.000000
52761,0,0.001186,0.000000
52762,0,0.001186,0.000000
52763,0,0.001185,0.000000
52764,0,0.001185,0.000000
52765,0,0.001185,0.000000
52766,0,0.001185,0.000000
52767,0,0.001184,0.000000
52768,0,0.001184,0.000000
52769,0,0.001184,0.000000
52770,0,0.001183,0.000000
52771,0,0.001183,0.000000
52772,0,0.001183,0.000000
52773,0,0.001183,0.000000
52774,0,0.001182,0.000000
52775,0,0.001182,0.000000
52776,0,0.001182,0.000000
52777,0,0.001181,0.000000
52778,0,0.001181,0.000000
52779,0,0.001181,0.000000
52780,0,0.001181,0.000000
52781,0,0.001180,0.000000
52782,0,0.001180,0.000000
52783,0,0.001180,0.000000
52784,0,0.001180,0.000000
52785,0,0.001179,0.000000
52786,0,0.001179,0.000000
52787,0,0.001179,0.000000
52788,0,0.001178,0.000000
52789,0,0.001178,0.000000
52790,0,0.001178,0.000000
52791,0,0.001178,0.000000
52792,0,0.001177,0.000000
52793,0,0.001177,0.000000
52794,0,0.001177,0.000000
52795,0,0.001176,0.000000
52796,0,0.001176,0.000000
52797,0,0.001176,0.000000
52798,0,0.001176,0.000000
52799,0,0.001175,0.000000
52800,0,0.001175,0.000000
52801,0,0.001175,0.000000
52802,0,0.001174,0.000000
52803,0,0.001174,0.000000
52804,0,0.001174,0.000000
52805,0,0.001174,0.000000
52806,0,0.001173,0.000000
52807,0,0.001173,0.000000
52808,0,0.001173,0.000000
52809,0,0.001172,0.000000
52810,0,0.001172,0.000000
52811,0,0.001172,0.000000
52812,0,0.001172,0.000000
52813,0,0.001171,0.000000
52814,0,0.001171,0.000000
52815,0,0.001171,0.000000
52816,0,0.001170,0.000000
52817,0,0.001170,0.000000
52818,0,0.001170,0.000000
52819,0,0.001170,0.000000
52820,0,0.001169,0.000000
52821,0,0.001169,0.000000
52822,0,0.001169,0.000000
52823,0,0.001169,0.000000
52824,0,0.001168,0.000000
52825,0,0.001168,0.000000
52826,0,0.001168,0.000000
52827,0,0.001167,0.000000
52828,0,0.001167,0.000000
52829,0,0.001167,0.000000
52830,0,0.001167,0.000000
52831,0,0.001166,0.000000
52832,0,0.001166,0.000000
52833,0,0.001166,0.000000
52834,0,0.001165,0.000000
52835,0,0.001165,0.000000
52836,0,0.001165,0.000000
52837,0,0.001165,0.000000
52838,0,0.001164,0.000000
52839,0,0.001164,0.000000
52840,0,0.001164,0.000000
52841,0,0.001163,0.000000
52842,0,0.001163,0.000000
52843,0,0.001163,0.000000
52844,0,0.001163,0.000000
52845,0,0.001162,0.000000
52846,0,0.001162,0.000000
52847,0,0.001162,0.000000
52848,0,0.001162,0.000000
52849,0,0.001161,0.000000
52850,0,0.001161,0.000000
52851,0,0.001161,0.000000
52852,0,0.001160,0.000000
52853,0,0.001160,0.000000
52854,0,0.001160,0.000000
52855,0,0.001160,0.000000
52856,0,0.001159,0.000000
52857,0,0.001159,0.000000
52858,0,0.001159,0.000000
52859,0,0.001158,0.000000
52860,0,0.001158,0.000000
52861,0,0.001158,0.000000
52862,0,0.001158,0.000000
52863,0,0.001157,0.000000
52864,0,0.001157,0.000000
52865,0,0.001157,0.000000
52866,0,0.001157,0.000000
52867,0,0.001156,0.000000
52868,0,0.001156,0.000000
52869,0,0.001156,0.000000
52870,0,0.001155,0.000000
52871,0,0.001155,0.000000
52872,0,0.001155,0.000000
52873,0,0.001155,0.000000
52874,0,0.001154,0.000000
52875,0,0.001154,0.000000
52876,0,0.001154,0.000000
52877,0,0.001153,0.000000
52878,0,0.001153,0.000000
52879,0,0.001153,0.000000
52880,0,0.001153,0.000000
52881,0,0.001152,0.000000
52882,0,0.001152,0.000000
52883,0,0.001152,0.000000
52884,0,0.001152,0.000000
52885,0,0.001151,0.000000
52886,0,0.001151,0.000000
52887,0,0.001151,0.000000
52888,0,0.001150,0.000000
52889,0,0.001150,0.000000
52890,0,0.001150,0.000000
52891,0,0.001150,0.000000
52892,0,0.001149,0.000000
52893,0,0.001149,0.000000
52894,0,0.001149,0.000000
52895,0,0.001149,0.000000
52896,0,0.001148,0.000000
52897,0,0.001148,0.000000
52898,0,0.001148,0.000000
52899,0,0.001147,0.000000
52900,0,0.001147,0.000000
52901,0,0.001147,0.000000
52902,0,0.001147,0.000000
52903,0,0.001146,0.000000
52904,0,0.001146,0.000000
52905,0,0.001146,0.000000
52906,0,0.001145,0.000000
52907,0,0.001145,0.000000
52908,0,0.001145,0.000000
52909,0,0.001145,0.000000
52910,0,0.001144,0.000000
52911,0,0.001144,0.000000
52912,0,0.001144,0.000000
52913,0,0.001144,0.000000
52914,0,0.001143,0.000000
52915,0,0.001143,0.000000
52916,0,0.001143,0.000000
52917,0,0.001142,0.000000
52918,0,0.001142,0.000000
52919,0,0.001142,0.000000
52920,0,0.001142,0.000000
52921,0,0.001141,0.000000
52922,0,0.001141,0.000000
52923,0,0.001141,0.000000
52924,0,0.001141,0.000000
52925,0,0.001140,0.000000
52926,0,0.001140,0.000000
52927,0,0.001140,0.000000
52928,0,0.001139,0.000000
52929,0,0.001139,0.000000
52930,0,0.001139,0.000000
52931,0,0.001139,0.000000
52932,0,0.001138,0.000000
52933,0,0.001138,0.000000
52934,0,0.001138,0.000000
52935,0,0.001138,0.000000
52936,0,0.001137,0.000000
52937,0,0.001137,0.000000
52938,0,0.001137,0.000000
52939,0,0.001136,0.000000
52940,0,0.001136,0.000000
52941,0,0.001136,0.000000
52942,0,0.001136,0.000000
52943,0,0.001135,0.000000
52944,0,0.001135,0.000000
52945,0,0.001135,0.000000
52946,0,0.001135,0.000000
52947,0,0.001134,0.000000
52948,0,0.001134,0.000000
52949,0,0.001134,0.000000
52950,0,0.001133,0.000000
52951,0,0.001133,0.000000
52952,0,0.001133,0.000000
52953,0,0.001133,0.000000
52954,0,0.001132,0.000000
52955,0,0.001132,0.000000
52956,0,0.001132,0.000000
52957,0,0.001132,0.000000
52958,0,0.001131,0.000000
52959,0,0.001131,0.000000
52960,0,0.001131,0.000000
52961,0,0.001130,0.000000
52962,0,0.001130,0.000000
52963,0,0.001130,0.000000
52964,0,0.001130,0.000000
52965,0,0.001129,0.000000
52966,0,0.001129,0.000000
52967,0,0.001129,0.000000
52968,0,0.001129,0.000000
52969,0,0.001128,0.000000
52970,0,0.001128,0.000000
52971,0,0.001128,0.000000
52972,0,0.001128,0.000000
52973,0,0.001127,0.000000
52974,0,0.001127,0.000000
52975,0,0.001127,0.000000
52976,0,0.001126,0.000000
52977,0,0.001126,0.000000
52978,0,0.001126,0.000000
52979,0,0.001126,0.000000
52980,0,0.001125,0.000000
52981,0,0.001125,0.000000
52982,0,0.001125,0.000000
52983,0,0.001125,0.000000
52984,0,0.001124,0.000000
52985,0,0.001124,0.000000
52986,0,0.001124,0.000000
52987,0,0.001123,0.000000
52988,0,0.001123,0.000000
52989,0,0.001123,0.000000
52990,0,0.001123,0.000000
52991,0,0.001122,0.000000
52992,0,0.001122,0.000000
52993,0,0.001122,0.000000
52994,0,0.001122,0.000000
52995,0,0.001121,0.000000
52996,0,0.001121,0.000000
52997,0,0.001121,0.000000
52998,0,0.001121,0.000000
52999,0,0.001120,0.000000
53000,0,0.001120,0.000000
53001,0,0.001120,0.000000
53002,0,0.001119,0.000000
53003,0,0.001119,0.000000
53004,0,0.001119,0.000000
53005,0,0.001119,0.000000
53006,0,0.001118,0.000000
53007,0,0.001118,0.000000
53008,0,0.001118,0.000000
53009,0,0.001118,0.000000
53010,0,0.001117,0.000000
53011,0,0.001117,0.000000
53012,0,0.001117,0.000000
53013,0,0.001117,0.000000
53014,0,0.001116,0.000000
53015,0,0.001116,0.000000
53016,0,0.001116,0.000000
53017,0,0.001115,0.000000
53018,0,0.001115,0.000000
53019,0,0.001115,0.000000
53020,0,0.001115,0.000000
53021,0,0.001114,0.000000
53022,0,0.001114,0.000000
53023,0,0.001114,0.000000
53024,0,0.001114,0.000000
53025,0,0.001113,0.000000
53026,0,0.001113,0.000000
53027,0,0.001113,0.000000
53028,0,0.001113,0.000000
53029,0,0.001112,0.000000
53030,0,0.001112,0.000000
53031,0,0.001112,0.000000
53032,0,0.001111,0.000000
53033,0,0.001111,0.000000
53034,0,0.001111,0.000000
53035,0,0.001111,0.000000
53036,0,0.001110,0.000000
53037,0,0.001110,0.000000
53038,0,0.001110,0.000000
53039,0,0.001110,0.000000
53040,0,0.001109,0.000000
53041,0,0.001109,0.000000
53042,0,0.001109,0.000000
53043,0,0.001109,0.000000
53044,0,0.001108,0.000000
53045,0,0.001108,0.000000
53046,0,0.001108,0.000000
53047,0,0.001107,0.000000
53048,0,0.001107,0.000000
53049,0,0.001107,0.000000
53050,0,0.001107,0.000000
53051,0,0.001106,0.000000
53052,0,0.001106,0.000000
53053,0,0.001106,0.000000
53054,0,0.001106,0.000000
53055,0,0.001105,0.000000
53056,0,0.001105,0.000000
53057,0,0.001105,0.000000
53058,0,0.001105,0.000000
53059,0,0.001104,0.000000
53060,0,0.001104,0.000000
53061,0,0.001104,0.000000
53062,0,0.001104,0.000000
53063,0,0.001103,0.000000
53064,0,0.001103,0.000000
53065,0,0.001103,0.000000
53066,0,0.001102,0.000000
53067,0,0.001102,0.000000
53068,0,0.001102,0.000000
53069,0,0.001102,0.000000
53070,0,0.001101,0.000000
53071,0,0.001101,0.000000
53072,0,0.001101,0.000000
53073,0,0.001101,0.000000
53074,0,0.001100,0.000000
53075,0,0.001100,0.000000
53076,0,0.001100,0.000000
53077,0,0.001100,0.000000
53078,0,0.001099,0.000000
53079,0,0.001099,0.000000
53080,0,0.001099,0.000000
53081,0,0.001099,0.000000
53082,0,0.001098,0.000000
53083,0,0.001098,0.000000
53084,0,0.001098,0.000000
53085,0,0.001097,0.000000
53086,0,0.001097,0.000000
53087,0,0.001097,0.000000
53088,0,0.001097,0.000000
53089,0,0.001096,0.000000
53090,0,0.001096,0.000000
53091,0,0.001096,0.000000
53092,0,0.001096,0.000000
53093,0,0.001095,0.000000
53094,0,0.001095,0.000000
53095,0,0.001095,0.000000
53096,0,0.001095,0.000000
53097,0,0.001094,0.000000
53098,0,0.001094,0.000000
53099,0,0.001094,0.000000
53100,0,0.001094,0.000000
53101,0,0.001093,0.000000
53102,0,0.001093,0.000000
53103,0,0.001093,0.000000
53104,0,0.001093,0.000000
53105,0,0.001092,0.000000
53106,0,0.001092,0.000000
53107,0,0.001092,0.000000
53108,0,0.001091,0.000000
53109,0,0.001091,0.000000
53110,0,0.001091,0.000000
53111,0,0.001091,0.000000
53112,0,0.001090,0.000000
53113,0,0.001090,0.000000
53114,0,0.001090,0.000000
53115,0,0.001090,0.000000
53116,0,0.001089,0.000000
53117,0,0.001089,0.000000
53118,0,0.001089,0.000000
53119,0,0.001089,0.000000
53120,0,0.001088,0.000000
53121,0,0.001088,0.000000
53122,0,0.001088,0.000000
53123,0,0.001088,0.000000
53124,0,0.001087,0.000000
53125,0,0.001087,0.000000
53126,0,0.001087,0.000000
53127,0,0.001087,0.000000
53128,0,0.001086,0.000000
53129,0,0.001086,0.000000
53130,0,0.001086,0.000000
53131,0,0.001085,0.000000
53132,0,0.001085,0.000000
53133,0,0.001085,0.000000
53134,0,0.001085,0.000000
53135,0,0.001084,0.000000
53136,0,0.001084,0.000000
53137,0,0.001084,0.000000
53138,0,0.001084,0.000000
53139,0,0.001083,0.000000
53140,0,0.001083,0.000000
53141,0,0.001083,0.000000
53142,0,0.001083,0.000000
53143,0,0.001082,0.000000
53144,0,0.001082,0.000000
53145,0,0.001082,0.000000
53146,0,0.001082,0.000000
53147,0,0.001081,0.000000
53148,0,0.001081,0.000000
53149,0,0.001081,0.000000
53150,0,0.001081,0.000000
53151,0,0.001080,0.000000
53152,0,0.001080,0.000000
53153,0,0.001080,0.000000
53154,0,0.001080,0.000000
53155,0,0.001079,0.000000
53156,0,0.001079,0.000000
53157,0,0.001079,0.000000
53158,0,0.001079,0.000000
53159,0,0.001078,0.000000
53160,0,0.001078,0.000000
53161,0,0.001078,0.000000
53162,0,0.001078,0.000000
53163,0,0.001077,0.000000
53164,0,0.001077,0.000000
53165,0,0.001077,0.000000
53166,0,0.001076,0.000000
53167,0,0.001076,0.000000
53168,0,0.001076,0.000000
53169,0,0.001076,0.000000
53170,0,0.001075,0.000000
53171,0,0.001075,0.000000
53172,0,0.001075,0.000000
53173,0,0.001075,0.000000
53174,0,0.001074,0.000000
53175,0,0.001074,0.000000
53176,0,0.001074,0.000000
53177,0,0.001074,0.000000
53178,0,0.001073,0.000000
53179,0,0.001073,0.000000
53180,0,0.001073,0.000000
53181,0,0.001073,0.000000
53182,0,0.001072,0.000000
53183,0,0.001072,0.000000
53184,0,0.001072,0.000000
53185,0,0.001072,0.000000
53186,0,0.001071,0.000000
53187,0,0.001071,0.000000
53188,0,0.001071,0.000000
53189,0,0.001071,0.000000
53190,0,0.001070,0.000000
53191,0,0.001070,0.000000
53192,0,0.001070,0.000000
53193,0,0.001070,0.000000
53194,0,0.001069,0.000000
53195,0,0.001069,0.000000
53196,0,0.001069,0.000000
53197,0,0.001069,0.000000
53198,0,0.001068,0.000000
53199,0,0.001068,0.000000
53200,0,0.001068,0.000000
53201,0,0.001068,0.000000
53202,0,0.001067,0.000000
53203,0,0.001067,0.000000
53204,0,0.001067,0.000000
53205,0,0.001067,0.000000
53206,0,0.001066,0.000000
53207,0,0.001066,0.000000
53208,0,0.001066,0.000000
53209,0,0.001066,0.000000
53210,0,0.001065,0.000000
53211,0,0.001065,0.000000
53212,0,0.001065,0.000000
53213,0,0.001064,0.000000
53214,0,0.001064,0.000000
53215,0,0.001064,0.000000
53216,0,0.001064,0.000000
53217,0,0.001063,0.000000
53218,0,0.001063,0.000000
53219,0,0.001063,0.000000
53220,0,0.001063,0.000000
53221,0,0.001062,0.000000
53222,0,0.001062,0.000000
53223,0,0.001062,0.000000
53224,0,0.001062,0.000000
53225,0,0.001061,0.000000
53226,0,0.001061,0.000000
53227,0,0.001061,0.000000
53228,0,0.001061,0.000000
53229,0,0.001060,0.000000
53230,0,0.001060,0.000000
53231,0,0.001060,0.000000
53232,0,0.001060,0.000000
53233,0,0.001059,0.000000
53234,0,0.001059,0.000000
53235,0,0.001059,0.000000
53236,0,0.001059,0.000000
53237,0,0.001058,0.000000
53238,0,0.001058,0.000000
53239,0,0.001058,0.000000
53240,0,0.001058,0.000000
53241,0,0.001057,0.000000
53242,0,0.001057,0.000000
53243,0,0.001057,0.000000
53244,0,0.001057,0.000000
53245,0,0.001056,0.000000
53246,0,0.001056,0.000000
53247,0,0.001056,0.000000
53248,0,0.001056,0.000000
53249,0,0.001055,0.000000
53250,0,0.001055,0.000000
53251,0,0.001055,0.000000
53252,0,0.001055,0.000000
53253,0,0.001054,0.000000
53254,0,0.001054,0.000000
53255,0,0.001054,0.000000
53256,0,0.001054,0.000000
53257,0,0.001053,0.000000
53258,0,0.001053,0.000000
53259,0,0.001053,0.000000
53260,0,0.001053,0.000000
53261,0,0.001052,0.000000
53262,0,0.001052,0.000000
53263,0,0.001052,0.000000
53264,0,0.001052,0.000000
53265,0,0.001051,0.000000
53266,0,0.001051,0.000000
53267,0,0.001051,0.000000
53268,0,0.001051,0.000000
53269,0,0.001050,0.000000
53270,0,0.001050,0.000000
53271,0,0.001050,0.000000
53272,0,0.001050,0.000000
53273,0,0.001049,0.000000
53274,0,0.001049,0.000000
53275,0,0.001049,0.000000
53276,0,0.001049,0.000000
53277,0,0.001048,0.000000
53278,0,0.001048,0.000000
53279,0,0.001048,0.000000
53280,0,0.001048,0.000000
53281,0,0.001047,0.000000
53282,0,0.001047,0.000000
53283,0,0.001047,0.000000
53284,0,0.001047,0.000000
53285,0,0.001046,0.000000
53286,0,0.001046,0.000000
53287,0,0.001046,0.000000
53288,0,0.001046,0.000000
53289,0,0.001045,0.000000
53290,0,0.001045,0.000000
53291,0,0.001045,0.000000
53292,0,0.001045,0.000000
53293,0,0.001044,0.000000
53294,0,0.001044,0.000000
53295,0,0.001044,0.000000
53296,0,0.001044,0.000000
53297,0,0.001043,0.000000
53298,0,0.001043,0.000000
53299,0,0.001043,0.000000
53300,0,0.001043,0.000000
53301,0,0.001042,0.000000
53302,0,0.001042,0.000000
53303,0,0.001042,0.000000
53304,0,0.001042,0.000000
53305,0,0.001041,0.000000
53306,0,0.001041,0.000000
53307,0,0.001041,0.000000
53308,0,0.001041,0.000000
53309,0,0.001040,0.000000
53310,0,0.001040,0.000000
53311,0,0.001040,0.000000
53312,0,0.001040,0.000000
53313,0,0.001039,0.000000
53314,0,0.001039,0.000000
53315,0,0.001039,0.000000
53316,0,0.001039,0.000000
53317,0,0.001039,0.000000
53318,0,0.001038,0.000000
53319,0,0.001038,0.000000
53320,0,0.001038,0.000000
53321,0,0.001038,0.000000
53322,0,0.001037,0.000000
53323,0,0.001037,0.000000
53324,0,0.001037,0.000000
53325,0,0.001037,0.000000
53326,0,0.001036,0.000000
53327,0,0.001036,0.000000
53328,0,0.001036,0.000000
53329,0,0.001036,0.000000
53330,0,0.001035,0.000000
53331,0,0.001035,0.000000
53332,0,0.001035,0.000000
53333,0,0.001035,0.000000
53334,0,0.001034,0.000000
53335,0,0.001034,0.000000
53336,0,0.001034,0.000000
53337,0,0.001034,0.000000
53338,0,0.001033,0.000000
53339,0,0.001033,0.000000
53340,0,0.001033,0.000000
53341,0,0.001033,0.000000
53342,0,0.001032,0.000000
53343,0,0.001032,0.000000
53344,0,0.001032,0.000000
53345,0,0.001032,0.000000
53346,0,0.001031,0.000000
53347,0,0.001031,0.000000
53348,0,0.001031,0.000000
53349,0,0.001031,0.000000
53350,0,0.001030,0.000000
53351,0,0.001030,0.000000
53352,0,0.001030,0.000000
53353,0,0.001030,0.000000
53354,0,0.001029,0.000000
53355,0,0.001029,0.000000
53356,0,0.001029,0.000000
53357,0,0.001029,0.000000
53358,0,0.001028,0.000000
53359,0,0.001028,0.000000
53360,0,0.001028,0.000000
53361,0,0.001028,0.000000
53362,0,0.001027,0.000000
53363,0,0.001027,0.000000
53364,0,0.001027,0.000000
53365,0,0.001027,0.000000
53366,0,0.001027,0.000000
53367,0,0.001026,0.000000
53368,0,0.001026,0.000000
53369,0,0.001026,0.000000
53370,0,0.001026,0.000000
53371,0,0.001025,0.000000
53372,0,0.001025,0.000000
53373,0,0.001025,0.000000
53374,0,0.001025,0.000000
53375,0,0.001024,0.000000
53376,0,0.001024,0.000000
53377,0,0.001024,0.000000
53378,0,0.001024,0.000000
53379,0,0.001023,0.000000
53380,0,0.001023,0.000000
53381,0,0.001023,0.000000
53382,0,0.001023,0.000000
53383,0,0.001022,0.000000
53384,0,0.001022,0.000000
53385,0,0.001022,0.000000
53386,0,0.001022,0.000000
53387,0,0.001021,0.000000
53388,0,0.001021,0.000000
53389,0,0.001021,0.000000
53390,0,0.001021,0.000000
53391,0,0.001020,0.000000
53392,0,0.001020,0.000000
53393,0,0.001020,0.000000
53394,0,0.001020,0.000000
53395,0,0.001019,0.000000
53396,0,0.001019,0.000000
53397,0,0.001019,0.000000
53398,0,0.001019,0.000000
53399,0,0.001019,0.000000
53400,0,0.001018,0.000000
53401,0,0.001018,0.000000
53402,0,0.001018,0.000000
53403,0,0.001018,0.000000
53404,0,0.001017,0.000000
53405,0,0.001017,0.000000
53406,0,0.001017,0.000000
53407,0,0.001017,0.000000
53408,0,0.001016,0.000000
53409,0,0.001016,0.000000
53410,0,0.001016,0.000000
53411,0,0.001016,0.000000
53412,0,0.001015,0.000000
53413,0,0.001015,0.000000
53414,0,0.001015,0.000000
53415,0,0.001015,0.000000
53416,0,0.001014,0.000000
53417,0,0.001014,0.000000
53418,0,0.001014,0.000000
53419,0,0.001014,0.000000
53420,0,0.001013,0.000000
53421,0,0.001013,0.000000
53422,0,0.001013,0.000000
53423,0,0.001013,0.000000
53424,0,0.001013,0.000000
53425,0,0.001012,0.000000
53426,0,0.001012,0.000000
53427,0,0.001012,0.000000
53428,0,0.001012,0.000000
53429,0,0.001011,0.000000
53430,0,0.001011,0.000000
53431,0,0.001011,0.000000
53432,0,0.001011,0.000000
53433,0,0.001010,0.000000
53434,0,0.001010,0.000000
53435,0,0.001010,0.000000
53436,0,0.001010,0.000000
53437,0,0.001009,0.000000
53438,0,0.001009,0.000000
53439,0,0.001009,0.000000
53440,0,0.001009,0.000000
53441,0,0.001008,0.000000
53442,0,0.001008,0.000000
53443,0,0.001008,0.000000
53444,0,0.001008,0.000000
53445,0,0.001007,0.000000
53446,0,0.001007,0.000000
53447,0,0.001007,0.000000
53448,0,0.001007,0.000000
53449,0,0.001007,0.000000
53450,0,0.001006,0.000000
53451,0,0.001006,0.000000
53452,0,0.001006,0.000000
53453,0,0.001006,0.000000
53454,0,0.001005,0.000000
53455,0,0.001005,0.000000
53456,0,0.001005,0.000000
53457,0,0.001005,0.000000
53458,0,0.001004,0.000000
53459,0,0.001004,0.000000
53460,0,0.001004,0.000000
53461,0,0.001004,0.000000
53462,0,0.001003,0.000000
53463,0,0.001003,0.000000
53464,0,0.001003,0.000000
53465,0,0.001003,0.000000
53466,0,0.001002,0.000000
53467,0,0.001002,0.000000
53468,0,0.001002,0.000000
53469,0,0.001002,0.000000
53470,0,0.001002,0.000000
53471,0,0.001001,0.000000
53472,0,0.001001,0.000000
53473,0,0.001001,0.000000
53474,0,0.001001,0.000000
53475,0,0.001000,0.000000
53476,0,0.001000,0.000000
53477,0,0.001000,0.000000
53478,0,0.001000,0.000000
53479,0,0.000999,0.000000
53480,0,0.000999,0.000000
53481,0,0.000999,0.000000
53482,0,0.000999,0.000000
53483,0,0.000998,0.000000
53484,0,0.000998,0.000000
53485,0,0.000998,0.000000
53486,0,0.000998,0.000000
53487,0,0.000998,0.000000
53488,0,0.000997,0.000000
53489,0,0.000997,0.000000
53490,0,0.000997,0.000000
53491,0,0.000997,0.000000
53492,0,0.000996,0.000000
53493,0,0.000996,0.000000
53494,0,0.000996,0.000000
53495,0,0.000996,0.000000
53496,0,0.000995,0.000000
53497,0,0.000995,0.000000
53498,0,0.000995,0.000000
53499,0,0.000995,0.000000
53500,0,0.000994,0.000000
53501,0,0.000994,0.000000
53502,0,0.000994,0.000000
53503,0,0.000994,0.000000
53504,0,0.000994,0.000000
53505,0,0.000993,0.000000
53506,0,0.000993,0.000000
53507,0,0.000993,0.000000
53508,0,0.000993,0.000000
53509,0,0.000992,0.000000
53510,0,0.000992,0.000000
53511,0,0.000992,0.000000
53512,0,0.000992,0.000000
53513,0,0.000991,0.000000
53514,0,0.000991,0.000000
53515,0,0.000991,0.000000
53516,0,0.000991,0.000000
53517,0,0.000990,0.000000
53518,0,0.000990,0.000000
53519,0,0.000990,0.000000
53520,0,0.000990,0.000000
53521,0,0.000990,0.000000
53522,0,0.000989,0.000000
53523,0,0.000989,0.000000
53524,0,0.000989,0.000000
53525,0,0.000989,0.000000
53526,1,0.000988,0.000000
53527,0,0.001016,0.000000
53528,0,0.001041,0.000000
53529,0,0.001064,0.000000
53530,0,0.001086,0.000000
53531,0,0.001106,0.000000
53532,0,0.001124,0.000000
53533,0,0.001141,0.000000
53534,0,0.001157,0.000000
53535,0,0.001171,0.000000
53536,0,0.001185,0.000000
53537,0,0.001198,0.000000
53538,0,0.001209,0.000000
53539,0,0.001220,0.000000
53540,0,0.001230,0.000000
53541,0,0.001239,0.000000
53542,0,0.001248,0.000000
53543,0,0.001256,0.000000
53544,0,0.001263,0.000000
53545,0,0.001270,0.000000
53546,0,0.001276,0.000093
53547,0,0.001282,0.000309
53548,0,0.001287,0.000620
53549,0,0.001292,0.001004
53550,0,0.001296,0.001440
53551,0,0.001300,0.001910
53552,0,0.001303,0.002398
53553,0,0.001306,0.002890
53554,0,0.001309,0.003339
53555,0,0.001311,0.003717
53556,0,0.001313,0.004011
53557,0,0.001315,0.004219
53558,0,0.001317,0.004343
53559,0,0.001319,0.004391
53560,0,0.001320,0.004374
53561,0,0.001321,0.004303
53562,0,0.001323,0.004189
53563,0,0.001324,0.004045
53564,0,0.001325,0.003880
53565,0,0.001325,0.003704
53566,0,0.001326,0.003525
53567,0,0.001327,0.003349
53568,0,0.001327,0.003181
53569,0,0.001328,0.003026
53570,0,0.001329,0.002886
53571,0,0.001329,0.002764
53572,0,0.001329,0.002659
53573,0,0.001330,0.002571
53574,0,0.001330,0.002501
53575,0,0.001330,0.002447
53576,0,0.001330,0.002406
53577,0,0.001331,0.002378
53578,0,0.001331,0.002361
53579,0,0.001331,0.002351
53580,0,0.001331,0.002346
53581,0,0.001331,0.002336
53582,0,0.001331,0.002314
53583,0,0.001331,0.002278
53584,0,0.001331,0.002227
53585,0,0.001331,0.002163
53586,0,0.001331,0.002086
53587,0,0.001331,0.001999
53588,0,0.001331,0.001906
53589,0,0.001331,0.001808
53590,0,0.001331,0.001707
53591,0,0.001330,0.001607
53592,0,0.001330,0.001509
53593,0,0.001330,0.001415
53594,0,0.001330,0.001325
53595,0,0.001330,0.001242
53596,0,0.001330,0.001165
53597,0,0.001330,0.001095
53598,0,0.001330,0.001032
53599,0,0.001330,0.000976
53600,0,0.001329,0.000927
53601,0,0.001329,0.000885
53602,0,0.001329,0.000849
53603,0,0.001329,0.000818
53604,0,0.001329,0.000792
53605,0,0.001329,0.000769
53606,0,0.001328,0.000751
53607,0,0.001328,0.000734
53608,0,0.001328,0.000717
53609,0,0.001328,0.000698
53610,0,0.001328,0.000676
53611,0,0.001328,0.000652
53612,0,0.001327,0.000626
53613,0,0.001327,0.000597
53614,0,0.001327,0.000567
53615,0,0.001327,0.000537
53616,0,0.001327,0.000506
53617,0,0.001327,0.000475
53618,0,0.001326,0.000445
53619,0,0.001326,0.000416
53620,0,0.001326,0.000388
53621,0,0.001326,0.000363
53622,0,0.001326,0.000339
53623,0,0.001326,0.000317
53624,0,0.001325,0.000297
53625,0,0.001325,0.000279
53626,0,0.001325,0.000264
53627,0,0.001325,0.000250
53628,0,0.001325,0.000238
53629,0,0.001325,0.000227
53630,0,0.001324,0.000218
53631,0,0.001324,0.000211
53632,0,0.001324,0.000204
53633,0,0.001324,0.000198
53634,0,0.001324,0.000193
53635,0,0.001323,0.000187
53636,0,0.001323,0.000181
53637,0,0.001323,0.000174
53638,0,0.001323,0.000167
53639,0,0.001323,0.000160
53640,0,0.001323,0.000152
53641,0,0.001322,0.000144
53642,0,0.001322,0.000135
53643,0,0.001322,0.000127
53644,0,0.001322,0.000119
53645,0,0.001322,0.000111
53646,0,0.001322,0.000104
53647,0,0.001321,0.000097
53648,0,0.001321,0.000090
53649,0,0.001321,0.000084
53650,0,0.001321,0.000079
53651,0,0.001321,0.000074
53652,0,0.001320,0.000070
53653,0,0.001320,0.000066
53654,0,0.001320,0.000062
53655,0,0.001320,0.000059
53656,0,0.001320,0.000057
53657,0,0.001320,0.000055
53658,0,0.001319,0.000053
53659,0,0.001319,0.000051
53660,0,0.001319,0.000050
53661,0,0.001319,0.000048
53662,0,0.001319,0.000047
53663,0,0.001318,0.000045
53664,0,0.001318,0.000043
53665,0,0.001318,0.000041
53666,0,0.001318,0.000039
53667,0,0.001318,0.000037
53668,0,0.001318,0.000035
53669,0,0.001317,0.000033
53670,0,0.001317,0.000031
53671,0,0.001317,0.000029
53672,0,0.001317,0.000027
53673,0,0.001317,0.000025
53674,0,0.001316,0.000023
53675,0,0.001316,0.000022
53676,0,0.001316,0.000020
53677,0,0.001316,0.000019
53678,0,0.001316,0.000018
53679,0,0.001316,0.000017
53680,0,0.001315,0.000016
53681,0,0.001315,0.000015
53682,0,0.001315,0.000015
53683,0,0.001315,0.000014
53684,0,0.001315,0.000014
53685,0,0.001315,0.000013
53686,0,0.001314,0.000013
53687,0,0.001314,0.000012
53688,0,0.001314,0.000012
53689,0,0.001314,0.000012
53690,0,0.001314,0.000011
53691,0,0.001313,0.000011
53692,0,0.001313,0.000010
53693,0,0.001313,0.000009
53694,0,0.001313,0.000009
53695,0,0.001313,0.000008
53696,0,0.001313,0.000008
53697,0,0.001312,0.000007
53698,0,0.001312,0.000007
53699,0,0.001312,0.000006
53700,0,0.001312,0.000006
53701,0,0.001312,0.000006
53702,0,0.001311,0.000005
53703,0,0.001311,0.000005
53704,0,0.001311,0.000005
53705,0,0.001311,0.000004
53706,0,0.001311,0.000004
53707,0,0.001311,0.000004
53708,0,0.001310,0.000004
53709,0,0.001310,0.000004
53710,0,0.001310,0.000003
53711,0,0.001310,0.000003
53712,0,0.001310,0.000003
53713,0,0.001309,0.000003
53714,0,0.001309,0.000003
53715,0,0.001309,0.000003
53716,0,0.001309,0.000003
53717,0,0.001309,0.000003
53718,0,0.001309,0.000003
53719,0,0.001308,0.000002
53720,0,0.001308,0.000002
53721,0,0.001308,0.000002
53722,0,0.001308,0.000002
53723,0,0.001308,0.000002
53724,0,0.001308,0.000002
53725,0,0.001307,0.000002
53726,0,0.001307,0.000002
53727,0,0.001307,0.000001
53728,0,0.001307,0.000001
53729,0,0.001307,0.000001
53730,0,0.001306,0.000001
53731,0,0.001306,0.000001
53732,0,0.001306,0.000001
53733,0,0.001306,0.000001
53734,0,0.001306,0.000001
53735,0,0.001306,0.000001
53736,0,0.001305,0.000001
53737,0,0.001305,0.000001
53738,0,0.001305,0.000001
53739,0,0.001305,0.000001
53740,0,0.001305,0.000001
53741,0,0.001304,0.000001
53742,0,0.001304,0.000001
53743,0,0.001304,0.000001
53744,0,0.001304,0.000001
53745,0,0.001304,0.000001
53746,0,0.001304,0.000001
53747,0,0.001303,0.000001
53748,0,0.001303,0.000001
53749,0,0.001303,0.000000
53750,0,0.001303,0.000000
53751,0,0.001303,0.000000
53752,0,0.001302,0.000000
53753,0,0.001302,0.000000
53754,0,0.001302,0.000000
53755,0,0.001302,0.000000
53756,0,0.001302,0.000000
53757,0,0.001302,0.000000
53758,0,0.001301,0.000000
53759,0,0.001301,0.000000
53760,0,0.001301,0.000000
53761,0,0.001301,0.000000
53762,0,0.001301,0.000000
53763,0,0.001301,0.000000
53764,0,0.001300,0.000000
53765,0,0.001300,0.000000
53766,0,0.001300,0.000000
53767,0,0.001300,0.000000
53768,0,0.001300,0.000000
53769,0,0.001299,0.000000
53770,0,0.001299,0.000000
53771,0,0.001299,0.000000
53772,0,0.001299,0.000000
53773,0,0.001299,0.000000
53774,0,0.001299,0.000000
53775,0,0.001298,0.000000
53776,0,0.001298,0.000000
53777,0,0.001298,0.000000
53778,0,0.001298,0.000000
53779,0,0.001298,0.000000
53780,0,0.001297,0.000000
53781,0,0.001297,0.000000
53782,0,0.001297,0.000000
53783,0,0.001297,0.000000
53784,0,0.001297,0.000000
53785,0,0.001297,0.000000
53786,0,0.001296,0.000000
53787,0,0.001296,0.000000
53788,0,0.001296,0.000000
53789,0,0.001296,0.000000
53790,0,0.001296,0.000000
53791,0,0.001295,0.000000
53792,0,0.001295,0.000000
53793,0,0.001295,0.000000
53794,0,0.001295,0.000000
53795,0,0.001295,0.000000
53796,0,0.001295,0.000000
53797,0,0.001294,0.000000
53798,0,0.001294,0.000000
53799,0,0.001294,0.000000
53800,0,0.001294,0.000000
53801,0,0.001294,0.000000
53802,0,0.001293,0.000000
53803,0,0.001293,0.000000
53804,0,0.001293,0.000000
53805,0,0.001293,0.000000
53806,0,0.001293,0.000000
53807,0,0.001293,0.000000
53808,0,0.001292,0.000000
53809,0,0.001292,0.000000
53810,0,0.001292,0.000000
53811,0,0.001292,0.000000
53812,0,0.001292,0.000000
53813,0,0.001291,0.000000
53814,0,0.001291,0.000000
53815,0,0.001291,0.000000
53816,0,0.001291,0.000000
53817,0,0.001291,0.000000
53818,0,0.001291,0.000000
53819,0,0.001290,0.000000
53820,0,0.001290,0.000000
53821,0,0.001290,0.000000
53822,0,0.001290,0.000000
53823,0,0.001290,0.000000
53824,0,0.001289,0.000000
53825,0,0.001289,0.000000
53826,0,0.001289,0.000000
53827,0,0.001289,0.000000
53828,0,0.001289,0.000000
53829,0,0.001289,0.000000
53830,0,0.001288,0.000000
53831,0,0.001288,0.000000
53832,0,0.001288,0.000000
53833,0,0.001288,0.000000
53834,0,0.001288,0.000000
53835,0,0.001287,0.000000
53836,0,0.001287,0.000000
53837,0,0.001287,0.000000
53838,0,0.001287,0.000000
53839,0,0.001287,0.000000
53840,0,0.001287,0.000000
53841,0,0.001286,0.000000
53842,0,0.001286,0.000000
53843,0,0.001286,0.000000
53844,0,0.001286,0.000000
53845,0,0.001286,0.000000
53846,0,0.001286,0.000000
53847,0,0.001285,0.000000
53848,0,0.001285,0.000000
53849,0,0.001285,0.000000
53850,0,0.001285,0.000000
53851,0,0.001285,0.000000
53852,0,0.001284,0.000000
53853,0,0.001284,0.000000
53854,0,0.001284,0.000000
53855,0,0.001284,0.000000
53856,0,0.001284,0.000000
53857,0,0.001284,0.000000
53858,0,0.001283,0.000000
53859,0,0.001283,0.000000
53860,0,0.001283,0.000000
53861,0,0.001283,0.000000
53862,0,0.001283,0.000000
53863,0,0.001282,0.000000
53864,0,0.001282,0.000000
53865,0,0.001282,0.000000
53866,0,0.001282,0.000000
53867,0,0.001282,0.000000
53868,0,0.001282,0.000000
53869,0,0.001281,0.000000
53870,0,0.001281,0.000000
53871,0,0.001281,0.000000
53872,0,0.001281,0.000000
53873,0,0.001281,0.000000
53874,0,0.001280,0.000000
53875,0,0.001280,0.000000
53876,0,0.001280,0.000000
53877,0,0.001280,0.000000
53878,0,0.001280,0.000000
53879,0,0.001280,0.000000
53880,0,0.001279,0.000000
53881,0,0.001279,0.000000
53882,0,0.001279,0.000000
53883,0,0.001279,0.000000
53884,0,0.001279,0.000000
53885,0,0.001278,0.000000
53886,0,0.001278,0.000000
53887,0,0.001278,0.000000
53888,0,0.001278,0.000000
53889,0,0.001278,0.000000
53890,0,0.001278,0.000000
53891,0,0.001277,0.000000
53892,0,0.001277,0.000000
53893,0,0.001277,0.000000
53894,0,0.001277,0.000000
53895,0,0.001277,0.000000
53896,0,0.001276,0.000000
53897,0,0.001276,0.000000
53898,0,0.001276,0.000000
53899,0,0.001276,0.000000
53900,0,0.001276,0.000000
53901,0,0.001276,0.000000
53902,0,0.001275,0.000000
53903,0,0.001275,0.000000
53904,0,0.001275,0.000000
53905,0,0.001275,0.000000
53906,0,0.001275,0.000000
53907,0,0.001274,0.000000
53908,0,0.001274,0.000000
53909,0,0.001274,0.000000
53910,0,0.001274,0.000000
53911,0,0.001274,0.000000
53912,0,0.001274,0.000000
53913,0,0.001273,0.000000
53914,0,0.001273,0.000000
53915,0,0.001273,0.000000
53916,0,0.001273,0.000000
53917,0,0.001273,0.000000
53918,0,0.001272,0.000000
53919,0,0.001272,0.000000
53920,0,0.001272,0.000000
53921,0,0.001272,0.000000
53922,0,0.001272,0.000000
53923,0,0.001272,0.000000
53924,0,0.001271,0.000000
53925,0,0.001271,0.000000
53926,0,0.001271,0.000000
53927,0,0.001271,0.000000
53928,0,0.001271,0.000000
53929,0,0.001270,0.000000
53930,0,0.001270,0.000000
53931,0,0.001270,0.000000
53932,0,0.001270,0.000000
53933,0,0.001270,0.000000
53934,0,0.001270,0.000000
53935,0,0.001269,0.000000
53936,0,0.001269,0.000000
53937,0,0.001269,0.000000
53938,0,0.001269,0.000000
53939,0,0.001269,0.000000
53940,0,0.001268,0.000000
53941,0,0.001268,0.000000
53942,0,0.001268,0.000000
53943,0,0.001268,0.000000
53944,0,0.001268,0.000000
53945,0,0.001268,0.000000
53946,0,0.001267,0.000000
53947,0,0.001267,0.000000
53948,0,0.001267,0.000000
53949,0,0.001267,0.000000
53950,0,0.001267,0.000000
53951,0,0.001266,0.000000
53952,0,0.001266,0.000000
53953,0,0.001266,0.000000
53954,0,0.001266,0.000000
53955,0,0.001266,0.000000
53956,0,0.001266,0.000000
53957,0,0.001265,0.000000
53958,0,0.001265,0.000000
53959,0,0.001265,0.000000
53960,0,0.001265,0.000000
53961,0,0.001265,0.000000
53962,0,0.001264,0.000000
53963,0,0.001264,0.000000
53964,0,0.001264,0.000000
53965,0,0.001264,0.000000
53966,0,0.001264,0.000000
53967,0,0.001264,0.000000
53968,0,0.001263,0.000000
53969,0,0.001263,0.000000
53970,0,0.001263,0.000000
53971,0,0.001263,0.000000
53972,0,0.001263,0.000000
53973,0,0.001262,0.000000
53974,0,0.001262,0.000000
53975,0,0.001262,0.000000
53976,0,0.001262,0.000000
53977,0,0.001262,0.000000
53978,0,0.001262,0.000000
53979,0,0.001261,0.000000
53980,0,0.001261,0.000000
53981,0,0.001261,0.000000
53982,0,0.001261,0.000000
53983,0,0.001261,0.000000
53984,0,0.001260,0.000000
53985,0,0.001260,0.000000
53986,0,0.001260,0.000000
53987,0,0.001260,0.000000
53988,0,0.001260,0.000000
53989,0,0.001260,0.000000
53990,0,0.001259,0.000000
53991,0,0.001259,0.000000
53992,0,0.001259,0.000000
53993,0,0.001259,0.000000
53994,0,0.001259,0.000000
53995,0,0.001258,0.000000
53996,0,0.001258,0.000000
53997,0,0.001258,0.000000
53998,0,0.001258,0.000000
53999,0,0.001258,0.000000
54000,0,0.001258,0.000000
54001,0,0.001257,0.000000
54002,0,0.001257,0.000000
54003,0,0.001257,0.000000
54004,0,0.001257,0.000000
54005,0,0.001257,0.000000
54006,0,0.001256,0.000000
54007,0,0.001256,0.000000
54008,0,0.001256,0.000000
54009,0,0.001256,0.000000
54010,0,0.001256,0.000000
54011,0,0.001256,0.000000
54012,0,0.001255,0.000000
54013,0,0.001255,0.000000
54014,0,0.001255,0.000000
54015,0,0.001255,0.000000
54016,0,0.001255,0.000000
54017,0,0.001254,0.000000
54018,0,0.001254,0.000000
54019,0,0.001254,0.000000
54020,0,0.001254,0.000000
54021,0,0.001254,0.000000
54022,0,0.001253,0.000000
54023,0,0.001253,0.000000
54024,0,0.001253,0.000000
54025,0,0.001253,0.000000
54026,0,0.001253,0.000000
54027,0,0.001253,0.000000
54028,0,0.001252,0.000000
54029,0,0.001252,0.000000
54030,0,0.001252,0.000000
54031,0,0.001252,0.000000
54032,0,0.001252,0.000000
54033,0,0.001251,0.000000
54034,0,0.001251,0.000000
54035,0,0.001251,0.000000
54036,0,0.001251,0.000000
54037,0,0.001251,0.000000
54038,0,0.001251,0.000000
54039,0,0.001250,0.000000
54040,0,0.001250,0.000000
54041,0,0.001250,0.000000
54042,0,0.001250,0.000000
54043,0,0.001250,0.000000
54044,0,0.001249,0.000000
54045,0,0.001249,0.000000
54046,0,0.001249,0.000000
54047,0,0.001249,0.000000
54048,0,0.001249,0.000000
54049,0,0.001249,0.000000
54050,0,0.001248,0.000000
54051,0,0.001248,0.000000
54052,0,0.001248,0.000000
54053,0,0.001248,0.000000
54054,0,0.001248,0.000000
54055,0,0.001247,0.000000
54056,0,0.001247,0.000000
54057,0,0.001247,0.000000
54058,0,0.001247,0.000000
54059,0,0.001247,0.000000
54060,0,0.001247,0.000000
54061,0,0.001246,0.000000
54062,0,0.001246,0.000000
54063,0,0.001246,0.000000
54064,0,0.001246,0.000000
54065,0,0.001246,0.000000
54066,0,0.001245,0.000000
54067,0,0.001245,0.000000
54068,0,0.001245,0.000000
54069,0,0.001245,0.000000
54070,0,0.001245,0.000000
54071,0,0.001245,0.000000
54072,0,0.001244,0.000000
54073,0,0.001244,0.000000
54074,0,0.001244,0.000000
54075,0,0.001244,0.000000
54076,0,0.001244,0.000000
54077,0,0.001243,0.000000
54078,0,0.001243,0.000000
54079,0,0.001243,0.000000
54080,0,0.001243,0.000000
54081,0,0.001243,0.000000
54082,0,0.001243,0.000000
54083,0,0.001242,0.000000
54084,0,0.001242,0.000000
54085,0,0.001242,0.000000
54086,0,0.001242,0.000000
54087,0,0.001242,0.000000
54088,0,0.001241,0.000000
54089,0,0.001241,0.000000
54090,0,0.001241,0.000000
54091,0,0.001241,0.000000
54092,0,0.001241,0.000000
54093,0,0.001241,0.000000
54094,0,0.001240,0.000000
54095,0,0.001240,0.000000
54096,0,0.001240,0.000000
54097,0,0.001240,0.000000
54098,0,0.001240,0.000000
54099,0,0.001239,0.000000
54100,0,0.001239,0.000000
54101,0,0.001239,0.000000
54102,0,0.001239,0.000000
54103,0,0.001239,0.000000
54104,0,0.001238,0.000000
54105,0,0.001238,0.000000
54106,0,0.001238,0.000000
54107,0,0.001238,0.000000
54108,0,0.001238,0.000000
54109,0,0.001238,0.000000
54110,0,0.001237,0.000000
54111,0,0.001237,0.000000
54112,0,0.001237,0.000000
54113,0,0.001237,0.000000
54114,0,0.001237,0.000000
54115,0,0.001236,0.000000
54116,0,0.001236,0.000000
54117,0,0.001236,0.000000
54118,0,0.001236,0.000000
54119,0,0.001236,0.000000
54120,0,0.001236,0.000000
54121,0,0.001235,0.000000
54122,0,0.001235,0.000000
54123,0,0.001235,0.000000
54124,0,0.001235,0.000000
54125,0,0.001235,0.000000
54126,0,0.001234,0.000000
54127,0,0.001234,0.000000
54128,0,0.001234,0.000000
54129,0,0.001234,0.000000
54130,0,0.001234,0.000000
54131,0,0.001234,0.000000
54132,0,0.001233,0.000000
54133,0,0.001233,0.000000
54134,0,0.001233,0.000000
54135,0,0.001233,0.000000
54136,0,0.001233,0.000000
54137,0,0.001232,0.000000
54138,0,0.001232,0.000000
54139,0,0.001232,0.000000
54140,0,0.001232,0.000000
54141,0,0.001232,0.000000
54142,0,0.001232,0.000000
54143,0,0.001231,0.000000
54144,0,0.001231,0.000000
54145,0,0.001231,0.000000
54146,0,0.001231,0.000000
54147,0,0.001231,0.000000
54148,0,0.001230,0.000000
54149,0,0.001230,0.000000
54150,0,0.001230,0.000000
54151,0,0.001230,0.000000
54152,0,0.001230,0.000000
54153,0,0.001230,0.000000
54154,0,0.001229,0.000000
54155,0,0.001229,0.000000
54156,0,0.001229,0.000000
54157,0,0.001229,0.000000
54158,0,0.001229,0.000000
54159,0,0.001228,0.000000
54160,0,0.001228,0.000000
54161,0,0.001228,0.000000
54162,0,0.001228,0.000000
54163,0,0.001228,0.000000
54164,0,0.001228,0.000000
54165,0,0.001227,0.000000
54166,0,0.001227,0.000000
54167,0,0.001227,0.000000
54168,0,0.001227,0.000000
54169,0,0.001227,0.000000
54170,0,0.001226,0.000000
54171,0,0.001226,0.000000
54172,0,0.001226,0.000000
54173,0,0.001226,0.000000
54174,0,0.001226,0.000000
54175,0,0.001225,0.000000
54176,0,0.001225,0.000000
54177,0,0.001225,0.000000
54178,0,0.001225,0.000000
54179,0,0.001225,0.000000
54180,0,0.001225,0.000000
54181,0,0.001224,0.000000
54182,0,0.001224,0.000000
54183,0,0.001224,0.000000
54184,0,0.001224,0.000000
54185,0,0.001224,0.000000
54186,0,0.001223,0.000000
54187,0,0.001223,0.000000
54188,0,0.001223,0.000000
54189,0,0.001223,0.000000
54190,0,0.001223,0.000000
54191,0,0.001223,0.000000
54192,0,0.001222,0.000000
54193,0,0.001222,0.000000
54194,0,0.001222,0.000000
54195,0,0.001222,0.000000
54196,0,0.001222,0.000000
54197,0,0.001221,0.000000
54198,0,0.001221,0.000000
54199,0,0.001221,0.000000
54200,0,0.001221,0.000000
54201,0,0.001221,0.000000
54202,0,0.001221,0.000000
54203,0,0.001220,0.000000
54204,0,0.001220,0.000000
54205,0,0.001220,0.000000
54206,0,0.001220,0.000000
54207,0,0.001220,0.000000
54208,0,0.001219,0.000000
54209,0,0.001219,0.000000
54210,0,0.001219,0.000000
54211,0,0.001219,0.000000
54212,0,0.001219,0.000000
54213,0,0.001219,0.000000
54214,0,0.001218,0.000000
54215,0,0.001218,0.000000
54216,0,0.001218,0.000000
54217,0,0.001218,0.000000
54218,0,0.001218,0.000000
54219,0,0.001217,0.000000
54220,0,0.001217,0.000000
54221,0,0.001217,0.000000
54222,0,0.001217,0.000000
54223,0,0.001217,0.000000
54224,0,0.001216,0.000000
54225,0,0.001216,0.000000
54226,0,0.001216,0.000000
54227,0,0.001216,0.000000
54228,0,0.001216,0.000000
54229,0,0.001216,0.000000
54230,0,0.001215,0.000000
54231,0,0.001215,0.000000
54232,0,0.001215,0.000000
54233,0,0.001215,0.000000
54234,0,0.001215,0.000000
54235,0,0.001214,0.000000
54236,0,0.001214,0.000000
54237,0,0.001214,0.000000
54238,0,0.001214,0.000000
54239,0,0.001214,0.000000
54240,0,0.001214,0.000000
54241,0,0.001213,0.000000
54242,0,0.001213,0.000000
54243,0,0.001213,0.000000
54244,0,0.001213,0.000000
54245,0,0.001213,0.000000
54246,0,0.001212,0.000000
54247,0,0.001212,0.000000
54248,0,0.001212,0.000000
54249,0,0.001212,0.000000
54250,0,0.001212,0.000000
54251,0,0.001212,0.000000
54252,0,0.001211,0.000000
54253,0,0.001211,0.000000
54254,0,0.001211,0.000000
54255,0,0.001211,0.000000
54256,0,0.001211,0.000000
54257,0,0.001210,0.000000
54258,0,0.001210,0.000000
54259,0,0.001210,0.000000
54260,0,0.001210,0.000000
54261,0,0.001210,0.000000
54262,0,0.001210,0.000000
54263,0,0.001209,0.000000
54264,0,0.001209,0.000000
54265,0,0.001209,0.000000
54266,0,0.001209,0.000000
54267,0,0.001209,0.000000
54268,0,0.001208,0.000000
54269,0,0.001208,0.000000
54270,0,0.001208,0.000000
54271,0,0.001208,0.000000
54272,0,0.001208,0.000000
54273,0,0.001207,0.000000
54274,0,0.001207,0.000000
54275,0,0.001207,0.000000
54276,0,0.001207,0.000000
54277,0,0.001207,0.000000
54278,0,0.001207,0.000000
54279,0,0.001206,0.000000
54280,0,0.001206,0.000000
54281,0,0.001206,0.000000
54282,0,0.001206,0.000000
54283,0,0.001206,0.000000
54284,0,0.001205,0.000000
54285,0,0.001205,0.000000
54286,0,0.001205,0.000000
54287,0,0.001205,0.000000
54288,0,0.001205,0.000000
54289,0,0.001205,0.000000
54290,0,0.001204,0.000000
54291,0,0.001204,0.000000
54292,0,0.001204,0.000000
54293,0,0.001204,0.000000
54294,0,0.001204,0.000000
54295,0,0.001203,0.000000
54296,0,0.001203,0.000000
54297,0,0.001203,0.000000
54298,0,0.001203,0.000000
54299,0,0.001203,0.000000
54300,0,0.001203,0.000000
54301,0,0.001202,0.000000
54302,0,0.001202,0.000000
54303,0,0.001202,0.000000
54304,0,0.001202,0.000000
54305,0,0.001202,0.000000
54306,0,0.001201,0.000000
54307,0,0.001201,0.000000
54308,0,0.001201,0.000000
54309,0,0.001201,0.000000
54310,0,0.001201,0.000000
54311,0,0.001200,0.000000
54312,0,0.001200,0.000000
54313,0,0.001200,0.000000
54314,0,0.001200,0.000000
54315,0,0.001200,0.000000
54316,0,0.001200,0.000000
54317,0,0.001199,0.000000
54318,0,0.001199,0.000000
54319,0,0.001199,0.000000
54320,0,0.001199,0.000000
54321,0,0.001199,0.000000
54322,0,0.001198,0.000000
54323,0,0.001198,0.000000
54324,0,0.001198,0.000000
54325,0,0.001198,0.000000
54326,0,0.001198,0.000000
54327,0,0.001198,0.000000
54328,0,0.001197,0.000000
54329,0,0.001197,0.000000
54330,0,0.001197,0.000000
54331,0,0.001197,0.000000
54332,0,0.001197,0.000000
54333,0,0.001196,0.000000
54334,0,0.001196,0.000000
54335,0,0.001196,0.000000
54336,0,0.001196,0.000000
54337,0,0.001196,0.000000
54338,0,0.001196,0.000000
54339,0,0.001195,0.000000
54340,0,0.001195,0.000000
54341,0,0.001195,0.000000
54342,0,0.001195,0.000000
54343,0,0.001195,0.000000
54344,0,0.001194,0.000000
54345,0,0.001194,0.000000
54346,0,0.001194,0.000000
54347,0,0.001194,0.000000
54348,0,0.001194,0.000000
54349,0,0.001194,0.000000
54350,0,0.001193,0.000000
54351,0,0.001193,0.000000
54352,0,0.001193,0.000000
54353,0,0.001193,0.000000
54354,0,0.001193,0.000000
54355,0,0.001192,0.000000
54356,0,0.001192,0.000000
54357,0,0.001192,0.000000
54358,0,0.001192,0.000000
54359,0,0.001192,0.000000
54360,0,0.001191,0.000000
54361,0,0.001191,0.000000
54362,0,0.001191,0.000000
54363,0,0.001191,0.000000
54364,0,0.001191,0.000000
54365,0,0.001191,0.000000
54366,0,0.001190,0.000000
54367,0,0.001190,0.000000
54368,0,0.001190,0.000000
54369,0,0.001190,0.000000
54370,0,0.001190,0.000000
54371,0,0.001189,0.000000
54372,0,0.001189,0.000000
54373,0,0.001189,0.000000
54374,0,0.001189,0.000000
54375,0,0.001189,0.000000
54376,0,0.001189,0.000000
54377,0,0.001188,0.000000
54378,0,0.001188,0.000000
54379,0,0.001188,0.000000
54380,0,0.001188,0.000000
54381,0,0.001188,0.000000
54382,0,0.001187,0.000000
54383,0,0.001187,0.000000
54384,0,0.001187,0.000000
54385,0,0.001187,0.000000
54386,0,0.001187,0.000000
54387,0,0.001187,0.000000
54388,0,0.001186,0.000000
54389,0,0.001186,0.000000
54390,0,0.001186,0.000000
54391,0,0.001186,0.000000
54392,0,0.001186,0.000000
54393,0,0.001185,0.000000
54394,0,0.001185,0.000000
54395,0,0.001185,0.000000
54396,0,0.001185,0.000000
54397,0,0.001185,0.000000
54398,0,0.001184,0.000000
54399,0,0.001184,0.000000
54400,0,0.001184,0.000000
54401,0,0.001184,0.000000
54402,0,0.001184,0.000000
54403,0,0.001184,0.000000
54404,0,0.001183,0.000000
54405,0,0.001183,0.000000
54406,0,0.001183,0.000000
54407,0,0.001183,0.000000
54408,0,0.001183,0.000000
54409,0,0.001182,0.000000
54410,0,0.001182,0.000000
54411,0,0.001182,0.000000
54412,0,0.001182,0.000000
54413,0,0.001182,0.000000
54414,0,0.001182,0.000000
54415,0,0.001181,0.000000
54416,0,0.001181,0.000000
54417,0,0.001181,0.000000
54418,0,0.001181,0.000000
54419,0,0.001181,0.000000
54420,0,0.001180,0.000000
54421,0,0.001180,0.000000
54422,0,0.001180,0.000000
54423,0,0.001180,0.000000
54424,0,0.001180,0.000000
54425,0,0.001180,0.000000
54426,0,0.001179,0.000000
54427,0,0.001179,0.000000
54428,0,0.001179,0.000000
54429,0,0.001179,0.000000
54430,0,0.001179,0.000000
54431,0,0.001178,0.000000
54432,0,0.001178,0.000000
54433,0,0.001178,0.000000
54434,0,0.001178,0.000000
54435,0,0.001178,0.000000
54436,0,0.001177,0.000000
54437,0,0.001177,0.000000
54438,0,0.001177,0.000000
54439,0,0.001177,0.000000
54440,0,0.001177,0.000000
54441,0,0.001177,0.000000
54442,0,0.001176,0.000000
54443,0,0.001176,0.000000
54444,0,0.001176,0.000000
54445,0,0.001176,0.000000
54446,0,0.001176,0.000000
54447,0,0.001175,0.000000
54448,0,0.001175,0.000000
54449,0,0.001175,0.000000
54450,0,0.001175,0.000000
54451,0,0.001175,0.000000
54452,0,0.001175,0.000000
54453,0,0.001174,0.000000
54454,0,0.001174,0.000000
54455,0,0.001174,0.000000
54456,0,0.001174,0.000000
54457,0,0.001174,0.000000
54458,0,0.001173,0.000000
54459,0,0.001173,0.000000
54460,0,0.001173,0.000000
54461,0,0.001173,0.000000
54462,0,0.001173,0.000000
54463,0,0.001173,0.000000
54464,0,0.001172,0.000000
54465,0,0.001172,0.000000
54466,0,0.001172,0.000000
54467,0,0.001172,0.000000
54468,0,0.001172,0.000000
54469,0,0.001171,0.000000
54470,0,0.001171,0.000000
54471,0,0.001171,0.000000
54472,0,0.001171,0.000000
54473,0,0.001171,0.000000
54474,0,0.001170,0.000000
54475,0,0.001170,0.000000
54476,0,0.001170,0.000000
54477,0,0.001170,0.000000
54478,0,0.001170,0.000000
54479,0,0.001170,0.000000
54480,0,0.001169,0.000000
54481,0,0.001169,0.000000
54482,0,0.001169,0.000000
54483,0,0.001169,0.000000
54484,0,0.001169,0.000000
54485,0,0.001168,0.000000
54486,0,0.001168,0.000000
54487,0,0.001168,0.000000
54488,0,0.001168,0.000000
54489,0,0.001168,0.000000
54490,0,0.001168,0.000000
54491,0,0.001167,0.000000
54492,0,0.001167,0.000000
54493,0,0.001167,0.000000
54494,0,0.001167,0.000000
54495,0,0.001167,0.000000
54496,0,0.001166,0.000000
54497,0,0.001166,0.000000
54498,0,0.001166,0.000000
54499,0,0.001166,0.000000
54500,0,0.001166,0.000000
54501,0,0.001166,0.000000
54502,0,0.001165,0.000000
54503,0,0.001165,0.000000
54504,0,0.001165,0.000000
54505,0,0.001165,0.000000
54506,0,0.001165,0.000000
54507,0,0.001164,0.000000
54508,0,0.001164,0.000000
54509,0,0.001164,0.000000
54510,0,0.001164,0.000000
54511,0,0.001164,0.000000
54512,0,0.001163,0.000000
54513,0,0.001163,0.000000
54514,0,0.001163,0.000000
54515,0,0.001163,0.000000
54516,0,0.001163,0.000000
54517,0,0.001163,0.000000
54518,0,0.001162,0.000000
54519,0,0.001162,0.000000
54520,0,0.001162,0.000000
54521,0,0.001162,0.000000
54522,0,0.001162,0.000000
54523,0,0.001161,0.000000
54524,0,0.001161,0.000000
54525,0,0.001161,0.000000
54526,0,0.001161,0.000000
54527,0,0.001161,0.000000
54528,0,0.001161,0.000000
54529,0,0.001160,0.000000
54530,0,0.001160,0.000000
54531,0,0.001160,0.000000
54532,0,0.001160,0.000000
54533,0,0.001160,0.000000
54534,0,0.001159,0.000000
54535,0,0.001159,0.000000
54536,0,0.001159,0.000000
54537,0,0.001159,0.000000
54538,0,0.001159,0.000000
54539,0,0.001159,0.000000
54540,0,0.001158,0.000000
54541,0,0.001158,0.000000
54542,0,0.001158,0.000000
54543,0,0.001158,0.000000
54544,0,0.001158,0.000000
54545,0,0.001157,0.000000
54546,0,0.001157,0.000000
54547,0,0.001157,0.000000
54548,0,0.001157,0.000000
54549,0,0.001157,0.000000
54550,0,0.001156,0.000000
54551,0,0.001156,0.000000
54552,0,0.001156,0.000000
54553,0,0.001156,0.000000
54554,0,0.001156,0.000000
54555,0,0.001156,0.000000
54556,0,0.001155,0.000000
54557,0,0.001155,0.000000
54558,0,0.001155,0.000000
54559,0,0.001155,0.000000
54560,0,0.001155,0.000000
54561,0,0.001154,0.000000
54562,0,0.001154,0.000000
54563,0,0.001154,0.000000
54564,0,0.001154,0.000000
54565,0,0.001154,0.000000
54566,0,0.001154,0.000000
54567,0,0.001153,0.000000
54568,0,0.001153,0.000000
54569,0,0.001153,0.000000
54570,0,0.001153,0.000000
54571,0,0.001153,0.000000
54572,0,0.001152,0.000000
54573,0,0.001152,0.000000
54574,0,0.001152,0.000000
54575,0,0.001152,0.000000
54576,0,0.001152,0.000000
54577,0,0.001152,0.000000
54578,0,0.001151,0.000000
54579,0,0.001151,0.000000
54580,0,0.001151,0.000000
54581,0,0.001151,0.000000
54582,0,0.001151,0.000000
54583,0,0.001150,0.000000
54584,0,0.001150,0.000000
54585,0,0.001150,0.000000
54586,0,0.001150,0.000000
54587,0,0.001150,0.000000
54588,0,0.001150,0.000000
54589,0,0.001149,0.000000
54590,0,0.001149,0.000000
54591,0,0.001149,0.000000
54592,0,0.001149,0.000000
54593,0,0.001149,0.000000
54594,0,0.001148,0.000000
54595,0,0.001148,0.000000
54596,0,0.001148,0.000000
54597,0,0.001148,0.000000
54598,0,0.001148,0.000000
54599,0,0.001147,0.000000
54600,0,0.001147,0.000000
54601,0,0.001147,0.000000
54602,0,0.001147,0.000000
54603,0,0.001147,0.000000
54604,0,0.001147,0.000000
54605,0,0.001146,0.000000
54606,0,0.001146,0.000000
54607,0,0.001146,0.000000
54608,0,0.001146,0.000000
54609,0,0.001146,0.000000
54610,0,0.001145,0.000000
54611,0,0.001145,0.000000
54612,0,0.001145,0.000000
54613,0,0.001145,0.000000
54614,0,0.001145,0.000000
54615,0,0.001145,0.000000
54616,0,0.001144,0.000000
54617,0,0.001144,0.000000
54618,0,0.001144,0.000000
54619,0,0.001144,0.000000
54620,0,0.001144,0.000000
54621,0,0.001143,0.000000
54622,0,0.001143,0.000000
54623,0,0.001143,0.000000
54624,0,0.001143,0.000000
54625,0,0.001143,0.000000
54626,0,0.001143,0.000000
54627,0,0.001142,0.000000
54628,0,0.001142,0.000000
54629,0,0.001142,0.000000
54630,0,0.001142,0.000000
54631,0,0.001142,0.000000
54632,0,0.001141,0.000000
54633,0,0.001141,0.000000
54634,0,0.001141,0.000000
54635,0,0.001141,0.000000
54636,0,0.001141,0.000000
54637,0,0.001140,0.000000
54638,0,0.001140,0.000000
54639,0,0.001140,0.000000
54640,0,0.001140,0.000000
54641,0,0.001140,0.000000
54642,0,0.001140,0.000000
54643,0,0.001139,0.000000
54644,0,0.001139,0.000000
54645,0,0.001139,0.000000
54646,0,0.001139,0.000000
54647,0,0.001139,0.000000
54648,0,0.001138,0.000000
54649,0,0.001138,0.000000
54650,0,0.001138,0.000000
54651,0,0.001138,0.000000
54652,0,0.001138,0.000000
54653,0,0.001138,0.000000
54654,0,0.001137,0.000000
54655,0,0.001137,0.000000
54656,0,0.001137,0.000000
54657,0,0.001137,0.000000
54658,0,0.001137,0.000000
54659,0,0.001136,0.000000
54660,0,0.001136,0.000000
54661,0,0.001136,0.000000
54662,0,0.001136,0.000000
54663,0,0.001136,0.000000
54664,0,0.001136,0.000000
54665,0,0.001135,0.000000
54666,0,0.001135,0.000000
54667,0,0.001135,0.000000
54668,0,0.001135,0.000000
54669,0,0.001135,0.000000
54670,0,0.001134,0.000000
54671,0,0.001134,0.000000
54672,0,0.001134,0.000000
54673,0,0.001134,0.000000
54674,0,0.001134,0.000000
54675,0,0.001134,0.000000
54676,0,0.001133,0.000000
54677,0,0.001133,0.000000
54678,0,0.001133,0.000000
54679,0,0.001133,0.000000
54680,0,0.001133,0.000000
54681,0,0.001132,0.000000
54682,0,0.001132,0.000000
54683,0,0.001132,0.000000
54684,0,0.001132,0.000000
54685,0,0.001132,0.000000
54686,0,0.001131,0.000000
54687,0,0.001131,0.000000
54688,0,0.001131,0.000000
54689,0,0.001131,0.000000
54690,0,0.001131,0.000000
54691,0,0.001131,0.000000
54692,0,0.001130,0.000000
54693,0,0.001130,0.000000
54694,0,0.001130,0.000000
54695,0,0.001130,0.000000
54696,0,0.001130,0.000000
54697,0,0.001129,0.000000
54698,0,0.001129,0.000000
54699,0,0.001129,0.000000
54700,0,0.001129,0.000000
54701,0,0.001129,0.000000
54702,0,0.001129,0.000000
54703,0,0.001128,0.000000
54704,0,0.001128,0.000000
54705,0,0.001128,0.000000
54706,0,0.001128,0.000000
54707,0,0.001128,0.000000
54708,0,0.001127,0.000000
54709,0,0.001127,0.000000
54710,0,0.001127,0.000000
54711,0,0.001127,0.000000
54712,0,0.001127,0.000000
54713,0,0.001127,0.000000
54714,0,0.001126,0.000000
54715,0,0.001126,0.000000
54716,0,0.001126,0.000000
54717,0,0.001126,0.000000
54718,0,0.001126,0.000000
54719,0,0.001125,0.000000
54720,0,0.001125,0.000000
54721,0,0.001125,0.000000
54722,0,0.001125,0.000000
54723,0,0.001125,0.000000
54724,0,0.001124,0.000000
54725,0,0.001124,0.000000
54726,0,0.001124,0.000000
54727,0,0.001124,0.000000
54728,0,0.001124,0.000000
54729,0,0.001124,0.000000
54730,0,0.001123,0.000000
54731,0,0.001123,0.000000
54732,0,0.001123,0.000000
54733,0,0.001123,0.000000
54734,0,0.001123,0.000000
54735,0,0.001122,0.000000
54736,0,0.001122,0.000000
54737,0,0.001122,0.000000
54738,0,0.001122,0.000000
54739,0,0.001122,0.000000
54740,0,0.001122,0.000000
54741,0,0.001121,0.000000
54742,0,0.001121,0.000000
54743,0,0.001121,0.000000
54744,0,0.001121,0.000000
54745,0,0.001121,0.000000
54746,0,0.001120,0.000000
54747,0,0.001120,0.000000
54748,0,0.001120,0.000000
54749,0,0.001120,0.000000
54750,0,0.001120,0.000000
54751,0,0.001120,0.000000
54752,0,0.001119,0.000000
54753,0,0.001119,0.000000
54754,0,0.001119,0.000000
54755,0,0.001119,0.000000
54756,0,0.001119,0.000000
54757,0,0.001118,0.000000
54758,0,0.001118,0.000000
54759,0,0.001118,0.000000
54760,0,0.001118,0.000000
54761,0,0.001118,0.000000
54762,0,0.001118,0.000000
54763,0,0.001117,0.000000
54764,0,0.001117,0.000000
54765,0,0.001117,0.000000
54766,0,0.001117,0.000000
54767,0,0.001117,0.000000
54768,0,0.001116,0.000000
54769,0,0.001116,0.000000
54770,0,0.001116,0.000000
54771,0,0.001116,0.000000
54772,0,0.001116,0.000000
54773,0,0.001116,0.000000
54774,0,0.001115,0.000000
54775,0,0.001115,0.000000
54776,0,0.001115,0.000000
54777,0,0.001115,0.000000
54778,0,0.001115,0.000000
54779,0,0.001114,0.000000
54780,0,0.001114,0.000000
54781,0,0.001114,0.000000
54782,0,0.001114,0.000000
54783,0,0.001114,0.000000
54784,0,0.001113,0.000000
54785,0,0.001113,0.000000
54786,0,0.001113,0.000000
54787,0,0.001113,0.000000
54788,0,0.001113,0.000000
54789,0,0.001113,0.000000
54790,0,0.001112,0.000000
54791,0,0.001112,0.000000
54792,0,0.001112,0.000000
54793,0,0.001112,0.000000
54794,0,0.001112,0.000000
54795,0,0.001111,0.000000
54796,0,0.001111,0.000000
54797,0,0.001111,0.000000
54798,0,0.001111,0.000000
54799,0,0.001111,0.000000
54800,0,0.001111,0.000000
54801,0,0.001110,0.000000
54802,0,0.001110,0.000000
54803,0,0.001110,0.000000
54804,0,0.001110,0.000000
54805,0,0.001110,0.000000
54806,0,0.001109,0.000000
54807,0,0.001109,0.000000
54808,0,0.001109,0.000000
54809,0,0.001109,0.000000
54810,0,0.001109,0.000000
54811,0,0.001109,0.000000
54812,0,0.001108,0.000000
54813,0,0.001108,0.000000
54814,0,0.001108,0.000000
54815,0,0.001108,0.000000
54816,0,0.001108,0.000000
54817,0,0.001107,0.000000
54818,0,0.001107,0.000000
54819,0,0.001107,0.000000
54820,0,0.001107,0.000000
54821,0,0.001107,0.000000
54822,0,0.001107,0.000000
54823,0,0.001106,0.000000
54824,0,0.001106,0.000000
54825,0,0.001106,0.000000
54826,0,0.001106,0.000000
54827,0,0.001106,0.000000
54828,0,0.001105,0.000000
54829,0,0.001105,0.000000
54830,0,0.001105,0.000000
54831,0,0.001105,0.000000
54832,0,0.001105,0.000000
54833,0,0.001105,0.000000
54834,0,0.001104,0.000000
54835,0,0.001104,0.000000
54836,0,0.001104,0.000000
54837,0,0.001104,0.000000
54838,0,0.001104,0.000000
54839,0,0.001103,0.000000
54840,0,0.001103,0.000000
54841,0,0.001103,0.000000
54842,0,0.001103,0.000000
54843,0,0.001103,0.000000
54844,0,0.001102,0.000000
54845,0,0.001102,0.000000
54846,0,0.001102,0.000000
54847,0,0.001102,0.000000
54848,0,0.001102,0.000000
54849,0,0.001102,0.000000
54850,0,0.001101,0.000000
54851,0,0.001101,0.000000
54852,0,0.001101,0.000000
54853,0,0.001101,0.000000
54854,0,0.001101,0.000000
54855,0,0.001100,0.000000
54856,0,0.001100,0.000000
54857,0,0.001100,0.000000
54858,0,0.001100,0.000000
54859,0,0.001100,0.000000
54860,0,0.001100,0.000000
54861,0,0.001099,0.000000
54862,0,0.001099,0.000000
54863,0,0.001099,0.000000
54864,0,0.001099,0.000000
54865,0,0.001099,0.000000
54866,0,0.001098,0.000000
54867,0,0.001098,0.000000
54868,0,0.001098,0.000000
54869,0,0.001098,0.000000
54870,0,0.001098,0.000000
54871,0,0.001098,0.000000
54872,0,0.001097,0.000000
54873,0,0.001097,0.000000
54874,0,0.001097,0.000000
54875,0,0.001097,0.000000
54876,0,0.001097,0.000000
54877,0,0.001096,0.000000
54878,0,0.001096,0.000000
54879,0,0.001096,0.000000
54880,0,0.001096,0.000000
54881,0,0.001096,0.000000
54882,0,0.001096,0.000000
54883,0,0.001095,0.000000
54884,0,0.001095,0.000000
54885,0,0.001095,0.000000
54886,0,0.001095,0.000000
54887,0,0.001095,0.000000
54888,0,0.001094,0.000000
54889,0,0.001094,0.000000
54890,0,0.001094,0.000000
54891,0,0.001094,0.000000
54892,0,0.001094,0.000000
54893,0,0.001094,0.000000
54894,0,0.001093,0.000000
54895,0,0.001093,0.000000
54896,0,0.001093,0.000000
54897,0,0.001093,0.000000
54898,0,0.001093,0.000000
54899,0,0.001092,0.000000
54900,0,0.001092,0.000000
54901,0,0.001092,0.000000
54902,0,0.001092,0.000000
54903,0,0.001092,0.000000
54904,0,0.001092,0.000000
54905,0,0.001091,0.000000
54906,0,0.001091,0.000000
54907,0,0.001091,0.000000
54908,0,0.001091,0.000000
54909,0,0.001091,0.000000
54910,0,0.001090,0.000000
54911,0,0.001090,0.000000
54912,0,0.001090,0.000000
54913,0,0.001090,0.000000
54914,0,0.001090,0.000000
54915,0,0.001090,0.000000
54916,0,0.001089,0.000000
54917,0,0.001089,0.000000
54918,0,0.001089,0.000000
54919,0,0.001089,0.000000
54920,0,0.001089,0.000000
54921,0,0.001088,0.000000
54922,0,0.001088,0.000000
54923,0,0.001088,0.000000
54924,0,0.001088,0.000000
54925,0,0.001088,0.000000
54926,0,0.001087,0.000000
54927,0,0.001087,0.000000
54928,0,0.001087,0.000000
54929,0,0.001087,0.000000
54930,0,0.001087,0.000000
54931,0,0.001087,0.000000
54932,0,0.001086,0.000000
54933,0,0.001086,0.000000
54934,0,0.001086,0.000000
54935,0,0.001086,0.000000
54936,0,0.001086,0.000000
54937,0,0.001085,0.000000
54938,0,0.001085,0.000000
54939,0,0.001085,0.000000
54940,0,0.001085,0.000000
54941,0,0.001085,0.000000
54942,0,0.001085,0.000000
54943,0,0.001084,0.000000
54944,0,0.001084,0.000000
54945,0,0.001084,0.000000
54946,0,0.001084,0.000000
54947,0,0.001084,0.000000
54948,0,0.001083,0.000000
54949,0,0.001083,0.000000
54950,0,0.001083,0.000000
54951,0,0.001083,0.000000
54952,0,0.001083,0.000000
54953,0,0.001083,0.000000
54954,0,0.001082,0.000000
54955,0,0.001082,0.000000
54956,0,0.001082,0.000000
54957,0,0.001082,0.000000
54958,0,0.001082,0.000000
54959,0,0.001081,0.000000
54960,0,0.001081,0.000000
54961,0,0.001081,0.000000
54962,0,0.001081,0.000000
54963,0,0.001081,0.000000
54964,0,0.001081,0.000000
54965,0,0.001080,0.000000
54966,0,0.001080,0.000000
54967,0,0.001080,0.000000
54968,0,0.001080,0.000000
54969,0,0.001080,0.000000
54970,0,0.001079,0.000000
54971,0,0.001079,0.000000
54972,0,0.001079,0.000000
54973,0,0.001079,0.000000
54974,0,0.001079,0.000000
54975,0,0.001079,0.000000
54976,0,0.001078,0.000000
54977,0,0.001078,0.000000
54978,0,0.001078,0.000000
54979,0,0.001078,0.000000
54980,0,0.001078,0.000000
54981,0,0.001077,0.000000
54982,0,0.001077,0.000000
54983,0,0.001077,0.000000
54984,0,0.001077,0.000000
54985,0,0.001077,0.000000
54986,0,0.001077,0.000000
54987,0,0.001076,0.000000
54988,0,0.001076,0.000000
54989,0,0.001076,0.000000
54990,0,0.001076,0.000000
54991,0,0.001076,0.000000
54992,0,0.001075,0.000000
54993,0,0.001075,0.000000
54994,0,0.001075,0.000000
54995,0,0.001075,0.000000
54996,0,0.001075,0.000000
54997,0,0.001075,0.000000
54998,0,0.001074,0.000000
54999,0,0.001074,0.000000
55000,0,0.001074,0.000000
55001,0,0.001074,0.000000
55002,0,0.001074,0.000000
55003,0,0.001073,0.000000
55004,0,0.001073,0.000000
55005,0,0.001073,0.000000
55006,0,0.001073,0.000000
55007,0,0.001073,0.000000
55008,0,0.001073,0.000000
55009,0,0.001072,0.000000
55010,0,0.001072,0.000000
55011,0,0.001072,0.000000
55012,0,0.001072,0.000000
55013,0,0.001072,0.000000
55014,0,0.001071,0.000000
55015,0,0.001071,0.000000
55016,0,0.001071,0.000000
55017,0,0.001071,0.000000
55018,0,0.001071,0.000000
55019,0,0.001071,0.000000
55020,0,0.001070,0.000000
55021,0,0.001070,0.000000
55022,0,0.001070,0.000000
55023,0,0.001070,0.000000
55024,0,0.001070,0.000000
55025,0,0.001069,0.000000
55026,0,0.001069,0.000000
55027,0,0.001069,0.000000
55028,0,0.001069,0.000000
55029,0,0.001069,0.000000
55030,0,0.001069,0.000000
55031,0,0.001068,0.000000
55032,0,0.001068,0.000000
55033,0,0.001068,0.000000
55034,0,0.001068,0.000000
55035,0,0.001068,0.000000
55036,0,0.001067,0.000000
55037,0,0.001067,0.000000
55038,0,0.001067,0.000000
55039,0,0.001067,0.000000
55040,0,0.001067,0.000000
55041,0,0.001067,0.000000
55042,0,0.001066,0.000000
55043,0,0.001066,0.000000
55044,0,0.001066,0.000000
55045,0,0.001066,0.000000
55046,0,0.001066,0.000000
55047,0,0.001065,0.000000
55048,0,0.001065,0.000000
55049,0,0.001065,0.000000
55050,0,0.001065,0.000000
55051,0,0.001065,0.000000
55052,0,0.001065,0.000000
55053,0,0.001064,0.000000
55054,0,0.001064,0.000000
55055,0,0.001064,0.000000
55056,0,0.001064,0.000000
55057,0,0.001064,0.000000
55058,0,0.001063,0.000000
55059,0,0.001063,0.000000
55060,0,0.001063,0.000000
55061,0,0.001063,0.000000
55062,0,0.001063,0.000000
55063,0,0.001063,0.000000
55064,0,0.001062,0.000000
55065,0,0.001062,0.000000
55066,0,0.001062,0.000000
55067,0,0.001062,0.000000
55068,0,0.001062,0.000000
55069,0,0.001061,0.000000
55070,0,0.001061,0.000000
55071,0,0.001061,0.000000
55072,0,0.001061,0.000000
55073,0,0.001061,0.000000
55074,0,0.001061,0.000000
55075,0,0.001060,0.000000
55076,0,0.001060,0.000000
55077,0,0.001060,0.000000
55078,0,0.001060,0.000000
55079,0,0.001060,0.000000
55080,0,0.001059,0.000000
55081,0,0.001059,0.000000
55082,0,0.001059,0.000000
55083,0,0.001059,0.000000
55084,0,0.001059,0.000000
55085,0,0.001059,0.000000
55086,0,0.001058,0.000000
55087,0,0.001058,0.000000
55088,0,0.001058,0.000000
55089,0,0.001058,0.000000
55090,0,0.001058,0.000000
55091,0,0.001057,0.000000
55092,0,0.001057,0.000000
55093,0,0.001057,0.000000
55094,0,0.001057,0.000000
55095,0,0.001057,0.000000
55096,0,0.001057,0.000000
55097,0,0.001056,0.000000
55098,0,0.001056,0.000000
55099,0,0.001056,0.000000
55100,0,0.001056,0.000000
55101,0,0.001056,0.000000
55102,0,0.001055,0.000000
55103,0,0.001055,0.000000
55104,0,0.001055,0.000000
55105,0,0.001055,0.000000
55106,0,0.001055,0.000000
55107,0,0.001055,0.000000
55108,0,0.001054,0.000000
55109,0,0.001054,0.000000
55110,0,0.001054,0.000000
55111,0,0.001054,0.000000
55112,0,0.001054,0.000000
55113,0,0.001053,0.000000
55114,0,0.001053,0.000000
55115,0,0.001053,0.000000
55116,0,0.001053,0.000000
55117,0,0.001053,0.000000
55118,0,0.001053,0.000000
55119,0,0.001052,0.000000
55120,0,0.001052,0.000000
55121,0,0.001052,0.000000
55122,0,0.001052,0.000000
55123,0,0.001052,0.000000
55124,0,0.001052,0.000000
55125,0,0.001051,0.000000
55126,0,0.001051,0.000000
55127,0,0.001051,0.000000
55128,0,0.001051,0.000000
55129,0,0.001051,0.000000
55130,0,0.001050,0.000000
55131,0,0.001050,0.000000
55132,0,0.001050,0.000000
55133,0,0.001050,0.000000
55134,0,0.001050,0.000000
55135,0,0.001050,0.000000
55136,0,0.001049,0.000000
55137,0,0.001049,0.000000
55138,0,0.001049,0.000000
55139,0,0.001049,0.000000
55140,0,0.001049,0.000000
55141,0,0.001048,0.000000
55142,0,0.001048,0.000000
55143,0,0.001048,0.000000
55144,0,0.001048,0.000000
55145,0,0.001048,0.000000
55146,0,0.001048,0.000000
55147,0,0.001047,0.000000
55148,0,0.001047,0.000000
55149,0,0.001047,0.000000
55150,0,0.001047,0.000000
55151,0,0.001047,0.000000
55152,0,0.001046,0.000000
55153,0,0.001046,0.000000
55154,0,0.001046,0.000000
55155,0,0.001046,0.000000
55156,0,0.001046,0.000000
55157,0,0.001046,0.000000
55158,0,0.001045,0.000000
55159,0,0.001045,0.000000
55160,0,0.001045,0.000000
55161,0,0.001045,0.000000
55162,0,0.001045,0.000000
55163,0,0.001044,0.000000
55164,0,0.001044,0.000000
55165,0,0.001044,0.000000
55166,0,0.001044,0.000000
55167,0,0.001044,0.000000
55168,0,0.001044,0.000000
55169,0,0.001043,0.000000
55170,0,0.001043,0.000000
55171,0,0.001043,0.000000
55172,0,0.001043,0.000000
55173,0,0.001043,0.000000
55174,0,0.001042,0.000000
55175,0,0.001042,0.000000
55176,0,0.001042,0.000000
55177,0,0.001042,0.000000
55178,0,0.001042,0.000000
55179,0,0.001042,0.000000
55180,0,0.001041,0.000000
55181,0,0.001041,0.000000
55182,0,0.001041,0.000000
55183,0,0.001041,0.000000
55184,0,0.001041,0.000000
55185,0,0.001040,0.000000
55186,0,0.001040,0.000000
55187,0,0.001040,0.000000
55188,0,0.001040,0.000000
55189,0,0.001040,0.000000
55190,0,0.001040,0.000000
55191,0,0.001039,0.000000
55192,0,0.001039,0.000000
55193,0,0.001039,0.000000
55194,0,0.001039,0.000000
55195,0,0.001039,0.000000
55196,0,0.001038,0.000000
55197,0,0.001038,0.000000
55198,0,0.001038,0.000000
55199,0,0.001038,0.000000
55200,0,0.001038,0.000000
55201,0,0.001038,0.000000
55202,0,0.001037,0.000000
55203,0,0.001037,0.000000
55204,0,0.001037,0.000000
55205,0,0.001037,0.000000
55206,0,0.001037,0.000000
55207,0,0.001037,0.000000
55208,0,0.001036,0.000000
55209,0,0.001036,0.000000
55210,0,0.001036,0.000000
55211,0,0.001036,0.000000
55212,0,0.001036,0.000000
55213,0,0.001035,0.000000
55214,0,0.001035,0.000000
55215,0,0.001035,0.000000
55216,0,0.001035,0.000000
55217,0,0.001035,0.000000
55218,0,0.001035,0.000000
55219,0,0.001034,0.000000
55220,0,0.001034,0.000000
55221,0,0.001034,0.000000
55222,0,0.001034,0.000000
55223,0,0.001034,0.000000
55224,0,0.001033,0.000000
55225,0,0.001033,0.000000
55226,0,0.001033,0.000000
55227,0,0.001033,0.000000
55228,0,0.001033,0.000000
55229,0,0.001033,0.000000
55230,0,0.001032,0.000000
55231,0,0.001032,0.000000
55232,0,0.001032,0.000000
55233,0,0.001032,0.000000
55234,0,0.001032,0.000000
55235,0,0.001031,0.000000
55236,0,0.001031,0.000000
55237,0,0.001031,0.000000
55238,0,0.001031,0.000000
55239,0,0.001031,0.000000
55240,0,0.001031,0.000000
55241,0,0.001030,0.000000
55242,0,0.001030,0.000000
55243,0,0.001030,0.000000
55244,0,0.001030,0.000000
55245,0,0.001030,0.000000
55246,0,0.001029,0.000000
55247,0,0.001029,0.000000
55248,0,0.001029,0.000000
55249,0,0.001029,0.000000
55250,0,0.001029,0.000000
55251,0,0.001029,0.000000
55252,0,0.001028,0.000000
55253,0,0.001028,0.000000
55254,0,0.001028,0.000000
55255,0,0.001028,0.000000
55256,0,0.001028,0.000000
55257,0,0.001028,0.000000
55258,0,0.001027,0.000000
55259,0,0.001027,0.000000
55260,0,0.001027,0.000000
55261,0,0.001027,0.000000
55262,0,0.001027,0.000000
55263,0,0.001026,0.000000
55264,0,0.001026,0.000000
55265,0,0.001026,0.000000
55266,0,0.001026,0.000000
55267,0,0.001026,0.000000
55268,0,0.001026,0.000000
55269,0,0.001025,0.000000
55270,0,0.001025,0.000000
55271,0,0.001025,0.000000
55272,0,0.001025,0.000000
55273,0,0.001025,0.000000
55274,0,0.001024,0.000000
55275,0,0.001024,0.000000
55276,0,0.001024,0.000000
55277,0,0.001024,0.000000
55278,0,0.001024,0.000000
55279,0,0.001024,0.000000
55280,0,0.001023,0.000000
55281,0,0.001023,0.000000
55282,0,0.001023,0.000000
55283,0,0.001023,0.000000
55284,0,0.001023,0.000000
55285,0,0.001022,0.000000
55286,0,0.001022,0.000000
55287,0,0.001022,0.000000
55288,0,0.001022,0.000000
55289,0,0.001022,0.000000
55290,0,0.001022,0.000000
55291,0,0.001021,0.000000
55292,0,0.001021,0.000000
55293,0,0.001021,0.000000
55294,0,0.001021,0.000000
55295,0,0.001021,0.000000
55296,0,0.001021,0.000000
55297,0,0.001020,0.000000
55298,0,0.001020,0.000000
55299,0,0.001020,0.000000
55300,0,0.001020,0.000000
55301,0,0.001020,0.000000
55302,0,0.001019,0.000000
55303,0,0.001019,0.000000
55304,0,0.001019,0.000000
55305,0,0.001019,0.000000
55306,0,0.001019,0.000000
55307,0,0.001019,0.000000
55308,0,0.001018,0.000000
55309,0,0.001018,0.000000
55310,0,0.001018,0.000000
55311,0,0.001018,0.000000
55312,0,0.001018,0.000000
55313,0,0.001017,0.000000
55314,0,0.001017,0.000000
55315,0,0.001017,0.000000
55316,0,0.001017,0.000000
55317,0,0.001017,0.000000
55318,0,0.001017,0.000000
55319,0,0.001016,0.000000
55320,0,0.001016,0.000000
55321,0,0.001016,0.000000
55322,0,0.001016,0.000000
55323,0,0.001016,0.000000
55324,0,0.001016,0.000000
55325,0,0.001015,0.000000
55326,0,0.001015,0.000000
55327,0,0.001015,0.000000
55328,0,0.001015,0.000000
55329,0,0.001015,0.000000
55330,0,0.001014,0.000000
55331,0,0.001014,0.000000
55332,0,0.001014,0.000000
55333,0,0.001014,0.000000
55334,0,0.001014,0.000000
55335,0,0.001014,0.000000
55336,0,0.001013,0.000000
55337,0,0.001013,0.000000
55338,0,0.001013,0.000000
55339,0,0.001013,0.000000
55340,0,0.001013,0.000000
55341,0,0.001012,0.000000
55342,0,0.001012,0.000000
55343,0,0.001012,0.000000
55344,0,0.001012,0.000000
55345,0,0.001012,0.000000
55346,0,0.001012,0.000000
55347,0,0.001011,0.000000
55348,0,0.001011,0.000000
55349,0,0.001011,0.000000
55350,0,0.001011,0.000000
55351,0,0.001011,0.000000
55352,0,0.001011,0.000000
55353,0,0.001010,0.000000
55354,0,0.001010,0.000000
55355,0,0.001010,0.000000
55356,0,0.001010,0.000000
55357,0,0.001010,0.000000
55358,0,0.001009,0.000000
55359,0,0.001009,0.000000
55360,0,0.001009,0.000000
55361,0,0.001009,0.000000
55362,0,0.001009,0.000000
55363,0,0.001009,0.000000
55364,0,0.001008,0.000000
55365,0,0.001008,0.000000
55366,0,0.001008,0.000000
55367,0,0.001008,0.000000
55368,0,0.001008,0.000000
55369,0,0.001007,0.000000
55370,0,0.001007,0.000000
55371,0,0.001007,0.000000
55372,0,0.001007,0.000000
55373,0,0.001007,0.000000
55374,0,0.001007,0.000000
55375,0,0.001006,0.000000
55376,0,0.001006,0.000000
55377,0,0.001006,0.000000
55378,0,0.001006,0.000000
55379,0,0.001006,0.000000
55380,0,0.001006,0.000000
55381,0,0.001005,0.000000
55382,0,0.001005,0.000000
55383,0,0.001005,0.000000
55384,0,0.001005,0.000000
55385,0,0.001005,0.000000
55386,0,0.001004,0.000000
55387,0,0.001004,0.000000
55388,0,0.001004,0.000000
55389,0,0.001004,0.000000
55390,0,0.001004,0.000000
55391,0,0.001004,0.000000
55392,0,0.001003,0.000000
55393,0,0.001003,0.000000
55394,0,0.001003,0.000000
55395,0,0.001003,0.000000
55396,0,0.001003,0.000000
55397,0,0.001002,0.000000
55398,0,0.001002,0.000000
55399,0,0.001002,0.000000
55400,0,0.001002,0.000000
55401,0,0.001002,0.000000
55402,0,0.001002,0.000000
55403,0,0.001001,0.000000
55404,0,0.001001,0.000000
55405,0,0.001001,0.000000
55406,0,0.001001,0.000000
55407,0,0.001001,0.000000
55408,0,0.001001,0.000000
55409,0,0.001000,0.000000
55410,0,0.001000,0.000000
55411,0,0.001000,0.000000
55412,0,0.001000,0.000000
55413,0,0.001000,0.000000
55414,0,0.000999,0.000000
55415,0,0.000999,0.000000
55416,0,0.000999,0.000000
55417,0,0.000999,0.000000
55418,0,0.000999,0.000000
55419,0,0.000999,0.000000
55420,0,0.000998,0.000000
55421,0,0.000998,0.000000
55422,0,0.000998,0.000000
55423,0,0.000998,0.000000
55424,0,0.000998,0.000000
55425,0,0.000998,0.000000
55426,0,0.000997,0.000000
55427,0,0.000997,0.000000
55428,0,0.000997,0.000000
55429,0,0.000997,0.000000
55430,0,0.000997,0.000000
55431,0,0.000996,0.000000
55432,0,0.000996,0.000000
55433,0,0.000996,0.000000
55434,0,0.000996,0.000000
55435,0,0.000996,0.000000
55436,0,0.000996,0.000000
55437,0,0.000995,0.000000
55438,0,0.000995,0.000000
55439,0,0.000995,0.000000
55440,0,0.000995,0.000000
55441,0,0.000995,0.000000
55442,0,0.000994,0.000000
55443,0,0.000994,0.000000
55444,0,0.000994,0.000000
55445,0,0.000994,0.000000
55446,0,0.000994,0.000000
55447,0,0.000994,0.000000
55448,0,0.000993,0.000000
55449,0,0.000993,0.000000
55450,0,0.000993,0.000000
55451,0,0.000993,0.000000
55452,0,0.000993,0.000000
55453,0,0.000993,0.000000
55454,0,0.000992,0.000000
55455,0,0.000992,0.000000
55456,0,0.000992,0.000000
55457,0,0.000992,0.000000
55458,0,0.000992,0.000000
55459,0,0.000991,0.000000
55460,0,0.000991,0.000000
55461,0,0.000991,0.000000
55462,0,0.000991,0.000000
55463,0,0.000991,0.000000
55464,0,0.000991,0.000000
55465,0,0.000990,0.000000
55466,0,0.000990,0.000000
55467,0,0.000990,0.000000
55468,0,0.000990,0.000000
55469,0,0.000990,0.000000
55470,0,0.000990,0.000000
55471,0,0.000989,0.000000
55472,0,0.000989,0.000000
55473,0,0.000989,0.000000
55474,0,0.000989,0.000000
55475,0,0.000989,0.000000
55476,0,0.000988,0.000000
55477,0,0.000988,0.000000
55478,0,0.000988,0.000000
55479,0,0.000988,0.000000
55480,0,0.000988,0.000000
55481,0,0.000988,0.000000
55482,0,0.000987,0.000000
55483,0,0.000987,0.000000
55484,0,0.000987,0.000000
55485,0,0.000987,0.000000
55486,0,0.000987,0.000000
55487,0,0.000987,0.000000
55488,0,0.000986,0.000000
55489,0,0.000986,0.000000
55490,0,0.000986,0.000000
55491,0,0.000986,0.000000
55492,0,0.000986,0.000000
55493,0,0.000985,0.000000
55494,0,0.000985,0.000000
55495,0,0.000985,0.000000
55496,0,0.000985,0.000000
55497,0,0.000985,0.000000
55498,0,0.000985,0.000000
55499,0,0.000984,0.000000
55500,0,0.000984,0.000000
55501,0,0.000984,0.000000
55502,0,0.000984,0.000000
55503,0,0.000984,0.000000
55504,0,0.000984,0.000000
55505,0,0.000983,0.000000
55506,0,0.000983,0.000000
55507,0,0.000983,0.000000
55508,0,0.000983,0.000000
55509,0,0.000983,0.000000
55510,0,0.000982,0.000000
55511,0,0.000982,0.000000
55512,0,0.000982,0.000000
55513,0,0.000982,0.000000
55514,0,0.000982,0.000000
55515,0,0.000982,0.000000
55516,0,0.000981,0.000000
55517,0,0.000981,0.000000
55518,0,0.000981,0.000000
55519,0,0.000981,0.000000
55520,0,0.000981,0.000000
55521,0,0.000981,0.000000
55522,0,0.000980,0.000000
55523,0,0.000980,0.000000
55524,0,0.000980,0.000000
55525,0,0.000980,0.000000
55526,0,0.000980,0.000000
55527,0,0.000979,0.000000
55528,0,0.000979,0.000000
55529,0,0.000979,0.000000
55530,0,0.000979,0.000000
55531,0,0.000979,0.000000
55532,0,0.000979,0.000000
55533,0,0.000978,0.000000
55534,0,0.000978,0.000000
55535,0,0.000978,0.000000
55536,0,0.000978,0.000000
55537,0,0.000978,0.000000
55538,0,0.000978,0.000000
55539,0,0.000977,0.000000
55540,0,0.000977,0.000000
55541,0,0.000977,0.000000
55542,0,0.000977,0.000000
55543,0,0.000977,0.000000
55544,0,0.000976,0.000000
55545,0,0.000976,0.000000
55546,0,0.000976,0.000000
55547,0,0.000976,0.000000
55548,0,0.000976,0.000000
55549,0,0.000976,0.000000
55550,0,0.000975,0.000000
55551,0,0.000975,0.000000
55552,0,0.000975,0.000000
55553,0,0.000975,0.000000
55554,0,0.000975,0.000000
55555,0,0.000975,0.000000
55556,0,0.000974,0.000000
55557,0,0.000974,0.000000
55558,0,0.000974,0.000000
55559,0,0.000974,0.000000
55560,0,0.000974,0.000000
55561,0,0.000973,0.000000
55562,0,0.000973,0.000000
55563,0,0.000973,0.000000
55564,0,0.000973,0.000000
55565,0,0.000973,0.000000
55566,0,0.000973,0.000000
55567,0,0.000972,0.000000
55568,0,0.000972,0.000000
55569,0,0.000972,0.000000
55570,0,0.000972,0.000000
55571,0,0.000972,0.000000
55572,0,0.000972,0.000000
55573,1,0.000971,0.000000
55574,0,0.000997,0.000000
55575,0,0.001022,0.000000
55576,0,0.001044,0.000000
55577,0,0.001064,0.000000
55578,0,0.001083,0.000000
55579,0,0.001101,0.000000
55580,0,0.001117,0.000000
55581,0,0.001132,0.000000
55582,0,0.001146,0.000000
55583,0,0.001159,0.000000
55584,0,0.001170,0.000000
55585,0,0.001181,0.000000
55586,0,0.001192,0.000000
55587,0,0.001201,0.000000
55588,0,0.001210,0.000000
55589,0,0.001218,0.000000
55590,0,0.001225,0.000000
55591,0,0.001232,0.000000
55592,0,0.001238,0.000000
55593,0,0.001244,0.000067
55594,0,0.001249,0.000250
55595,0,0.001254,0.000525
55596,0,0.001259,0.000869
55597,0,0.001262,0.001264
55598,0,0.001266,0.001693
55599,0,0.001269,0.002144
55600,0,0.001272,0.002601
55601,0,0.001275,0.003054
55602,0,0.001277,0.003462
55603,0,0.001279,0.003800
55604,0,0.001281,0.004059
55605,0,0.001283,0.004237
55606,0,0.001284,0.004337
55607,0,0.001285,0.004367
55608,0,0.001287,0.004336
55609,0,0.001288,0.004255
55610,0,0.001289,0.004135
55611,0,0.001290,0.003987
55612,0,0.001290,0.003819
55613,0,0.001291,0.003641
55614,0,0.001292,0.003459
55615,0,0.001292,0.003280
55616,0,0.001293,0.003109
55617,0,0.001293,0.002949
55618,0,0.001294,0.002803
55619,0,0.001294,0.002673
55620,0,0.001294,0.002559
55621,0,0.001295,0.002462
55622,0,0.001295,0.002382
55623,0,0.001295,0.002316
55624,0,0.001295,0.002265
55625,0,0.001295,0.002225
55626,0,0.001295,0.002196
55627,0,0.001295,0.002176
55628,0,0.001295,0.002163
55629,0,0.001296,0.002152
55630,0,0.001296,0.002137
55631,0,0.001296,0.002111
55632,0,0.001295,0.002074
55633,0,0.001295,0.002024
55634,0,0.001295,0.001962
55635,0,0.001295,0.001889
55636,0,0.001295,0.001809
55637,0,0.001295,0.001723
55638,0,0.001295,0.001633
55639,0,0.001295,0.001541
55640,0,0.001295,0.001450
55641,0,0.001295,0.001361
55642,0,0.001295,0.001275
55643,0,0.001295,0.001193
55644,0,0.001294,0.001116
55645,0,0.001294,0.001046
55646,0,0.001294,0.000981
55647,0,0.001294,0.000923
55648,0,0.001294,0.000871
55649,0,0.001294,0.000825
55650,0,0.001294,0.000785
55651,0,0.001294,0.000751
55652,0,0.001293,0.000721
55653,0,0.001293,0.000695
55654,0,0.001293,0.000674
55655,0,0.001293,0.000655
55656,0,0.001293,0.000639
55657,0,0.001293,0.000625
55658,0,0.001293,0.000609
55659,0,0.001292,0.000592
55660,0,0.001292,0.000574
55661,0,0.001292,0.000553
55662,0,0.001292,0.000530
55663,0,0.001292,0.000505
55664,0,0.001292,0.000480
55665,0,0.001291,0.000453
55666,0,0.001291,0.000427
55667,0,0.001291,0.000401
55668,0,0.001291,0.000375
55669,0,0.001291,0.000351
55670,0,0.001291,0.000327
55671,0,0.001290,0.000305
55672,0,0.001290,0.000285
55673,0,0.001290,0.000266
55674,0,0.001290,0.000250
55675,0,0.001290,0.000234
55676,0,0.001290,0.000221
55677,0,0.001290,0.000209
55678,0,0.001289,0.000198
55679,0,0.001289,0.000189
55680,0,0.001289,0.000181
55681,0,0.001289,0.000174
55682,0,0.001289,0.000168
55683,0,0.001289,0.000163
55684,0,0.001288,0.000159
55685,0,0.001288,0.000155
55686,0,0.001288,0.000150
55687,0,0.001288,0.000145
55688,0,0.001288,0.000139
55689,0,0.001288,0.000134
55690,0,0.001287,0.000127
55691,0,0.001287,0.000121
55692,0,0.001287,0.000114
55693,0,0.001287,0.000108
55694,0,0.001287,0.000101
55695,0,0.001287,0.000095
55696,0,0.001286,0.000088
55697,0,0.001286,0.000082
55698,0,0.001286,0.000077
55699,0,0.001286,0.000072
55700,0,0.001286,0.000067
55701,0,0.001286,0.000063
55702,0,0.001285,0.000059
55703,0,0.001285,0.000055
55704,0,0.001285,0.000052
55705,0,0.001285,0.000049
55706,0,0.001285,0.000047
55707,0,0.001285,0.000045
55708,0,0.001284,0.000043
55709,0,0.001284,0.000041
55710,0,0.001284,0.000040
55711,0,0.001284,0.000039
55712,0,0.001284,0.000038
55713,0,0.001284,0.000037
55714,0,0.001283,0.000035
55715,0,0.001283,0.000034
55716,0,0.001283,0.000033
55717,0,0.001283,0.000031
55718,0,0.001283,0.000030
55719,0,0.001283,0.000028
55720,0,0.001282,0.000026
55721,0,0.001282,0.000025
55722,0,0.001282,0.000023
55723,0,0.001282,0.000022
55724,0,0.001282,0.000020
55725,0,0.001282,0.000019
55726,0,0.001282,0.000018
55727,0,0.001281,0.000016
55728,0,0.001281,0.000015
55729,0,0.001281,0.000014
55730,0,0.001281,0.000013
55731,0,0.001281,0.000013
55732,0,0.001281,0.000012
55733,0,0.001280,0.000011
55734,0,0.001280,0.000011
55735,0,0.001280,0.000010
55736,0,0.001280,0.000010
55737,0,0.001280,0.000010
55738,0,0.001280,0.000009
55739,0,0.001279,0.000009
55740,0,0.001279,0.000009
55741,0,0.001279,0.000009
55742,0,0.001279,0.000008
55743,0,0.001279,0.000008
55744,0,0.001279,0.000008
55745,0,0.001278,0.000007
55746,0,0.001278,0.000007
55747,0,0.001278,0.000006
55748,0,0.001278,0.000006
55749,0,0.001278,0.000006
55750,0,0.001278,0.000005
55751,0,0.001277,0.000005
55752,0,0.001277,0.000005
55753,0,0.001277,0.000004
55754,0,0.001277,0.000004
55755,0,0.001277,0.000004
55756,0,0.001277,0.000003
55757,0,0.001276,0.000003
55758,0,0.001276,0.000003
55759,0,0.001276,0.000003
55760,0,0.001276,0.000003
55761,0,0.001276,0.000003
55762,0,0.001276,0.000003
55763,0,0.001275,0.000002
55764,0,0.001275,0.000002
55765,0,0.001275,0.000002
55766,0,0.001275,0.000002
55767,0,0.001275,0.000002
55768,0,0.001275,0.000002
55769,0,0.001274,0.000002
55770,0,0.001274,0.000002
55771,0,0.001274,0.000002
55772,0,0.001274,0.000002
55773,0,0.001274,0.000002
55774,0,0.001274,0.000002
55775,1,0.001273,0.000001
55776,0,0.001304,0.000001
55777,0,0.001332,0.000001
55778,0,0.001358,0.000001
55779,0,0.001381,0.000001
55780,0,0.001403,0.000000
55781,0,0.001423,0.000000
55782,0,0.001442,0.000000
55783,0,0.001458,0.000000
55784,0,0.001474,0.000000
55785,0,0.001488,0.000000
55786,0,0.001501,0.000000
55787,0,0.001513,0.000000
55788,0,0.001524,0.000000
55789,0,0.001534,0.000000
55790,0,0.001544,0.000000
55791,0,0.001552,0.000000
55792,0,0.001560,0.000000
55793,0,0.001567,0.000000
55794,0,0.001574,0.000000
55795,0,0.001580,0.000023
55796,0,0.001586,0.000125
55797,0,0.001591,0.000291
55798,0,0.001595,0.000507
55799,0,0.001600,0.000762
55800,0,0.001603,0.001046
55801,0,0.001607,0.001350
55802,0,0.001610,0.001665
55803,0,0.001613,0.001986
55804,0,0.001615,0.002305
55805,0,0.001617,0.002618
55806,0,0.001619,0.002920
55807,0,0.001621,0.003207
55808,0,0.001623,0.003474
55809,0,0.001624,0.003702
55810,0,0.001626,0.003878
55811,0,0.001627,0.003998
55812,0,0.001628,0.004062
55813,0,0.001629,0.004074
55814,0,0.001629,0.004038
55815,0,0.001630,0.003962
55816,0,0.001631,0.003853
55817,0,0.001631,0.003719
55818,0,0.001631,0.003565
55819,0,0.001632,0.003398
55820,0,0.001632,0.003224
55821,0,0.001632,0.003048
55822,0,0.001633,0.002873
55823,0,0.001633,0.002703
55824,0,0.001633,0.002541
55825,0,0.001633,0.002388
55826,0,0.001633,0.002247
55827,0,0.001633,0.002117
55828,0,0.001633,0.002000
55829,0,0.001633,0.001895
55830,0,0.001633,0.001802
55831,0,0.001633,0.001721
55832,0,0.001633,0.001651
55833,0,0.001633,0.001591
55834,0,0.001633,0.001539
55835,0,0.001633,0.001496
55836,0,0.001633,0.001459
55837,0,0.001633,0.001428
55838,0,0.001633,0.001402
55839,0,0.001633,0.001380
55840,0,0.001633,0.001360
55841,0,0.001632,0.001341
55842,0,0.001632,0.001320
55843,0,0.001632,0.001294
55844,0,0.001632,0.001262
55845,0,0.001632,0.001225
55846,0,0.001632,0.001182
55847,0,0.001631,0.001134
55848,0,0.001631,0.001083
55849,0,0.001631,0.001030
55850,0,0.001631,0.000974
55851,0,0.001631,0.000919
55852,0,0.001631,0.000863
55853,0,0.001630,0.000809
55854,0,0.001630,0.000756
55855,0,0.001630,0.000706
55856,0,0.001630,0.000658
55857,0,0.001630,0.000613
55858,0,0.001629,0.000572
55859,0,0.001629,0.000534
55860,0,0.001629,0.000499
55861,0,0.001629,0.000468
55862,0,0.001628,0.000439
55863,0,0.001628,0.000414
55864,0,0.001628,0.000392
55865,0,0.001628,0.000372
55866,0,0.001628,0.000355
55867,0,0.001627,0.000340
55868,0,0.001627,0.000327
55869,0,0.001627,0.000315
55870,0,0.001627,0.000305
55871,0,0.001627,0.000296
55872,0,0.001626,0.000288
55873,0,0.001626,0.000281
55874,0,0.001626,0.000274
55875,0,0.001626,0.000267
55876,0,0.001626,0.000259
55877,0,0.001625,0.000250
55878,0,0.001625,0.000241
55879,0,0.001625,0.000230
55880,0,0.001625,0.000219
55881,0,0.001624,0.000208
55882,0,0.001624,0.000197
55883,0,0.001624,0.000185
55884,0,0.001624,0.000174
55885,0,0.001624,0.000162
55886,0,0.001623,0.000152
55887,0,0.001623,0.000141
55888,0,0.001623,0.000132
55889,0,0.001623,0.000123
55890,0,0.001622,0.000114
55891,0,0.001622,0.000106
55892,0,0.001622,0.000099
55893,0,0.001622,0.000093
55894,0,0.001622,0.000087
55895,0,0.001621,0.000082
55896,0,0.001621,0.000077
55897,0,0.001621,0.000073
55898,0,0.001621,0.000069
55899,0,0.001621,0.000066
55900,0,0.001620,0.000063
55901,0,0.001620,0.000061
55902,0,0.001620,0.000059
55903,0,0.001620,0.000057
55904,0,0.001619,0.000055
55905,0,0.001619,0.000054
55906,0,0.001619,0.000052
55907,0,0.001619,0.000051
55908,0,0.001619,0.000049
55909,0,0.001618,0.000047
55910,0,0.001618,0.000046
55911,0,0.001618,0.000044
55912,0,0.001618,0.000042
55913,0,0.001617,0.000039
55914,0,0.001617,0.000037
55915,0,0.001617,0.000035
55916,0,0.001617,0.000033
55917,0,0.001617,0.000031
55918,0,0.001616,0.000029
55919,0,0.001616,0.000027
55920,0,0.001616,0.000025
55921,0,0.001616,0.000023
55922,0,0.001615,0.000022
55923,0,0.001615,0.000020
55924,0,0.001615,0.000019
55925,0,0.001615,0.000017
55926,0,0.001615,0.000016
55927,0,0.001614,0.000015
55928,0,0.001614,0.000015
55929,0,0.001614,0.000014
55930,0,0.001614,0.000013
55931,0,0.001614,0.000012
55932,0,0.001613,0.000012
55933,0,0.001613,0.000011
55934,0,0.001613,0.000011
55935,0,0.001613,0.000011
55936,0,0.001612,0.000010
55937,0,0.001612,0.000010
55938,0,0.001612,0.000010
55939,0,0.001612,0.000010
55940,0,0.001612,0.000009
55941,0,0.001611,0.000009
55942,0,0.001611,0.000009
55943,0,0.001611,0.000008
55944,0,0.001611,0.000008
55945,0,0.001610,0.000007
55946,0,0.001610,0.000007
55947,0,0.001610,0.000007
55948,0,0.001610,0.000006
55949,0,0.001610,0.000006
55950,0,0.001609,0.000005
55951,0,0.001609,0.000005
55952,0,0.001609,0.000005
55953,0,0.001609,0.000004
55954,0,0.001608,0.000004
55955,0,0.001608,0.000004
55956,0,0.001608,0.000003
55957,0,0.001608,0.000003
55958,0,0.001608,0.000003
55959,0,0.001607,0.000003
55960,0,0.001607,0.000003
55961,0,0.001607,0.000003
55962,0,0.001607,0.000002
55963,0,0.001607,0.000002
55964,0,0.001606,0.000002
55965,0,0.001606,0.000002
55966,0,0.001606,0.000002
55967,0,0.001606,0.000002
55968,0,0.001605,0.000002
55969,0,0.001605,0.000002
55970,0,0.001605,0.000002
55971,0,0.001605,0.000002
55972,0,0.001605,0.000002
55973,0,0.001604,0.000002
55974,0,0.001604,0.000002
55975,0,0.001604,0.000002
55976,0,0.001604,0.000001
55977,0,0.001603,0.000001
55978,0,0.001603,0.000001
55979,0,0.001603,0.000001
55980,0,0.001603,0.000001
55981,0,0.001603,0.000001
55982,0,0.001602,0.000001
55983,0,0.001602,0.000001
55984,0,0.001602,0.000001
55985,0,0.001602,0.000001
55986,0,0.001601,0.000001
55987,0,0.001601,0.000001
55988,0,0.001601,0.000001
55989,0,0.001601,0.000001
55990,0,0.001601,0.000001
55991,0,0.001600,0.000001
55992,0,0.001600,0.000001
55993,0,0.001600,0.000000
55994,0,0.001600,0.000000
55995,0,0.001599,0.000000
55996,0,0.001599,0.000000
55997,0,0.001599,0.000000
55998,0,0.001599,0.000000
55999,0,0.001599,0.000000
56000,0,0.001598,0.000000
56001,0,0.001598,0.000000
56002,0,0.001598,0.000000
56003,0,0.001598,0.000000
56004,0,0.001597,0.000000
56005,0,0.001597,0.000000
56006,0,0.001597,0.000000
56007,0,0.001597,0.000000
56008,0,0.001597,0.000000
56009,0,0.001596,0.000000
56010,0,0.001596,0.000000
56011,0,0.001596,0.000000
56012,0,0.001596,0.000000
56013,0,0.001596,0.000000
56014,0,0.001595,0.000000
56015,0,0.001595,0.000000
56016,0,0.001595,0.000000
56017,0,0.001595,0.000000
56018,0,0.001594,0.000000
56019,0,0.001594,0.000000
56020,0,0.001594,0.000000
56021,0,0.001594,0.000000
56022,0,0.001594,0.000000
56023,0,0.001593,0.000000
56024,0,0.001593,0.000000
56025,0,0.001593,0.000000
56026,0,0.001593,0.000000
56027,0,0.001592,0.000000
56028,0,0.001592,0.000000
56029,0,0.001592,0.000000
56030,0,0.001592,0.000000
56031,0,0.001592,0.000000
56032,0,0.001591,0.000000
56033,0,0.001591,0.000000
56034,0,0.001591,0.000000
56035,0,0.001591,0.000000
56036,0,0.001590,0.000000
56037,0,0.001590,0.000000
56038,0,0.001590,0.000000
56039,0,0.001590,0.000000
56040,0,0.001590,0.000000
56041,0,0.001589,0.000000
56042,0,0.001589,0.000000
56043,0,0.001589,0.000000
56044,0,0.001589,0.000000
56045,0,0.001588,0.000000
56046,0,0.001588,0.000000
56047,0,0.001588,0.000000
56048,0,0.001588,0.000000
56049,0,0.001588,0.000000
56050,0,0.001587,0.000000
56051,0,0.001587,0.000000
56052,0,0.001587,0.000000
56053,0,0.001587,0.000000
56054,0,0.001586,0.000000
56055,0,0.001586,0.000000
56056,0,0.001586,0.000000
56057,0,0.001586,0.000000
56058,0,0.001586,0.000000
56059,0,0.001585,0.000000
56060,0,0.001585,0.000000
56061,0,0.001585,0.000000
56062,0,0.001585,0.000000
56063,0,0.001584,0.000000
56064,0,0.001584,0.000000
56065,0,0.001584,0.000000
56066,0,0.001584,0.000000
56067,0,0.001584,0.000000
56068,0,0.001583,0.000000
56069,0,0.001583,0.000000
56070,0,0.001583,0.000000
56071,0,0.001583,0.000000
56072,0,0.001582,0.000000
56073,0,0.001582,0.000000
56074,0,0.001582,0.000000
56075,0,0.001582,0.000000
56076,0,0.001582,0.000000
56077,0,0.001581,0.000000
56078,0,0.001581,0.000000
56079,0,0.001581,0.000000
56080,0,0.001581,0.000000
56081,0,0.001580,0.000000
56082,0,0.001580,0.000000
56083,0,0.001580,0.000000
56084,0,0.001580,0.000000
56085,0,0.001580,0.000000
56086,0,0.001579,0.000000
56087,0,0.001579,0.000000
56088,0,0.001579,0.000000
56089,0,0.001579,0.000000
56090,0,0.001579,0.000000
56091,0,0.001578,0.000000
56092,0,0.001578,0.000000
56093,0,0.001578,0.000000
56094,0,0.001578,0.000000
56095,0,0.001577,0.000000
56096,0,0.001577,0.000000
56097,0,0.001577,0.000000
56098,0,0.001577,0.000000
56099,0,0.001577,0.000000
56100,0,0.001576,0.000000
56101,0,0.001576,0.000000
56102,0,0.001576,0.000000
56103,0,0.001576,0.000000
56104,0,0.001575,0.000000
56105,0,0.001575,0.000000
56106,0,0.001575,0.000000
56107,0,0.001575,0.000000
56108,0,0.001575,0.000000
56109,0,0.001574,0.000000
56110,0,0.001574,0.000000
56111,0,0.001574,0.000000
56112,0,0.001574,0.000000
56113,0,0.001573,0.000000
56114,0,0.001573,0.000000
56115,0,0.001573,0.000000
56116,0,0.001573,0.000000
56117,0,0.001573,0.000000
56118,0,0.001572,0.000000
56119,0,0.001572,0.000000
56120,0,0.001572,0.000000
56121,0,0.001572,0.000000
56122,0,0.001571,0.000000
56123,0,0.001571,0.000000
56124,0,0.001571,0.000000
56125,0,0.001571,0.000000
56126,0,0.001571,0.000000
56127,0,0.001570,0.000000
56128,0,0.001570,0.000000
56129,0,0.001570,0.000000
56130,0,0.001570,0.000000
56131,0,0.001569,0.000000
56132,0,0.001569,0.000000
56133,0,0.001569,0.000000
56134,0,0.001569,0.000000
56135,0,0.001569,0.000000
56136,0,0.001568,0.000000
56137,0,0.001568,0.000000
56138,0,0.001568,0.000000
56139,0,0.001568,0.000000
56140,0,0.001567,0.000000
56141,0,0.001567,0.000000
56142,0,0.001567,0.000000
56143,0,0.001567,0.000000
56144,0,0.001567,0.000000
56145,0,0.001566,0.000000
56146,0,0.001566,0.000000
56147,0,0.001566,0.000000
56148,0,0.001566,0.000000
56149,0,0.001565,0.000000
56150,0,0.001565,0.000000
56151,0,0.001565,0.000000
56152,0,0.001565,0.000000
56153,0,0.001565,0.000000
56154,0,0.001564,0.000000
56155,0,0.001564,0.000000
56156,0,0.001564,0.000000
56157,0,0.001564,0.000000
56158,0,0.001563,0.000000
56159,0,0.001563,0.000000
56160,0,0.001563,0.000000
56161,0,0.001563,0.000000
56162,0,0.001563,0.000000
56163,0,0.001562,0.000000
56164,0,0.001562,0.000000
56165,0,0.001562,0.000000
56166,0,0.001562,0.000000
56167,0,0.001561,0.000000
56168,0,0.001561,0.000000
56169,0,0.001561,0.000000
56170,0,0.001561,0.000000
56171,0,0.001561,0.000000
56172,0,0.001560,0.000000
56173,0,0.001560,0.000000
56174,0,0.001560,0.000000
56175,0,0.001560,0.000000
56176,0,0.001559,0.000000
56177,0,0.001559,0.000000
56178,0,0.001559,0.000000
56179,0,0.001559,0.000000
56180,0,0.001559,0.000000
56181,0,0.001558,0.000000
56182,0,0.001558,0.000000
56183,0,0.001558,0.000000
56184,0,0.001558,0.000000
56185,0,0.001557,0.000000
56186,0,0.001557,0.000000
56187,0,0.001557,0.000000
56188,0,0.001557,0.000000
56189,0,0.001557,0.000000
56190,0,0.001556,0.000000
56191,0,0.001556,0.000000
56192,0,0.001556,0.000000
56193,0,0.001556,0.000000
56194,0,0.001555,0.000000
56195,0,0.001555,0.000000
56196,0,0.001555,0.000000
56197,0,0.001555,0.000000
56198,0,0.001555,0.000000
56199,0,0.001554,0.000000
56200,0,0.001554,0.000000
56201,0,0.001554,0.000000
56202,0,0.001554,0.000000
56203,0,0.001553,0.000000
56204,0,0.001553,0.000000
56205,0,0.001553,0.000000
56206,0,0.001553,0.000000
56207,0,0.001553,0.000000
56208,0,0.001552,0.000000
56209,0,0.001552,0.000000
56210,0,0.001552,0.000000
56211,0,0.001552,0.000000
56212,0,0.001551,0.000000
56213,0,0.001551,0.000000
56214,0,0.001551,0.000000
56215,0,0.001551,0.000000
56216,0,0.001551,0.000000
56217,0,0.001550,0.000000
56218,0,0.001550,0.000000
56219,0,0.001550,0.000000
56220,0,0.001550,0.000000
56221,0,0.001549,0.000000
56222,0,0.001549,0.000000
56223,0,0.001549,0.000000
56224,0,0.001549,0.000000
56225,0,0.001549,0.000000
56226,0,0.001548,0.000000
56227,0,0.001548,0.000000
56228,0,0.001548,0.000000
56229,0,0.001548,0.000000
56230,0,0.001547,0.000000
56231,0,0.001547,0.000000
56232,0,0.001547,0.000000
56233,0,0.001547,0.000000
56234,0,0.001546,0.000000
56235,0,0.001546,0.000000
56236,0,0.001546,0.000000
56237,0,0.001546,0.000000
56238,0,0.001546,0.000000
56239,0,0.001545,0.000000
56240,0,0.001545,0.000000
56241,0,0.001545,0.000000
56242,0,0.001545,0.000000
56243,0,0.001544,0.000000
56244,0,0.001544,0.000000
56245,0,0.001544,0.000000
56246,0,0.001544,0.000000
56247,0,0.001544,0.000000
56248,0,0.001543,0.000000
56249,0,0.001543,0.000000
56250,0,0.001543,0.000000
56251,0,0.001543,0.000000
56252,0,0.001542,0.000000
56253,0,0.001542,0.000000
56254,0,0.001542,0.000000
56255,0,0.001542,0.000000
56256,0,0.001542,0.000000
56257,0,0.001541,0.000000
56258,0,0.001541,0.000000
56259,0,0.001541,0.000000
56260,0,0.001541,0.000000
56261,0,0.001540,0.000000
56262,0,0.001540,0.000000
56263,0,0.001540,0.000000
56264,0,0.001540,0.000000
56265,0,0.001540,0.000000
56266,0,0.001539,0.000000
56267,0,0.001539,0.000000
56268,0,0.001539,0.000000
56269,0,0.001539,0.000000
56270,0,0.001538,0.000000
56271,0,0.001538,0.000000
56272,0,0.001538,0.000000
56273,0,0.001538,0.000000
56274,0,0.001538,0.000000
56275,0,0.001537,0.000000
56276,0,0.001537,0.000000
56277,0,0.001537,0.000000
56278,0,0.001537,0.000000
56279,0,0.001536,0.000000
56280,0,0.001536,0.000000
56281,0,0.001536,0.000000
56282,0,0.001536,0.000000
56283,0,0.001536,0.000000
56284,0,0.001535,0.000000
56285,0,0.001535,0.000000
56286,0,0.001535,0.000000
56287,0,0.001535,0.000000
56288,0,0.001534,0.000000
56289,0,0.001534,0.000000
56290,0,0.001534,0.000000
56291,0,0.001534,0.000000
56292,0,0.001534,0.000000
56293,0,0.001533,0.000000
56294,0,0.001533,0.000000
56295,0,0.001533,0.000000
56296,0,0.001533,0.000000
56297,0,0.001532,0.000000
56298,0,0.001532,0.000000
56299,0,0.001532,0.000000
56300,0,0.001532,0.000000
56301,0,0.001532,0.000000
56302,0,0.001531,0.000000
56303,0,0.001531,0.000000
56304,0,0.001531,0.000000
56305,0,0.001531,0.000000
56306,0,0.001530,0.000000
56307,0,0.001530,0.000000
56308,0,0.001530,0.000000
56309,0,0.001530,0.000000
56310,0,0.001530,0.000000
56311,0,0.001529,0.000000
56312,0,0.001529,0.000000
56313,0,0.001529,0.000000
56314,0,0.001529,0.000000
56315,0,0.001528,0.000000
56316,0,0.001528,0.000000
56317,0,0.001528,0.000000
56318,0,0.001528,0.000000
56319,0,0.001527,0.000000
56320,0,0.001527,0.000000
56321,0,0.001527,0.000000
56322,0,0.001527,0.000000
56323,0,0.001527,0.000000
56324,0,0.001526,0.000000
56325,0,0.001526,0.000000
56326,0,0.001526,0.000000
56327,0,0.001526,0.000000
56328,0,0.001525,0.000000
56329,0,0.001525,0.000000
56330,0,0.001525,0.000000
56331,0,0.001525,0.000000
56332,0,0.001525,0.000000
56333,0,0.001524,0.000000
56334,0,0.001524,0.000000
56335,0,0.001524,0.000000
56336,0,0.001524,0.000000
56337,0,0.001523,0.000000
56338,0,0.001523,0.000000
56339,0,0.001523,0.000000
56340,0,0.001523,0.000000
56341,0,0.001523,0.000000
56342,0,0.001522,0.000000
56343,0,0.001522,0.000000
56344,0,0.001522,0.000000
56345,0,0.001522,0.000000
56346,0,0.001521,0.000000
56347,0,0.001521,0.000000
56348,0,0.001521,0.000000
56349,0,0.001521,0.000000
56350,0,0.001521,0.000000
56351,0,0.001520,0.000000
56352,0,0.001520,0.000000
56353,0,0.001520,0.000000
56354,0,0.001520,0.000000
56355,0,0.001519,0.000000
56356,0,0.001519,0.000000
56357,0,0.001519,0.000000
56358,0,0.001519,0.000000
56359,0,0.001519,0.000000
56360,0,0.001518,0.000000
56361,0,0.001518,0.000000
56362,0,0.001518,0.000000
56363,0,0.001518,0.000000
56364,0,0.001517,0.000000
56365,0,0.001517,0.000000
56366,0,0.001517,0.000000
56367,0,0.001517,0.000000
56368,0,0.001517,0.000000
56369,0,0.001516,0.000000
56370,0,0.001516,0.000000
56371,0,0.001516,0.000000
56372,0,0.001516,0.000000
56373,0,0.001515,0.000000
56374,0,0.001515,0.000000
56375,0,0.001515,0.000000
56376,0,0.001515,0.000000
56377,0,0.001514,0.000000
56378,0,0.001514,0.000000
56379,0,0.001514,0.000000
56380,0,0.001514,0.000000
56381,0,0.001514,0.000000
56382,0,0.001513,0.000000
56383,0,0.001513,0.000000
56384,0,0.001513,0.000000
56385,0,0.001513,0.000000
56386,0,0.001512,0.000000
56387,0,0.001512,0.000000
56388,0,0.001512,0.000000
56389,0,0.001512,0.000000
56390,0,0.001512,0.000000
56391,0,0.001511,0.000000
56392,0,0.001511,0.000000
56393,0,0.001511,0.000000
56394,0,0.001511,0.000000
56395,0,0.001510,0.000000
56396,0,0.001510,0.000000
56397,0,0.001510,0.000000
56398,0,0.001510,0.000000
56399,0,0.001510,0.000000
56400,0,0.001509,0.000000
56401,0,0.001509,0.000000
56402,0,0.001509,0.000000
56403,0,0.001509,0.000000
56404,0,0.001508,0.000000
56405,0,0.001508,0.000000
56406,0,0.001508,0.000000
56407,0,0.001508,0.000000
56408,0,0.001508,0.000000
56409,0,0.001507,0.000000
56410,0,0.001507,0.000000
56411,0,0.001507,0.000000
56412,0,0.001507,0.000000
56413,0,0.001506,0.000000
56414,0,0.001506,0.000000
56415,0,0.001506,0.000000
56416,0,0.001506,0.000000
56417,0,0.001506,0.000000
56418,0,0.001505,0.000000
56419,0,0.001505,0.000000
56420,0,0.001505,0.000000
56421,0,0.001505,0.000000
56422,0,0.001504,0.000000
56423,0,0.001504,0.000000
56424,0,0.001504,0.000000
56425,0,0.001504,0.000000
56426,0,0.001503,0.000000
56427,0,0.001503,0.000000
56428,0,0.001503,0.000000
56429,0,0.001503,0.000000
56430,0,0.001503,0.000000
56431,0,0.001502,0.000000
56432,0,0.001502,0.000000
56433,0,0.001502,0.000000
56434,0,0.001502,0.000000
56435,0,0.001501,0.000000
56436,0,0.001501,0.000000
56437,0,0.001501,0.000000
56438,0,0.001501,0.000000
56439,0,0.001501,0.000000
56440,0,0.001500,0.000000
56441,0,0.001500,0.000000
56442,0,0.001500,0.000000
56443,0,0.001500,0.000000
56444,0,0.001499,0.000000
56445,0,0.001499,0.000000
56446,0,0.001499,0.000000
56447,0,0.001499,0.000000
56448,0,0.001499,0.000000
56449,0,0.001498,0.000000
56450,0,0.001498,0.000000
56451,0,0.001498,0.000000
56452,0,0.001498,0.000000
56453,0,0.001497,0.000000
56454,0,0.001497,0.000000
56455,0,0.001497,0.000000
56456,0,0.001497,0.000000
56457,0,0.001497,0.000000
56458,0,0.001496,0.000000
56459,0,0.001496,0.000000
56460,0,0.001496,0.000000
56461,0,0.001496,0.000000
56462,0,0.001495,0.000000
56463,0,0.001495,0.000000
56464,0,0.001495,0.000000
56465,0,0.001495,0.000000
56466,0,0.001494,0.000000
56467,0,0.001494,0.000000
56468,0,0.001494,0.000000
56469,0,0.001494,0.000000
56470,0,0.001494,0.000000
56471,0,0.001493,0.000000
56472,0,0.001493,0.000000
56473,0,0.001493,0.000000
56474,0,0.001493,0.000000
56475,0,0.001492,0.000000
56476,0,0.001492,0.000000
56477,0,0.001492,0.000000
56478,0,0.001492,0.000000
56479,0,0.001492,0.000000
56480,0,0.001491,0.000000
56481,0,0.001491,0.000000
56482,0,0.001491,0.000000
56483,0,0.001491,0.000000
56484,0,0.001490,0.000000
56485,0,0.001490,0.000000
56486,0,0.001490,0.000000
56487,0,0.001490,0.000000
56488,0,0.001490,0.000000
56489,0,0.001489,0.000000
56490,0,0.001489,0.000000
56491,0,0.001489,0.000000
56492,0,0.001489,0.000000
56493,0,0.001488,0.000000
56494,0,0.001488,0.000000
56495,0,0.001488,0.000000
56496,0,0.001488,0.000000
56497,0,0.001488,0.000000
56498,0,0.001487,0.000000
56499,0,0.001487,0.000000
56500,0,0.001487,0.000000
56501,0,0.001487,0.000000
56502,0,0.001486,0.000000
56503,0,0.001486,0.000000
56504,0,0.001486,0.000000
56505,0,0.001486,0.000000
56506,0,0.001485,0.000000
56507,0,0.001485,0.000000
56508,0,0.001485,0.000000
56509,0,0.001485,0.000000
56510,0,0.001485,0.000000
56511,0,0.001484,0.000000
56512,0,0.001484,0.000000
56513,0,0.001484,0.000000
56514,0,0.001484,0.000000
56515,0,0.001483,0.000000
56516,0,0.001483,0.000000
56517,0,0.001483,0.000000
56518,0,0.001483,0.000000
56519,0,0.001483,0.000000
56520,0,0.001482,0.000000
56521,0,0.001482,0.000000
56522,0,0.001482,0.000000
56523,0,0.001482,0.000000
56524,0,0.001481,0.000000
56525,0,0.001481,0.000000
56526,0,0.001481,0.000000
56527,0,0.001481,0.000000
56528,0,0.001481,0.000000
56529,0,0.001480,0.000000
56530,0,0.001480,0.000000
56531,0,0.001480,0.000000
56532,0,0.001480,0.000000
56533,0,0.001479,0.000000
56534,0,0.001479,0.000000
56535,0,0.001479,0.000000
56536,0,0.001479,0.000000
56537,0,0.001478,0.000000
56538,0,0.001478,0.000000
56539,0,0.001478,0.000000
56540,0,0.001478,0.000000
56541,0,0.001478,0.000000
56542,0,0.001477,0.000000
56543,0,0.001477,0.000000
56544,0,0.001477,0.000000
56545,0,0.001477,0.000000
56546,0,0.001476,0.000000
56547,0,0.001476,0.000000
56548,0,0.001476,0.000000
56549,0,0.001476,0.000000
56550,0,0.001476,0.000000
56551,0,0.001475,0.000000
56552,0,0.001475,0.000000
56553,0,0.001475,0.000000
56554,0,0.001475,0.000000
56555,0,0.001474,0.000000
56556,0,0.001474,0.000000
56557,0,0.001474,0.000000
56558,0,0.001474,0.000000
56559,0,0.001474,0.000000
56560,0,0.001473,0.000000
56561,0,0.001473,0.000000
56562,0,0.001473,0.000000
56563,0,0.001473,0.000000
56564,0,0.001472,0.000000
56565,0,0.001472,0.000000
56566,0,0.001472,0.000000
56567,0,0.001472,0.000000
56568,0,0.001471,0.000000
56569,0,0.001471,0.000000
56570,0,0.001471,0.000000
56571,0,0.001471,0.000000
56572,0,0.001471,0.000000
56573,0,0.001470,0.000000
56574,0,0.001470,0.000000
56575,0,0.001470,0.000000
56576,0,0.001470,0.000000
56577,0,0.001469,0.000000
56578,0,0.001469,0.000000
56579,0,0.001469,0.000000
56580,0,0.001469,0.000000
56581,0,0.001469,0.000000
56582,0,0.001468,0.000000
56583,0,0.001468,0.000000
56584,0,0.001468,0.000000
56585,0,0.001468,0.000000
56586,0,0.001467,0.000000
56587,0,0.001467,0.000000
56588,0,0.001467,0.000000
56589,0,0.001467,0.000000
56590,0,0.001467,0.000000
56591,0,0.001466,0.000000
56592,0,0.001466,0.000000
56593,0,0.001466,0.000000
56594,0,0.001466,0.000000
56595,0,0.001465,0.000000
56596,0,0.001465,0.000000
56597,0,0.001465,0.000000
56598,0,0.001465,0.000000
56599,0,0.001465,0.000000
56600,0,0.001464,0.000000
56601,0,0.001464,0.000000
56602,0,0.001464,0.000000
56603,0,0.001464,0.000000
56604,0,0.001463,0.000000
56605,0,0.001463,0.000000
56606,0,0.001463,0.000000
56607,0,0.001463,0.000000
56608,0,0.001462,0.000000
56609,0,0.001462,0.000000
56610,0,0.001462,0.000000
56611,0,0.001462,0.000000
56612,0,0.001462,0.000000
56613,0,0.001461,0.000000
56614,0,0.001461,0.000000
56615,0,0.001461,0.000000
56616,0,0.001461,0.000000
56617,0,0.001460,0.000000
56618,0,0.001460,0.000000
56619,0,0.001460,0.000000
56620,0,0.001460,0.000000
56621,0,0.001460,0.000000
56622,0,0.001459,0.000000
56623,0,0.001459,0.000000
56624,0,0.001459,0.000000
56625,0,0.001459,0.000000
56626,0,0.001458,0.000000
56627,0,0.001458,0.000000
56628,0,0.001458,0.000000
56629,0,0.001458,0.000000
56630,0,0.001458,0.000000
56631,0,0.001457,0.000000
56632,0,0.001457,0.000000
56633,0,0.001457,0.000000
56634,0,0.001457,0.000000
56635,0,0.001456,0.000000
56636,0,0.001456,0.000000
56637,0,0.001456,0.000000
56638,0,0.001456,0.000000
56639,0,0.001455,0.000000
56640,0,0.001455,0.000000
56641,0,0.001455,0.000000
56642,0,0.001455,0.000000
56643,0,0.001455,0.000000
56644,0,0.001454,0.000000
56645,0,0.001454,0.000000
56646,0,0.001454,0.000000
56647,0,0.001454,0.000000
56648,0,0.001453,0.000000
56649,0,0.001453,0.000000
56650,0,0.001453,0.000000
56651,0,0.001453,0.000000
56652,0,0.001453,0.000000
56653,0,0.001452,0.000000
56654,0,0.001452,0.000000
56655,0,0.001452,0.000000
56656,0,0.001452,0.000000
56657,0,0.001451,0.000000
56658,0,0.001451,0.000000
56659,0,0.001451,0.000000
56660,0,0.001451,0.000000
56661,0,0.001451,0.000000
56662,0,0.001450,0.000000
56663,0,0.001450,0.000000
56664,0,0.001450,0.000000
56665,0,0.001450,0.000000
56666,0,0.001449,0.000000
56667,0,0.001449,0.000000
56668,0,0.001449,0.000000
56669,0,0.001449,0.000000
56670,0,0.001448,0.000000
56671,0,0.001448,0.000000
56672,0,0.001448,0.000000
56673,0,0.001448,0.000000
56674,0,0.001448,0.000000
56675,0,0.001447,0.000000
56676,0,0.001447,0.000000
56677,0,0.001447,0.000000
56678,0,0.001447,0.000000
56679,0,0.001446,0.000000
56680,0,0.001446,0.000000
56681,0,0.001446,0.000000
56682,0,0.001446,0.000000
56683,0,0.001446,0.000000
56684,0,0.001445,0.000000
56685,0,0.001445,0.000000
56686,0,0.001445,0.000000
56687,0,0.001445,0.000000
56688,0,0.001444,0.000000
56689,0,0.001444,0.000000
56690,0,0.001444,0.000000
56691,0,0.001444,0.000000
56692,0,0.001443,0.000000
56693,0,0.001443,0.000000
56694,0,0.001443,0.000000
56695,0,0.001443,0.000000
56696,0,0.001443,0.000000
56697,0,0.001442,0.000000
56698,0,0.001442,0.000000
56699,0,0.001442,0.000000
56700,0,0.001442,0.000000
56701,0,0.001441,0.000000
56702,0,0.001441,0.000000
56703,0,0.001441,0.000000
56704,0,0.001441,0.000000
56705,0,0.001441,0.000000
56706,0,0.001440,0.000000
56707,0,0.001440,0.000000
56708,0,0.001440,0.000000
56709,0,0.001440,0.000000
56710,0,0.001439,0.000000
56711,0,0.001439,0.000000
56712,0,0.001439,0.000000
56713,0,0.001439,0.000000
56714,0,0.001439,0.000000
56715,0,0.001438,0.000000
56716,0,0.001438,0.000000
56717,0,0.001438,0.000000
56718,0,0.001438,0.000000
56719,0,0.001437,0.000000
56720,0,0.001437,0.000000
56721,0,0.001437,0.000000
56722,0,0.001437,0.000000
56723,0,0.001436,0.000000
56724,0,0.001436,0.000000
56725,0,0.001436,0.000000
56726,0,0.001436,0.000000
56727,0,0.001436,0.000000
56728,0,0.001435,0.000000
56729,0,0.001435,0.000000
56730,0,0.001435,0.000000
56731,0,0.001435,0.000000
56732,0,0.001434,0.000000
56733,0,0.001434,0.000000
56734,0,0.001434,0.000000
56735,0,0.001434,0.000000
56736,0,0.001434,0.000000
56737,0,0.001433,0.000000
56738,0,0.001433,0.000000
56739,0,0.001433,0.000000
56740,0,0.001433,0.000000
56741,0,0.001432,0.000000
56742,0,0.001432,0.000000
56743,0,0.001432,0.000000
56744,0,0.001432,0.000000
56745,0,0.001432,0.000000
56746,0,0.001431,0.000000
56747,0,0.001431,0.000000
56748,0,0.001431,0.000000
56749,0,0.001431,0.000000
56750,0,0.001430,0.000000
56751,0,0.001430,0.000000
56752,0,0.001430,0.000000
56753,0,0.001430,0.000000
56754,0,0.001429,0.000000
56755,0,0.001429,0.000000
56756,0,0.001429,0.000000
56757,0,0.001429,0.000000
56758,0,0.001429,0.000000
56759,0,0.001428,0.000000
56760,0,0.001428,0.000000
56761,0,0.001428,0.000000
56762,0,0.001428,0.000000
56763,0,0.001427,0.000000
56764,0,0.001427,0.000000
56765,0,0.001427,0.000000
56766,0,0.001427,0.000000
56767,0,0.001427,0.000000
56768,0,0.001426,0.000000
56769,0,0.001426,0.000000
56770,0,0.001426,0.000000
56771,0,0.001426,0.000000
56772,0,0.001425,0.000000
56773,0,0.001425,0.000000
56774,0,0.001425,0.000000
56775,0,0.001425,0.000000
56776,0,0.001425,0.000000
56777,0,0.001424,0.000000
56778,0,0.001424,0.000000
56779,0,0.001424,0.000000
56780,0,0.001424,0.000000
56781,0,0.001423,0.000000
56782,0,0.001423,0.000000
56783,0,0.001423,0.000000
56784,0,0.001423,0.000000
56785,0,0.001422,0.000000
56786,0,0.001422,0.000000
56787,0,0.001422,0.000000
56788,0,0.001422,0.000000
56789,0,0.001422,0.000000
56790,0,0.001421,0.000000
56791,0,0.001421,0.000000
56792,0,0.001421,0.000000
56793,0,0.001421,0.000000
56794,0,0.001420,0.000000
56795,0,0.001420,0.000000
56796,0,0.001420,0.000000
56797,0,0.001420,0.000000
56798,0,0.001420,0.000000
56799,0,0.001419,0.000000
56800,0,0.001419,0.000000
56801,0,0.001419,0.000000
56802,0,0.001419,0.000000
56803,0,0.001418,0.000000
56804,0,0.001418,0.000000
56805,0,0.001418,0.000000
56806,0,0.001418,0.000000
56807,0,0.001418,0.000000
56808,0,0.001417,0.000000
56809,0,0.001417,0.000000
56810,0,0.001417,0.000000
56811,0,0.001417,0.000000
56812,0,0.001416,0.000000
56813,0,0.001416,0.000000
56814,0,0.001416,0.000000
56815,0,0.001416,0.000000
56816,0,0.001415,0.000000
56817,0,0.001415,0.000000
56818,0,0.001415,0.000000
56819,0,0.001415,0.000000
56820,0,0.001415,0.000000
56821,0,0.001414,0.000000
56822,0,0.001414,0.000000
56823,0,0.001414,0.000000
56824,0,0.001414,0.000000
56825,0,0.001413,0.000000
56826,0,0.001413,0.000000
56827,0,0.001413,0.000000
56828,0,0.001413,0.000000
56829,0,0.001413,0.000000
56830,0,0.001412,0.000000
56831,0,0.001412,0.000000
56832,0,0.001412,0.000000
56833,0,0.001412,0.000000
56834,0,0.001411,0.000000
56835,0,0.001411,0.000000
56836,0,0.001411,0.000000
56837,0,0.001411,0.000000
56838,0,0.001410,0.000000
56839,0,0.001410,0.000000
56840,0,0.001410,0.000000
56841,0,0.001410,0.000000
56842,0,0.001410,0.000000
56843,0,0.001409,0.000000
56844,0,0.001409,0.000000
56845,0,0.001409,0.000000
56846,0,0.001409,0.000000
56847,0,0.001408,0.000000
56848,0,0.001408,0.000000
56849,0,0.001408,0.000000
56850,0,0.001408,0.000000
56851,0,0.001408,0.000000
56852,0,0.001407,0.000000
56853,0,0.001407,0.000000
56854,0,0.001407,0.000000
56855,0,0.001407,0.000000
56856,0,0.001406,0.000000
56857,0,0.001406,0.000000
56858,0,0.001406,0.000000
56859,0,0.001406,0.000000
56860,0,0.001406,0.000000
56861,0,0.001405,0.000000
56862,0,0.001405,0.000000
56863,0,0.001405,0.000000
56864,0,0.001405,0.000000
56865,0,0.001404,0.000000
56866,0,0.001404,0.000000
56867,0,0.001404,0.000000
56868,0,0.001404,0.000000
56869,0,0.001403,0.000000
56870,0,0.001403,0.000000
56871,0,0.001403,0.000000
56872,0,0.001403,0.000000
56873,0,0.001403,0.000000
56874,0,0.001402,0.000000
56875,0,0.001402,0.000000
56876,0,0.001402,0.000000
56877,0,0.001402,0.000000
56878,0,0.001401,0.000000
56879,0,0.001401,0.000000
56880,0,0.001401,0.000000
56881,0,0.001401,0.000000
56882,0,0.001401,0.000000
56883,0,0.001400,0.000000
56884,0,0.001400,0.000000
56885,0,0.001400,0.000000
56886,0,0.001400,0.000000
56887,0,0.001399,0.000000
56888,0,0.001399,0.000000
56889,0,0.001399,0.000000
56890,0,0.001399,0.000000
56891,0,0.001399,0.000000
56892,0,0.001398,0.000000
56893,0,0.001398,0.000000
56894,0,0.001398,0.000000
56895,0,0.001398,0.000000
56896,0,0.001397,0.000000
56897,0,0.001397,0.000000
56898,0,0.001397,0.000000
56899,0,0.001397,0.000000
56900,0,0.001396,0.000000
56901,0,0.001396,0.000000
56902,0,0.001396,0.000000
56903,0,0.001396,0.000000
56904,0,0.001396,0.000000
56905,0,0.001395,0.000000
56906,0,0.001395,0.000000
56907,0,0.001395,0.000000
56908,0,0.001395,0.000000
56909,0,0.001394,0.000000
56910,0,0.001394,0.000000
56911,0,0.001394,0.000000
56912,0,0.001394,0.000000
56913,0,0.001394,0.000000
56914,0,0.001393,0.000000
56915,0,0.001393,0.000000
56916,0,0.001393,0.000000
56917,0,0.001393,0.000000
56918,0,0.001392,0.000000
56919,0,0.001392,0.000000
56920,0,0.001392,0.000000
56921,0,0.001392,0.000000
56922,0,0.001392,0.000000
56923,0,0.001391,0.000000
56924,0,0.001391,0.000000
56925,0,0.001391,0.000000
56926,0,0.001391,0.000000
56927,0,0.001390,0.000000
56928,0,0.001390,0.000000
56929,0,0.001390,0.000000
56930,0,0.001390,0.000000
56931,0,0.001389,0.000000
56932,0,0.001389,0.000000
56933,0,0.001389,0.000000
56934,0,0.001389,0.000000
56935,0,0.001389,0.000000
56936,0,0.001388,0.000000
56937,0,0.001388,0.000000
56938,0,0.001388,0.000000
56939,0,0.001388,0.000000
56940,0,0.001387,0.000000
56941,0,0.001387,0.000000
56942,0,0.001387,0.000000
56943,0,0.001387,0.000000
56944,0,0.001387,0.000000
56945,0,0.001386,0.000000
56946,0,0.001386,0.000000
56947,0,0.001386,0.000000
56948,0,0.001386,0.000000
56949,0,0.001385,0.000000
56950,0,0.001385,0.000000
56951,0,0.001385,0.000000
56952,0,0.001385,0.000000
56953,0,0.001385,0.000000
56954,0,0.001384,0.000000
56955,0,0.001384,0.000000
56956,0,0.001384,0.000000
56957,0,0.001384,0.000000
56958,0,0.001383,0.000000
56959,0,0.001383,0.000000
56960,0,0.001383,0.000000
56961,0,0.001383,0.000000
56962,0,0.001382,0.000000
56963,0,0.001382,0.000000
56964,0,0.001382,0.000000
56965,0,0.001382,0.000000
56966,0,0.001382,0.000000
56967,0,0.001381,0.000000
56968,0,0.001381,0.000000
56969,0,0.001381,0.000000
56970,0,0.001381,0.000000
56971,0,0.001380,0.000000
56972,0,0.001380,0.000000
56973,0,0.001380,0.000000
56974,0,0.001380,0.000000
56975,0,0.001380,0.000000
56976,0,0.001379,0.000000
56977,0,0.001379,0.000000
56978,0,0.001379,0.000000
56979,0,0.001379,0.000000
56980,0,0.001378,0.000000
56981,0,0.001378,0.000000
56982,0,0.001378,0.000000
56983,0,0.001378,0.000000
56984,0,0.001378,0.000000
56985,0,0.001377,0.000000
56986,0,0.001377,0.000000
56987,0,0.001377,0.000000
56988,0,0.001377,0.000000
56989,0,0.001376,0.000000
56990,0,0.001376,0.000000
56991,0,0.001376,0.000000
56992,0,0.001376,0.000000
56993,0,0.001375,0.000000
56994,0,0.001375,0.000000
56995,0,0.001375,0.000000
56996,0,0.001375,0.000000
56997,0,0.001375,0.000000
56998,0,0.001374,0.000000
56999,0,0.001374,0.000000
57000,0,0.001374,0.000000
57001,0,0.001374,0.000000
57002,0,0.001373,0.000000
57003,0,0.001373,0.000000
57004,0,0.001373,0.000000
57005,0,0.001373,0.000000
57006,0,0.001373,0.000000
57007,0,0.001372,0.000000
57008,0,0.001372,0.000000
57009,0,0.001372,0.000000
57010,0,0.001372,0.000000
57011,0,0.001371,0.000000
57012,0,0.001371,0.000000
57013,0,0.001371,0.000000
57014,0,0.001371,0.000000
57015,0,0.001371,0.000000
57016,0,0.001370,0.000000
57017,0,0.001370,0.000000
57018,0,0.001370,0.000000
57019,0,0.001370,0.000000
57020,0,0.001369,0.000000
57021,0,0.001369,0.000000
57022,0,0.001369,0.000000
57023,0,0.001369,0.000000
57024,0,0.001368,0.000000
57025,0,0.001368,0.000000
57026,0,0.001368,0.000000
57027,0,0.001368,0.000000
57028,0,0.001368,0.000000
57029,0,0.001367,0.000000
57030,0,0.001367,0.000000
57031,0,0.001367,0.000000
57032,0,0.001367,0.000000
57033,0,0.001366,0.000000
57034,0,0.001366,0.000000
57035,0,0.001366,0.000000
57036,0,0.001366,0.000000
57037,0,0.001366,0.000000
57038,0,0.001365,0.000000
57039,0,0.001365,0.000000
57040,0,0.001365,0.000000
57041,0,0.001365,0.000000
57042,0,0.001364,0.000000
57043,0,0.001364,0.000000
57044,0,0.001364,0.000000
57045,0,0.001364,0.000000
57046,0,0.001364,0.000000
57047,0,0.001363,0.000000
57048,0,0.001363,0.000000
57049,0,0.001363,0.000000
57050,0,0.001363,0.000000
57051,0,0.001362,0.000000
57052,0,0.001362,0.000000
57053,0,0.001362,0.000000
57054,0,0.001362,0.000000
57055,0,0.001361,0.000000
57056,0,0.001361,0.000000
57057,0,0.001361,0.000000
57058,0,0.001361,0.000000
57059,0,0.001361,0.000000
57060,0,0.001360,0.000000
57061,0,0.001360,0.000000
57062,0,0.001360,0.000000
57063,0,0.001360,0.000000
57064,0,0.001359,0.000000
57065,0,0.001359,0.000000
57066,0,0.001359,0.000000
57067,0,0.001359,0.000000
57068,0,0.001359,0.000000
57069,0,0.001358,0.000000
57070,0,0.001358,0.000000
57071,0,0.001358,0.000000
57072,0,0.001358,0.000000
57073,0,0.001357,0.000000
57074,0,0.001357,0.000000
57075,0,0.001357,0.000000
57076,0,0.001357,0.000000
57077,0,0.001357,0.000000
57078,0,0.001356,0.000000
57079,0,0.001356,0.000000
57080,0,0.001356,0.000000
57081,0,0.001356,0.000000
57082,0,0.001355,0.000000
57083,0,0.001355,0.000000
57084,0,0.001355,0.000000
57085,0,0.001355,0.000000
57086,0,0.001355,0.000000
57087,0,0.001354,0.000000
57088,0,0.001354,0.000000
57089,0,0.001354,0.000000
57090,0,0.001354,0.000000
57091,0,0.001353,0.000000
57092,0,0.001353,0.000000
57093,0,0.001353,0.000000
57094,0,0.001353,0.000000
57095,0,0.001352,0.000000
57096,0,0.001352,0.000000
57097,0,0.001352,0.000000
57098,0,0.001352,0.000000
57099,0,0.001352,0.000000
57100,0,0.001351,0.000000
57101,0,0.001351,0.000000
57102,0,0.001351,0.000000
57103,0,0.001351,0.000000
57104,0,0.001350,0.000000
57105,0,0.001350,0.000000
57106,0,0.001350,0.000000
57107,0,0.001350,0.000000
57108,0,0.001350,0.000000
57109,0,0.001349,0.000000
57110,0,0.001349,0.000000
57111,0,0.001349,0.000000
57112,0,0.001349,0.000000
57113,0,0.001348,0.000000
57114,0,0.001348,0.000000
57115,0,0.001348,0.000000
57116,0,0.001348,0.000000
57117,0,0.001348,0.000000
57118,0,0.001347,0.000000
57119,0,0.001347,0.000000
57120,0,0.001347,0.000000
57121,0,0.001347,0.000000
57122,0,0.001346,0.000000
57123,0,0.001346,0.000000
57124,0,0.001346,0.000000
57125,0,0.001346,0.000000
57126,0,0.001346,0.000000
57127,0,0.001345,0.000000
57128,0,0.001345,0.000000
57129,0,0.001345,0.000000
57130,0,0.001345,0.000000
57131,0,0.001344,0.000000
57132,0,0.001344,0.000000
57133,0,0.001344,0.000000
57134,0,0.001344,0.000000
57135,0,0.001343,0.000000
57136,0,0.001343,0.000000
57137,0,0.001343,0.000000
57138,0,0.001343,0.000000
57139,0,0.001343,0.000000
57140,0,0.001342,0.000000
57141,0,0.001342,0.000000
57142,0,0.001342,0.000000
57143,0,0.001342,0.000000
57144,0,0.001341,0.000000
57145,0,0.001341,0.000000
57146,0,0.001341,0.000000
57147,0,0.001341,0.000000
57148,0,0.001341,0.000000
57149,0,0.001340,0.000000
57150,0,0.001340,0.000000
57151,0,0.001340,0.000000
57152,0,0.001340,0.000000
57153,0,0.001339,0.000000
57154,0,0.001339,0.000000
57155,0,0.001339,0.000000
57156,0,0.001339,0.000000
57157,0,0.001339,0.000000
57158,0,0.001338,0.000000
57159,0,0.001338,0.000000
57160,0,0.001338,0.000000
57161,0,0.001338,0.000000
57162,0,0.001337,0.000000
57163,0,0.001337,0.000000
57164,0,0.001337,0.000000
57165,0,0.001337,0.000000
57166,0,0.001337,0.000000
57167,0,0.001336,0.000000
57168,0,0.001336,0.000000
57169,0,0.001336,0.000000
57170,0,0.001336,0.000000
57171,0,0.001335,0.000000
57172,0,0.001335,0.000000
57173,0,0.001335,0.000000
57174,0,0.001335,0.000000
57175,0,0.001334,0.000000
57176,0,0.001334,0.000000
57177,0,0.001334,0.000000
57178,0,0.001334,0.000000
57179,0,0.001334,0.000000
57180,0,0.001333,0.000000
57181,0,0.001333,0.000000
57182,0,0.001333,0.000000
57183,0,0.001333,0.000000
57184,0,0.001332,0.000000
57185,0,0.001332,0.000000
57186,0,0.001332,0.000000
57187,0,0.001332,0.000000
57188,0,0.001332,0.000000
57189,0,0.001331,0.000000
57190,0,0.001331,0.000000
57191,0,0.001331,0.000000
57192,0,0.001331,0.000000
57193,0,0.001330,0.000000
57194,0,0.001330,0.000000
57195,0,0.001330,0.000000
57196,0,0.001330,0.000000
57197,0,0.001330,0.000000
57198,0,0.001329,0.000000
57199,0,0.001329,0.000000
57200,0,0.001329,0.000000
57201,0,0.001329,0.000000
57202,0,0.001328,0.000000
57203,0,0.001328,0.000000
57204,0,0.001328,0.000000
57205,0,0.001328,0.000000
57206,0,0.001328,0.000000
57207,0,0.001327,0.000000
57208,0,0.001327,0.000000
57209,0,0.001327,0.000000
57210,0,0.001327,0.000000
57211,0,0.001326,0.000000
57212,0,0.001326,0.000000
57213,0,0.001326,0.000000
57214,0,0.001326,0.000000
57215,0,0.001326,0.000000
57216,0,0.001325,0.000000
57217,0,0.001325,0.000000
57218,0,0.001325,0.000000
57219,0,0.001325,0.000000
57220,0,0.001324,0.000000
57221,0,0.001324,0.000000
57222,0,0.001324,0.000000
57223,0,0.001324,0.000000
57224,0,0.001323,0.000000
57225,0,0.001323,0.000000
57226,0,0.001323,0.000000
57227,0,0.001323,0.000000
57228,0,0.001323,0.000000
57229,0,0.001322,0.000000
57230,0,0.001322,0.000000
57231,0,0.001322,0.000000
57232,0,0.001322,0.000000
57233,0,0.001321,0.000000
57234,0,0.001321,0.000000
57235,0,0.001321,0.000000
57236,0,0.001321,0.000000
57237,0,0.001321,0.000000
57238,0,0.001320,0.000000
57239,0,0.001320,0.000000
57240,0,0.001320,0.000000
57241,0,0.001320,0.000000
57242,0,0.001319,0.000000
57243,0,0.001319,0.000000
57244,0,0.001319,0.000000
57245,0,0.001319,0.000000
57246,0,0.001319,0.000000
57247,0,0.001318,0.000000
57248,0,0.001318,0.000000
57249,0,0.001318,0.000000
57250,0,0.001318,0.000000
57251,0,0.001317,0.000000
57252,0,0.001317,0.000000
57253,0,0.001317,0.000000
57254,0,0.001317,0.000000
57255,0,0.001317,0.000000
57256,0,0.001316,0.000000
57257,0,0.001316,0.000000
57258,0,0.001316,0.000000
57259,0,0.001316,0.000000
57260,0,0.001315,0.000000
57261,0,0.001315,0.000000
57262,0,0.001315,0.000000
57263,0,0.001315,0.000000
57264,0,0.001315,0.000000
57265,0,0.001314,0.000000
57266,0,0.001314,0.000000
57267,0,0.001314,0.000000
57268,0,0.001314,0.000000
57269,0,0.001313,0.000000
57270,0,0.001313,0.000000
57271,0,0.001313,0.000000
57272,0,0.001313,0.000000
57273,0,0.001313,0.000000
57274,0,0.001312,0.000000
57275,0,0.001312,0.000000
57276,0,0.001312,0.000000
57277,0,0.001312,0.000000
57278,0,0.001311,0.000000
57279,0,0.001311,0.000000
57280,0,0.001311,0.000000
57281,0,0.001311,0.000000
57282,0,0.001310,0.000000
57283,0,0.001310,0.000000
57284,0,0.001310,0.000000
57285,0,0.001310,0.000000
57286,0,0.001310,0.000000
57287,0,0.001309,0.000000
57288,0,0.001309,0.000000
57289,0,0.001309,0.000000
57290,0,0.001309,0.000000
57291,0,0.001308,0.000000
57292,0,0.001308,0.000000
57293,0,0.001308,0.000000
57294,0,0.001308,0.000000
57295,0,0.001308,0.000000
57296,0,0.001307,0.000000
57297,0,0.001307,0.000000
57298,0,0.001307,0.000000
57299,0,0.001307,0.000000
57300,0,0.001306,0.000000
57301,0,0.001306,0.000000
57302,0,0.001306,0.000000
57303,0,0.001306,0.000000
57304,0,0.001306,0.000000
57305,0,0.001305,0.000000
57306,0,0.001305,0.000000
57307,0,0.001305,0.000000
57308,0,0.001305,0.000000
57309,0,0.001304,0.000000
57310,0,0.001304,0.000000
57311,0,0.001304,0.000000
57312,0,0.001304,0.000000
57313,0,0.001304,0.000000
57314,0,0.001303,0.000000
57315,0,0.001303,0.000000
57316,0,0.001303,0.000000
57317,0,0.001303,0.000000
57318,0,0.001302,0.000000
57319,0,0.001302,0.000000
57320,0,0.001302,0.000000
57321,0,0.001302,0.000000
57322,0,0.001302,0.000000
57323,0,0.001301,0.000000
57324,0,0.001301,0.000000
57325,0,0.001301,0.000000
57326,0,0.001301,0.000000
57327,0,0.001300,0.000000
57328,0,0.001300,0.000000
57329,0,0.001300,0.000000
57330,0,0.001300,0.000000
57331,0,0.001300,0.000000
57332,0,0.001299,0.000000
57333,0,0.001299,0.000000
57334,0,0.001299,0.000000
57335,0,0.001299,0.000000
57336,0,0.001298,0.000000
57337,0,0.001298,0.000000
57338,0,0.001298,0.000000
57339,0,0.001298,0.000000
57340,0,0.001298,0.000000
57341,0,0.001297,0.000000
57342,0,0.001297,0.000000
57343,0,0.001297,0.000000
57344,0,0.001297,0.000000
57345,0,0.001296,0.000000
57346,0,0.001296,0.000000
57347,0,0.001296,0.000000
57348,0,0.001296,0.000000
57349,0,0.001296,0.000000
57350,0,0.001295,0.000000
57351,0,0.001295,0.000000
57352,0,0.001295,0.000000
57353,0,0.001295,0.000000
57354,0,0.001294,0.000000
57355,0,0.001294,0.000000
57356,0,0.001294,0.000000
57357,0,0.001294,0.000000
57358,0,0.001294,0.000000
57359,0,0.001293,0.000000
57360,0,0.001293,0.000000
57361,0,0.001293,0.000000
57362,0,0.001293,0.000000
57363,0,0.001292,0.000000
57364,0,0.001292,0.000000
57365,0,0.001292,0.000000
57366,0,0.001292,0.000000
57367,0,0.001292,0.000000
57368,0,0.001291,0.000000
57369,0,0.001291,0.000000
57370,0,0.001291,0.000000
57371,0,0.001291,0.000000
57372,0,0.001290,0.000000
57373,0,0.001290,0.000000
57374,0,0.001290,0.000000
57375,0,0.001290,0.000000
57376,0,0.001290,0.000000
57377,0,0.001289,0.000000
57378,0,0.001289,0.000000
57379,0,0.001289,0.000000
57380,0,0.001289,0.000000
57381,0,0.001288,0.000000
57382,0,0.001288,0.000000
57383,0,0.001288,0.000000
57384,0,0.001288,0.000000
57385,0,0.001287,0.000000
57386,0,0.001287,0.000000
57387,0,0.001287,0.000000
57388,0,0.001287,0.000000
57389,0,0.001287,0.000000
57390,0,0.001286,0.000000
57391,0,0.001286,0.000000
57392,0,0.001286,0.000000
57393,0,0.001286,0.000000
57394,0,0.001285,0.000000
57395,0,0.001285,0.000000
57396,0,0.001285,0.000000
57397,0,0.001285,0.000000
57398,0,0.001285,0.000000
57399,0,0.001284,0.000000
57400,0,0.001284,0.000000
57401,0,0.001284,0.000000
57402,0,0.001284,0.000000
57403,0,0.001283,0.000000
57404,0,0.001283,0.000000
57405,0,0.001283,0.000000
57406,0,0.001283,0.000000
57407,0,0.001283,0.000000
57408,0,0.001282,0.000000
57409,0,0.001282,0.000000
57410,0,0.001282,0.000000
57411,0,0.001282,0.000000
57412,0,0.001281,0.000000
57413,0,0.001281,0.000000
57414,0,0.001281,0.000000
57415,0,0.001281,0.000000
57416,0,0.001281,0.000000
57417,0,0.001280,0.000000
57418,0,0.001280,0.000000
57419,0,0.001280,0.000000
57420,0,0.001280,0.000000
57421,0,0.001279,0.000000
57422,0,0.001279,0.000000
57423,0,0.001279,0.000000
57424,0,0.001279,0.000000
57425,0,0.001279,0.000000
57426,0,0.001278,0.000000
57427,1,0.001278,0.000000
57428,0,0.001311,0.000000
57429,0,0.001342,0.000000
57430,0,0.001370,0.000000
57431,0,0.001396,0.000000
57432,0,0.001420,0.000000
57433,0,0.001442,0.000000
57434,0,0.001463,0.000000
57435,0,0.001481,0.000000
57436,0,0.001499,0.000000
57437,0,0.001515,0.000000
57438,0,0.001529,0.000000
57439,0,0.001543,0.000000
57440,0,0.001555,0.000000
57441,0,0.001567,0.000000
57442,0,0.001578,0.000000
57443,0,0.001588,0.000000
57444,0,0.001597,0.000000
57445,0,0.001605,0.000000
57446,0,0.001613,0.000000
57447,0,0.001620,0.000040
57448,0,0.001626,0.000183
57449,0,0.001632,0.000409
57450,0,0.001637,0.000698
57451,0,0.001642,0.001036
57452,0,0.001646,0.001407
57453,0,0.001650,0.001800
57454,0,0.001654,0.002204
57455,0,0.001657,0.002609
57456,0,0.001660,0.003007
57457,0,0.001662,0.003380
57458,0,0.001665,0.003700
57459,0,0.001667,0.003954
57460,0,0.001668,0.004136
57461,0,0.001670,0.004246
57462,0,0.001671,0.004290
57463,0,0.001673,0.004275
57464,0,0.001674,0.004210
57465,0,0.001675,0.004105
57466,0,0.001676,0.003968
57467,0,0.001676,0.003809
57468,0,0.001677,0.003636
57469,0,0.001678,0.003456
57470,0,0.001678,0.003274
57471,0,0.001679,0.003095
57472,0,0.001679,0.002925
57473,0,0.001680,0.002765
57474,0,0.001680,0.002618
57475,0,0.001680,0.002485
57476,0,0.001680,0.002366
57477,0,0.001680,0.002263
57478,0,0.001681,0.002175
57479,0,0.001681,0.002100
57480,0,0.001681,0.002039
57481,0,0.001681,0.001988
57482,0,0.001681,0.001948
57483,0,0.001681,0.001917
57484,0,0.001681,0.001892
57485,0,0.001681,0.001873
57486,0,0.001681,0.001857
57487,0,0.001680,0.001839
57488,0,0.001680,0.001814
57489,0,0.001680,0.001780
57490,0,0.001680,0.001736
57491,0,0.001680,0.001683
57492,0,0.001680,0.001621
57493,0,0.001680,0.001553
57494,0,0.001679,0.001480
57495,0,0.001679,0.001404
57496,0,0.001679,0.001325
57497,0,0.001679,0.001247
57498,0,0.001679,0.001170
57499,0,0.001678,0.001096
57500,0,0.001678,0.001025
57501,0,0.001678,0.000958
57502,0,0.001678,0.000895
57503,0,0.001678,0.000837
57504,0,0.001677,0.000784
57505,0,0.001677,0.000737
57506,0,0.001677,0.000694
57507,0,0.001677,0.000657
57508,0,0.001676,0.000623
57509,0,0.001676,0.000594
57510,0,0.001676,0.000569
57511,0,0.001676,0.000548
57512,0,0.001675,0.000529
57513,0,0.001675,0.000513
57514,0,0.001675,0.000499
57515,0,0.001675,0.000487
57516,0,0.001674,0.000476
57517,0,0.001674,0.000464
57518,0,0.001674,0.000450
57519,0,0.001674,0.000435
57520,0,0.001673,0.000419
57521,0,0.001673,0.000401
57522,0,0.001673,0.000382
57523,0,0.001673,0.000363
57524,0,0.001672,0.000343
57525,0,0.001672,0.000322
57526,0,0.001672,0.000303
57527,0,0.001672,0.000283
57528,0,0.001671,0.000265
57529,0,0.001671,0.000247
57530,0,0.001671,0.000230
57531,0,0.001671,0.000214
57532,0,0.001670,0.000200
57533,0,0.001670,0.000187
57534,0,0.001670,0.000175
57535,0,0.001670,0.000165
57536,0,0.001669,0.000155
57537,0,0.001669,0.000147
57538,0,0.001669,0.000139
57539,0,0.001669,0.000133
57540,0,0.001668,0.000128
57541,0,0.001668,0.000123
57542,0,0.001668,0.000119
57543,0,0.001668,0.000115
57544,0,0.001667,0.000112
57545,0,0.001667,0.000109
57546,0,0.001667,0.000106
57547,0,0.001667,0.000102
57548,0,0.001666,0.000099
57549,0,0.001666,0.000095
57550,0,0.001666,0.000090
57551,0,0.001666,0.000086
57552,0,0.001665,0.000081
57553,0,0.001665,0.000077
57554,0,0.001665,0.000072
57555,0,0.001664,0.000068
57556,0,0.001664,0.000063
57557,0,0.001664,0.000059
57558,0,0.001664,0.000055
57559,0,0.001663,0.000051
57560,0,0.001663,0.000048
57561,0,0.001663,0.000045
57562,0,0.001663,0.000042
57563,0,0.001662,0.000039
57564,0,0.001662,0.000037
57565,0,0.001662,0.000035
57566,0,0.001662,0.000033
57567,0,0.001661,0.000031
57568,0,0.001661,0.000030
57569,0,0.001661,0.000028
57570,0,0.001661,0.000027
57571,0,0.001660,0.000026
57572,0,0.001660,0.000026
57573,0,0.001660,0.000025
57574,0,0.001660,0.000024
57575,0,0.001659,0.000023
57576,0,0.001659,0.000023
57577,0,0.001659,0.000022
57578,0,0.001659,0.000021
57579,0,0.001658,0.000020
57580,0,0.001658,0.000019
57581,0,0.001658,0.000018
57582,0,0.001658,0.000017
57583,0,0.001657,0.000016
57584,0,0.001657,0.000015
57585,0,0.001657,0.000014
57586,0,0.001656,0.000013
57587,0,0.001656,0.000012
57588,0,0.001656,0.000011
57589,0,0.001656,0.000010
57590,0,0.001655,0.000010
57591,0,0.001655,0.000009
57592,0,0.001655,0.000009
57593,0,0.001655,0.000008
57594,0,0.001654,0.000008
57595,0,0.001654,0.000007
57596,0,0.001654,0.000007
57597,0,0.001654,0.000007
57598,0,0.001653,0.000006
57599,0,0.001653,0.000006
57600,0,0.001653,0.000006
57601,0,0.001653,0.000006
57602,0,0.001652,0.000005
57603,0,0.001652,0.000005
57604,0,0.001652,0.000005
57605,0,0.001652,0.000005
57606,0,0.001651,0.000005
57607,0,0.001651,0.000005
57608,0,0.001651,0.000004
57609,0,0.001651,0.000004
57610,0,0.001650,0.000004
57611,0,0.001650,0.000004
57612,0,0.001650,0.000003
57613,0,0.001650,0.000003
57614,0,0.001649,0.000003
57615,0,0.001649,0.000003
57616,0,0.001649,0.000003
57617,0,0.001649,0.000002
57618,0,0.001648,0.000002
57619,0,0.001648,0.000002
57620,0,0.001648,0.000002
57621,0,0.001647,0.000002
57622,0,0.001647,0.000002
57623,0,0.001647,0.000002
57624,0,0.001647,0.000002
57625,0,0.001646,0.000001
57626,0,0.001646,0.000001
57627,0,0.001646,0.000001
57628,1,0.001646,0.000001
57629,0,0.001684,0.000001
57630,0,0.001720,0.000001
57631,0,0.001753,0.000001
57632,0,0.001783,0.000000
57633,0,0.001811,0.000000
57634,0,0.001836,0.000000
57635,0,0.001860,0.000000
57636,0,0.001881,0.000000
57637,0,0.001901,0.000000
57638,0,0.001918,0.000000
57639,0,0.001935,0.000000
57640,0,0.001950,0.000000
57641,0,0.001964,0.000000
57642,0,0.001977,0.000000
57643,0,0.001988,0.000000
57644,0,0.001999,0.000000
57645,0,0.002009,0.000000
57646,0,0.002018,0.000000
57647,0,0.002026,0.000000
57648,0,0.002034,0.000024
57649,0,0.002041,0.000121
57650,0,0.002047,0.000276
57651,0,0.002053,0.000478
57652,0,0.002058,0.000715
57653,0,0.002063,0.000979
57654,0,0.002067,0.001261
57655,0,0.002071,0.001555
57656,0,0.002074,0.001855
57657,0,0.002077,0.002154
57658,0,0.002080,0.002448
57659,0,0.002083,0.002733
57660,0,0.002085,0.003005
57661,0,0.002087,0.003260
57662,0,0.002088,0.003495
57663,0,0.002090,0.003694
57664,0,0.002091,0.003845
57665,0,0.002092,0.003943
57666,0,0.002093,0.003990
57667,0,0.002094,0.003989
57668,0,0.002095,0.003945
57669,0,0.002096,0.003864
57670,0,0.002096,0.003752
57671,0,0.002097,0.003617
57672,0,0.002097,0.003464
57673,0,0.002098,0.003299
57674,0,0.002098,0.003128
57675,0,0.002098,0.002955
57676,1,0.002098,0.002364
57677,0,0.002145,0.001891
57678,0,0.002188,0.001513
57679,0,0.002227,0.001210
57680,0,0.002263,0.000968
57681,0,0.002296,0.000775
57682,0,0.002326,0.000620
57683,0,0.002354,0.000496
57684,0,0.002379,0.000397
57685,0,0.002402,0.000317
57686,0,0.002423,0.000254
57687,0,0.002442,0.000203
57688,0,0.002459,0.000162
57689,0,0.002475,0.000153
57690,0,0.002489,0.000185
57691,0,0.002502,0.000243
57692,0,0.002515,0.000320
57693,0,0.002526,0.000410
57694,0,0.002536,0.000511
57695,0,0.002545,0.000621
57696,0,0.002553,0.000740
57697,0,0.002561,0.000867
57698,0,0.002568,0.001002
57699,0,0.002574,0.001146
57700,0,0.002580,0.001296
57701,0,0.002585,0.001453
57702,0,0.002589,0.001616
57703,0,0.002594,0.001782
57704,0,0.002597,0.001951
57705,0,0.002601,0.002122
57706,0,0.002604,0.002291
57707,0,0.002607,0.002458
57708,0,0.002609,0.002620
57709,0,0.002611,0.002777
57710,0,0.002613,0.002926
57711,0,0.002615,0.003065
57712,0,0.002616,0.003194
57713,0,0.002617,0.003311
57714,0,0.002618,0.003414
57715,0,0.002619,0.003504
57716,0,0.002620,0.003574
57717,0,0.002621,0.003616
57718,0,0.002621,0.003627
57719,0,0.002622,0.003605
57720,0,0.002622,0.003554
57721,0,0.002623,0.003477
57722,0,0.002623,0.003376
57723,0,0.002623,0.003256
57724,0,0.002623,0.003122
57725,0,0.002623,0.002977
57726,0,0.002623,0.002826
57727,0,0.002623,0.002671
57728,0,0.002623,0.002516
57729,0,0.002623,0.002363
57730,0,0.002622,0.002214
57731,0,0.002622,0.002071
57732,0,0.002622,0.001935
57733,0,0.002622,0.001807
57734,0,0.002621,0.001688
57735,0,0.002621,0.001577
57736,0,0.002621,0.001476
57737,0,0.002621,0.001384
57738,0,0.002620,0.001301
57739,0,0.002620,0.001226
57740,0,0.002620,0.001159
57741,0,0.002619,0.001099
57742,0,0.002619,0.001047
57743,0,0.002618,0.001001
57744,0,0.002618,0.000960
57745,1,0.002618,0.000768
57746,0,0.002672,0.000615
57747,0,0.002722,0.000492
57748,0,0.002768,0.000393
57749,0,0.002810,0.000315
57750,0,0.002849,0.000252
57751,0,0.002884,0.000201
57752,0,0.002916,0.000161
57753,0,0.002945,0.000129
57754,0,0.002972,0.000103
57755,0,0.002996,0.000082
57756,0,0.003018,0.000066
57757,0,0.003038,0.000053
57758,0,0.003057,0.000042
57759,0,0.003073,0.000034
57760,0,0.003089,0.000027
57761,0,0.003102,0.000022
57762,0,0.003115,0.000031
57763,1,0.003127,0.000025
57764,0,0.003193,0.000020
57765,0,0.003255,0.000016
57766,0,0.003311,0.000013
57767,0,0.003363,0.000010
57768,0,0.003411,0.000008
57769,0,0.003455,0.000006
57770,0,0.003495,0.000005
57771,0,0.003531,0.000004
57772,0,0.003565,0.000003
57773,0,0.003596,0.000003
57774,0,0.003625,0.000036
57775,0,0.003651,0.000174
57776,0,0.003675,0.000379
57777,0,0.003697,0.000628
57778,0,0.003717,0.000902
57779,0,0.003735,0.001190
57780,0,0.003752,0.001482
57781,0,0.003768,0.001774
57782,1,0.003782,0.001420
57783,0,0.003861,0.001136
57784,0,0.003935,0.000909
57785,0,0.004002,0.000727
57786,0,0.004065,0.000581
57787,0,0.004121,0.000465
57788,0,0.004174,0.000372
57789,0,0.004222,0.000298
57790,0,0.004265,0.000449
57791,0,0.004305,0.000743
57792,0,0.004342,0.001117
57793,0,0.004376,0.001531
57794,0,0.004407,0.001955
57795,0,0.004435,0.002371
57796,0,0.004460,0.002766
57797,0,0.004484,0.003135
57798,0,0.004505,0.003474
57799,0,0.004525,0.003782
57800,0,0.004543,0.004060
57801,0,0.004559,0.004309
57802,0,0.004573,0.004532
57803,1,0.004587,0.003626
57804,0,0.004682,0.002900
57805,0,0.004769,0.002320
57806,0,0.004849,0.001856
57807,0,0.004923,0.001485
57808,0,0.004990,0.001188
57809,0,0.005051,0.000970
57810,0,0.005108,0.001038
57811,0,0.005159,0.001284
57812,0,0.005206,0.001634
57813,1,0.005248,0.001307
57814,0,0.005372,0.001046
57815,0,0.005486,0.000836
57816,0,0.005591,0.000669
57817,0,0.005688,0.000535
57818,0,0.005777,0.000428
57819,0,0.005859,0.000343
57820,0,0.005934,0.000469
57821,0,0.006003,0.000769
57822,0,0.006066,0.001167
57823,0,0.006124,0.001611
57824,0,0.006177,0.002066
57825,0,0.006226,0.002508
57826,0,0.006271,0.002923
57827,0,0.006312,0.003306
57828,0,0.006350,0.003651
57829,0,0.006384,0.003961
57830,0,0.006416,0.004235
57831,0,0.006445,0.004477
57832,0,0.006471,0.004690
57833,0,0.006496,0.004878
57834,0,0.006518,0.005043
57835,0,0.006538,0.005189
57836,0,0.006556,0.005318
57837,0,0.006572,0.005433
57838,0,0.006587,0.005534
57839,0,0.006601,0.005624
57840,0,0.006613,0.005704
57841,0,0.006624,0.005774
57842,0,0.006633,0.005834
57843,0,0.006642,0.005886
57844,0,0.006650,0.005929
57845,0,0.006656,0.005963
57846,0,0.006662,0.005988
57847,0,0.006667,0.006004
57848,0,0.006672,0.006011
57849,0,0.006675,0.006009
57850,0,0.006678,0.005997
57851,0,0.006681,0.005976
57852,0,0.006683,0.005945
57853,0,0.006685,0.005905
57854,0,0.006686,0.005855
57855,0,0.006686,0.005795
57856,0,0.006687,0.005727
57857,0,0.006687,0.005649
57858,0,0.006687,0.005563
57859,0,0.006686,0.005469
57860,0,0.006685,0.005367
57861,0,0.006685,0.005257
57862,0,0.006683,0.005135
57863,0,0.006682,0.004996
57864,0,0.006681,0.004841
57865,0,0.006679,0.004671
57866,0,0.006678,0.004487
57867,0,0.006676,0.004293
57868,0,0.006674,0.004090
57869,0,0.006672,0.003883
57870,0,0.006670,0.003673
57871,0,0.006668,0.003463
57872,0,0.006665,0.003255
57873,0,0.006663,0.003052
57874,0,0.006661,0.002854
57875,0,0.006659,0.002662
57876,0,0.006656,0.002479
57877,0,0.006654,0.002305
57878,0,0.006651,0.002140
57879,0,0.006649,0.001985
57880,1,0.006646,0.001588
57881,0,0.006776,0.001271
57882,0,0.006896,0.001017
57883,0,0.007004,0.000813
57884,0,0.007104,0.000651
57885,0,0.007194,0.000520
57886,0,0.007276,0.000416
57887,0,0.007351,0.000333
57888,0,0.007418,0.000266
57889,0,0.007480,0.000213
57890,0,0.007535,0.000171
57891,0,0.007585,0.000136
57892,0,0.007630,0.000165
57893,0,0.007671,0.000248
57894,0,0.007708,0.000360
57895,0,0.007741,0.000484
57896,0,0.007771,0.000610
57897,0,0.007798,0.000731
57898,0,0.007822,0.000843
57899,0,0.007843,0.000946
57900,0,0.007863,0.001039
57901,0,0.007880,0.001123
57902,0,0.007895,0.001200
57903,0,0.007909,0.001270
57904,0,0.007921,0.001335
57905,0,0.007932,0.001396
57906,0,0.007941,0.001454
57907,0,0.007949,0.001511
57908,0,0.007956,0.001566
57909,0,0.007963,0.001621
57910,0,0.007968,0.001675
57911,1,0.007972,0.001340
57912,0,0.008124,0.001072
57913,0,0.008263,0.000857
57914,0,0.008390,0.000686
57915,1,0.008505,0.000549
57916,0,0.008737,0.000439
57917,0,0.008950,0.000351
57918,0,0.009147,0.000281
57919,0,0.009328,0.000225
57920,0,0.009494,0.000180
57921,0,0.009647,0.000144
57922,0,0.009787,0.000115
57923,0,0.009914,0.000092
57924,1,0.010032,0.000074
57925,0,0.010283,0.000059
57926,0,0.010515,0.000047
57927,0,0.010729,0.000038
57928,0,0.010927,0.000030
57929,0,0.011109,0.000024
57930,0,0.011276,0.000019
57931,0,0.011431,0.000015
57932,1,0.011573,0.000012
57933,0,0.011864,0.000010
57934,0,0.012133,0.000008
57935,0,0.012382,0.000006
57936,0,0.012613,0.000005
57937,0,0.012827,0.000004
57938,0,0.013025,0.000003
57939,0,0.013208,0.000100
57940,0,0.013377,0.000401
57941,0,0.013534,0.000823
57942,0,0.013679,0.001309
57943,0,0.013814,0.001819
57944,0,0.013938,0.002328
57945,0,0.014053,0.002819
57946,0,0.014160,0.003281
57947,0,0.014259,0.003711
57948,0,0.014350,0.004106
57949,1,0.014435,0.003285
57950,0,0.014738,0.002628
57951,0,0.015017,0.002102
57952,0,0.015274,0.001682
57953,0,0.015512,0.001345
57954,0,0.015730,0.001178
57955,0,0.015931,0.001340
57956,0,0.016115,0.001713
57957,0,0.016284,0.002209
57958,0,0.016440,0.002766
57959,0,0.016582,0.003341
57960,1,0.016713,0.002673
57961,1,0.017090,0.002138
57962,0,0.017654,0.001711
57963,0,0.018178,0.001368
57964,0,0.018664,0.001095
57965,0,0.019116,0.000876
57966,0,0.019534,0.000701
57967,1,0.019920,0.000561
57968,0,0.020529,0.000448
57969,0,0.021095,0.000359
57970,0,0.021622,0.000287
57971,0,0.022111,0.000230
57972,0,0.022566,0.000265
57973,0,0.022987,0.000687
57974,1,0.023378,0.000550
57975,1,0.024039,0.000440
57976,0,0.024920,0.000352
57977,0,0.025745,0.000281
57978,1,0.026519,0.000225
57979,0,0.027521,0.000180
57980,0,0.028464,0.000144
57981,1,0.029351,0.000115
57982,0,0.030480,0.000092
57983,0,0.031545,0.000074
57984,0,0.032551,0.000059
57985,0,0.033500,0.000047
57986,1,0.034396,0.000038
57987,0,0.035595,0.000030
57988,1,0.036730,0.000024
57989,1,0.038154,0.000019
57990,0,0.039839,0.000015
57991,0,0.041446,0.000012
57992,1,0.042979,0.000010
57993,1,0.044809,0.000008
57994,1,0.046914,0.000006
57995,1,0.049282,0.000005
57996,1,0.051905,0.000004
57997,0,0.054779,0.000003
57998,0,0.057567,0.000003
57999,0,0.060276,0.000002
58000,0,0.062915,0.000002
58001,0,0.065494,0.000001
58002,0,0.068022,0.000001
58003,0,0.070509,0.000463
58004,1,0.072964,0.000370
58005,1,0.075893,0.000296
58006,0,0.079265,0.000237
58007,1,0.082587,0.000190
58008,0,0.086374,0.000152
58009,0,0.090113,0.000121
58010,0,0.093819,0.000207
58011,1,0.097504,0.000166
58012,0,0.101773,0.000133
58013,0,0.106015,0.000303
58014,0,0.110240,0.000845
58015,1,0.114462,0.000676
58016,1,0.119404,0.000541
58017,1,0.125023,0.000433
58018,1,0.131289,0.000346
58019,0,0.138183,0.000277
58020,0,0.145020,0.000222
58021,1,0.151823,0.000177
58022,1,0.159371,0.000142
58023,0,0.167642,0.000113
58024,1,0.175882,0.000091
58025,1,0.184895,0.000073
58026,0,0.194664,0.000058
58027,1,0.204423,0.000046
58028,0,0.214986,0.000037
58029,1,0.225573,0.000030
58030,0,0.237010,0.000024
58031,1,0.248504,0.000019
58032,0,0.260889,0.000015
58033,0,0.273361,0.000012
58034,1,0.285956,0.000010
58035,0,0.299544,0.000008
58036,1,0.313256,0.000006
58037,0,0.327993,0.000005
58038,0,0.342850,0.000209
58039,1,0.357848,0.000167
58040,1,0.373966,0.000134
58041,1,0.391156,0.000107
58042,1,0.409363,0.000086
58043,0,0.428525,0.000068
58044,1,0.447693,0.000055
58045,1,0.467771,0.000044
58046,1,0.488679,0.000035
58047,1,0.510323,0.000028
58048,1,0.532593,0.000022
58049,1,0.555361,0.000018
58050,1,0.578479,0.000014
58051,1,0.601778,0.000011
58052,1,0.625067,0.000009
58053,0,0.648130,0.000007
58054,0,0.671755,0.000006
58055,1,0.695998,0.000033
58056,1,0.719232,0.000302
58057,1,0.741264,0.000746
58058,1,0.761885,0.001315
58059,1,0.780876,0.001971
58060,1,0.798019,0.002687
58061,1,0.813103,0.003441
58062,0,0.825938,0.003366
58063,1,0.841561,0.003630
58064,0,0.854264,0.003156
58065,1,0.870007,0.003206
58066,1,0.882293,0.003612
58067,1,0.891178,0.004248
58068,1,0.896767,0.005023
58069,1,0.899206,0.005872
58070,0,0.898680,0.005474
58071,1,0.903550,0.005568
58072,1,0.905055,0.005989
58073,0,0.903477,0.005209
58074,1,0.907596,0.005094
58075,1,0.908321,0.005422
58076,0,0.905986,0.004528
58077,1,0.909453,0.004384
58078,1,0.909602,0.004738
58079,1,0.906789,0.005405
58080,1,0.901360,0.006252
58081,1,0.893650,0.007183
58082,1,0.883975,0.008136
58083,1,0.872631,0.009065
58084,1,0.859890,0.009944
58085,1,0.846002,0.010756
58086,1,0.831192,0.011493
58087,1,0.815663,0.012154
58088,1,0.799596,0.012738
58089,1,0.783150,0.013251
58090,1,0.766466,0.013696
58091,1,0.749667,0.014080
58092,1,0.732856,0.014409
58093,1,0.716125,0.014688
58094,0,0.699551,0.012572
58095,1,0.691520,0.011341
58096,1,0.682764,0.010737
58097,1,0.673411,0.010566
58098,1,0.663573,0.010685
58099,1,0.653354,0.010986
58100,1,0.642846,0.011393
58101,1,0.632130,0.011849
58102,1,0.621280,0.012317
58103,0,0.610359,0.010044
58104,1,0.606442,0.008810
58105,1,0.601767,0.008303
58106,0,0.596437,0.006642
58107,1,0.596793,0.005314
58108,1,0.596033,0.004659
58109,1,0.594276,0.004709
58110,0,0.591633,0.003767
58111,1,0.593976,0.003014
58112,1,0.595069,0.002694
58113,1,0.595033,0.003052
58114,0,0.593981,0.002442
58115,1,0.597467,0.001953
58116,1,0.599628,0.001817
58117,1,0.600588,0.002333
58118,1,0.600462,0.003248
58119,1,0.599362,0.004378
58120,1,0.597394,0.005594
58121,1,0.594655,0.006808
58122,1,0.591237,0.007961
58123,1,0.587224,0.009017
58124,1,0.582697,0.009956
58125,1,0.577725,0.010769
58126,1,0.572375,0.011455
58127,1,0.566706,0.012020
58128,1,0.560772,0.012471
58129,1,0.554623,0.012819
58130,1,0.548302,0.013073
58131,1,0.541849,0.013247
58132,1,0.535298,0.013349
58133,1,0.528682,0.013392
58134,1,0.522028,0.013383
58135,1,0.515360,0.013332
58136,1,0.508700,0.013246
58137,1,0.502067,0.013133
58138,1,0.495477,0.012997
58139,1,0.488945,0.012845
58140,1,0.482482,0.012679
58141,1,0.476100,0.012504
58142,1,0.469806,0.012322
58143,1,0.463609,0.012136
58144,0,0.457513,0.009709
58145,0,0.455882,0.007767
58146,1,0.457881,0.006214
58147,1,0.459167,0.004971
58148,1,0.459808,0.003977
58149,1,0.459864,0.003181
58150,1,0.459396,0.002700
58151,1,0.458458,0.002784
58152,1,0.457101,0.003228
58153,1,0.455373,0.003884
58154,1,0.453317,0.004646
58155,1,0.450973,0.005438
58156,1,0.448379,0.006209
58157,1,0.445568,0.006927
58158,1,0.442571,0.007573
58159,1,0.439414,0.008134
58160,1,0.436124,0.008609
58161,1,0.432723,0.008998
58162,1,0.429232,0.009305
58163,1,0.425667,0.009536
58164,1,0.422047,0.009699
58165,1,0.418386,0.009800
58166,1,0.414697,0.009848
58167,1,0.410991,0.009849
58168,1,0.407279,0.009812
58169,1,0.403570,0.009741
58170,1,0.399871,0.009644
58171,1,0.396190,0.009525
58172,1,0.392533,0.009388
58173,1,0.388905,0.009238
58174,1,0.385311,0.009078
58175,1,0.381755,0.008910
58176,1,0.378239,0.008738
58177,1,0.374767,0.008563
58178,1,0.371342,0.008386
58179,1,0.367964,0.008210
58180,1,0.364636,0.008035
58181,0,0.361359,0.006428
58182,1,0.361152,0.005142
58183,1,0.360679,0.004114
58184,1,0.359968,0.003291
58185,1,0.359046,0.002633
58186,1,0.357935,0.002185
58187,1,0.356659,0.002117
58188,1,0.355236,0.002298
58189,1,0.353685,0.002630
58190,1,0.352024,0.003043
58191,1,0.350266,0.003487
58192,1,0.348426,0.003929
58193,1,0.346515,0.004345
58194,0,0.344546,0.003476
58195,1,0.345218,0.002781
58196,1,0.345577,0.002225
58197,1,0.345652,0.001780
58198,1,0.345473,0.001424
58199,1,0.345064,0.001204
58200,1,0.344452,0.001336
58201,1,0.343657,0.001687
58202,1,0.342700,0.002161
58203,1,0.341600,0.002692
58204,1,0.340373,0.003231
58205,1,0.339036,0.003747
58206,1,0.337601,0.004221
58207,1,0.336083,0.004641
58208,1,0.334492,0.005001
58209,1,0.332839,0.005300
58210,1,0.331133,0.005539
58211,1,0.329383,0.005723
58212,1,0.327596,0.005856
58213,1,0.325780,0.005943
58214,1,0.323940,0.005990
58215,1,0.322081,0.006001
58216,1,0.320210,0.005984
58217,1,0.318330,0.005941
58218,1,0.316445,0.005878
58219,1,0.314558,0.005798
58220,0,0.312673,0.004639
58221,1,0.313074,0.003711
58222,1,0.313247,0.002969
58223,1,0.313215,0.002375
58224,1,0.312999,0.001900
58225,1,0.312617,0.001520
58226,1,0.312088,0.001216
58227,1,0.311427,0.001218
58228,1,0.310648,0.001419
58229,1,0.309766,0.001740
58230,1,0.308792,0.002120
58231,1,0.307738,0.002521
58232,1,0.306613,0.002913
58233,1,0.305426,0.003279
58234,1,0.304186,0.003608
58235,1,0.302900,0.003894
58236,1,0.301574,0.004134
58237,1,0.300216,0.004330
58238,1,0.298830,0.004484
58239,1,0.297420,0.004598
58240,1,0.295993,0.004676
58241,1,0.294551,0.004722
58242,1,0.293097,0.004741
58243,1,0.291636,0.004736
58244,1,0.290170,0.004711
58245,1,0.288701,0.004669
58246,1,0.287232,0.004614
58247,1,0.285764,0.004547
58248,1,0.284300,0.004473
58249,1,0.282841,0.004392
58250,1,0.281388,0.004306
58251,1,0.279943,0.004217
58252,0,0.278506,0.003373
58253,1,0.278967,0.002699
58254,1,0.279246,0.002159
58255,1,0.279359,0.001727
58256,1,0.279325,0.001382
58257,1,0.279157,0.001105
58258,1,0.278869,0.000884
58259,1,0.278474,0.000707
58260,1,0.277984,0.000760
58261,1,0.277408,0.000974
58262,1,0.276756,0.001283
58263,1,0.276037,0.001636
58264,1,0.275259,0.002000
58265,1,0.274429,0.002352
58266,1,0.273553,0.002677
58267,1,0.272637,0.002967
58268,1,0.271687,0.003216
58269,1,0.270707,0.003425
58270,1,0.269701,0.003593
58271,1,0.268674,0.003723
58272,1,0.267629,0.003818
58273,1,0.266568,0.003881
58274,1,0.265496,0.003917
58275,1,0.264413,0.003929
58276,1,0.263323,0.003919
58277,1,0.262228,0.003893
58278,1,0.261129,0.003853
58279,1,0.260028,0.003801
58280,1,0.258927,0.003739
58281,1,0.257826,0.003671
58282,1,0.256727,0.003598
58283,1,0.255631,0.003521
58284,1,0.254539,0.003442
58285,1,0.253451,0.003362
58286,1,0.252369,0.003281
58287,1,0.251292,0.003201
58288,0,0.250222,0.002561
58289,1,0.250734,0.002049
58290,1,0.251095,0.001639
58291,1,0.251317,0.001311
58292,1,0.251415,0.001049
58293,1,0.251401,0.000839
58294,1,0.251286,0.000671
58295,1,0.251081,0.000537
58296,1,0.250794,0.000461
58297,1,0.250435,0.000580
58298,1,0.250011,0.000819
58299,1,0.249529,0.001122
58300,0,0.248996,0.000898
58301,1,0.249919,0.000718
58302,1,0.250654,0.000575
58303,1,0.251218,0.000460
58304,1,0.251627,0.000368
58305,1,0.251896,0.000294
58306,1,0.252039,0.000235
58307,1,0.252067,0.000271
58308,1,0.251993,0.000524
58309,1,0.251826,0.000903
58310,1,0.251577,0.001344
58311,1,0.251253,0.001802
58312,1,0.250863,0.002247
58313,1,0.250414,0.002659
58314,1,0.249912,0.003027
58315,1,0.249363,0.003344
58316,1,0.248773,0.003610
58317,1,0.248147,0.003826
58318,1,0.247488,0.003993
58319,1,0.246801,0.004117
58320,1,0.246089,0.004202
58321,1,0.245356,0.004252
58322,1,0.244604,0.004273
58323,1,0.243837,0.004268
58324,1,0.243055,0.004242
58325,1,0.242262,0.004199
58326,1,0.241460,0.004143
58327,1,0.240650,0.004076
58328,1,0.239833,0.004000
58329,1,0.239012,0.003920
58330,1,0.238186,0.003835
58331,1,0.237359,0.003748
58332,1,0.236529,0.003660
58333,1,0.235699,0.003573
58334,1,0.234869,0.003486
58335,1,0.234040,0.003401
58336,1,0.233212,0.003318
58337,1,0.232387,0.003237
58338,1,0.231564,0.003160
58339,1,0.230744,0.003085
58340,1,0.229927,0.003012
58341,1,0.229114,0.002943
58342,1,0.228305,0.002877
58343,1,0.227501,0.002813
58344,1,0.226701,0.002752
58345,1,0.225906,0.002693
58346,1,0.225115,0.002636
58347,1,0.224330,0.002582
58348,1,0.223550,0.002529
58349,1,0.222776,0.002479
58350,1,0.222007,0.002430
58351,1,0.221243,0.002382
58352,1,0.220485,0.002336
58353,1,0.219733,0.002291
58354,1,0.218986,0.002247
58355,1,0.218245,0.002204
58356,1,0.217510,0.002162
58357,1,0.216780,0.002120
58358,1,0.216056,0.002080
58359,1,0.215338,0.002040
58360,1,0.214626,0.002000
58361,1,0.213919,0.001961
58362,1,0.213218,0.001923
58363,1,0.212523,0.001885
58364,1,0.211833,0.001847
58365,1,0.211149,0.001809
58366,1,0.210471,0.001772
58367,1,0.209798,0.001736
58368,1,0.209130,0.001699
58369,1,0.208468,0.001663
58370,1,0.207811,0.001627
58371,0,0.207160,0.001302
58372,1,0.207668,0.001041
58373,0,0.208066,0.000833
58374,1,0.209489,0.000666
58375,1,0.210716,0.000533
58376,1,0.211764,0.000427
58377,1,0.212649,0.000341
58378,1,0.213385,0.000273
58379,1,0.213986,0.000218
58380,1,0.214465,0.000175
58381,1,0.214832,0.000140
58382,1,0.215098,0.000135
58383,1,0.215274,0.000384
58384,1,0.215367,0.000780
58385,1,0.215386,0.001250
58386,1,0.215339,0.001740
58387,1,0.215231,0.002217
58388,1,0.215070,0.002658
58389,1,0.214861,0.003049
58390,1,0.214608,0.003384
58391,1,0.214317,0.003661
58392,1,0.213992,0.003882
58393,1,0.213635,0.004050
58394,1,0.213252,0.004169
58395,1,0.212844,0.004245
58396,1,0.212414,0.004283
58397,1,0.211966,0.004289
58398,1,0.211500,0.004268
58399,1,0.211020,0.004225
58400,1,0.210528,0.004164
58401,1,0.210024,0.004089
58402,1,0.209510,0.004004
58403,1,0.208988,0.003911
58404,1,0.208458,0.003814
58405,1,0.207923,0.003713
58406,1,0.207382,0.003612
58407,0,0.206837,0.002889
58408,1,0.207369,0.002311
58409,0,0.207790,0.001849
58410,1,0.209170,0.001479
58411,1,0.210360,0.001183
58412,1,0.211377,0.000947
58413,1,0.212237,0.000757
58414,1,0.212954,0.000606
58415,1,0.213540,0.000485
58416,1,0.214008,0.000388
58417,1,0.214368,0.000310
58418,1,0.214632,0.000510
58419,1,0.214809,0.000906
58420,1,0.214906,0.001406
58421,1,0.214932,0.001948
58422,1,0.214894,0.002487
58423,1,0.214798,0.002996
58424,1,0.214650,0.003457
58425,1,0.214455,0.003861
58426,1,0.214219,0.004202
58427,1,0.213945,0.004483
58428,1,0.213638,0.004705
58429,1,0.213301,0.004872
58430,1,0.212936,0.004990
58431,1,0.212549,0.005065
58432,1,0.212140,0.005102
58433,1,0.211712,0.005107
58434,1,0.211267,0.005085
58435,1,0.210808,0.005041
58436,1,0.210336,0.004979
58437,1,0.209852,0.004904
58438,1,0.209359,0.004818
58439,1,0.208856,0.004724
58440,1,0.208347,0.004625
58441,1,0.207831,0.004523
58442,1,0.207309,0.004420
58443,1,0.206783,0.004317
58444,1,0.206253,0.004214
58445,1,0.205719,0.004113
58446,1,0.205184,0.004015
58447,1,0.204646,0.003920
58448,1,0.204107,0.003828
58449,1,0.203566,0.003739
58450,1,0.203026,0.003654
58451,1,0.202485,0.003572
58452,1,0.201944,0.003493
58453,1,0.201404,0.003418
58454,1,0.200864,0.003345
58455,1,0.200326,0.003276
58456,1,0.199789,0.003209
58457,1,0.199253,0.003145
58458,1,0.198719,0.003084
58459,1,0.198186,0.003024
58460,1,0.197656,0.002966
58461,1,0.197127,0.002910
58462,1,0.196601,0.002856
58463,1,0.196077,0.002803
58464,1,0.195555,0.002751
58465,1,0.195036,0.002700
58466,1,0.194519,0.002650
58467,1,0.194005,0.002601
58468,1,0.193493,0.002553
58469,1,0.192985,0.002506
58470,1,0.192479,0.002459
58471,1,0.191975,0.002412
58472,1,0.191475,0.002366
58473,1,0.190977,0.002320
58474,1,0.190482,0.002275
58475,1,0.189990,0.002230
58476,1,0.189501,0.002186
58477,1,0.189015,0.002141
58478,1,0.188532,0.002097
58479,1,0.188051,0.002053
58480,1,0.187574,0.002010
58481,1,0.187099,0.001967
58482,1,0.186627,0.001924
58483,1,0.186158,0.001882
58484,1,0.185692,0.001839
58485,1,0.185229,0.001798
58486,1,0.184769,0.001756
58487,1,0.184312,0.001715
58488,1,0.183857,0.001675
58489,1,0.183405,0.001634
58490,1,0.182956,0.001594
58491,1,0.182510,0.001555
58492,1,0.182066,0.001516
58493,1,0.181626,0.001478
58494,1,0.181188,0.001440
58495,1,0.180753,0.001403
58496,1,0.180320,0.001366
58497,1,0.179890,0.001330
58498,1,0.179463,0.001294
58499,1,0.179038,0.001259
58500,1,0.178616,0.001224
58501,1,0.178197,0.001190
58502,1,0.177780,0.001157
58503,1,0.177366,0.001124
58504,1,0.176954,0.001092
58505,1,0.176545,0.001061
58506,1,0.176138,0.001030
58507,1,0.175734,0.001000
58508,1,0.175332,0.000970
58509,1,0.174933,0.000941
58510,1,0.174536,0.000913
58511,1,0.174141,0.000885
58512,1,0.173749,0.000858
58513,1,0.173359,0.000832
58514,1,0.172972,0.000806
58515,0,0.172586,0.000645
58516,0,0.173046,0.000516
58517,1,0.174250,0.000413
58518,1,0.175304,0.000330
58519,1,0.176220,0.000264
58520,1,0.177011,0.000211
58521,1,0.177687,0.000169
58522,1,0.178259,0.000135
58523,1,0.178737,0.000108
58524,1,0.179129,0.000087
58525,1,0.179444,0.000069
58526,1,0.179688,0.000108
58527,1,0.179868,0.000365
58528,1,0.179992,0.000746
58529,1,0.180063,0.001186
58530,1,0.180088,0.001640
58531,1,0.180071,0.002075
58532,1,0.180016,0.002474
58533,1,0.179927,0.002825
58534,1,0.179808,0.003123
58535,1,0.179661,0.003368
58536,1,0.179490,0.003560
58537,1,0.179296,0.003704
58538,1,0.179083,0.003804
58539,1,0.178853,0.003865
58540,1,0.178607,0.003892
58541,1,0.178346,0.003890
58542,1,0.178074,0.003865
58543,1,0.177790,0.003821
58544,1,0.177497,0.003761
58545,1,0.177195,0.003690
58546,1,0.176885,0.003610
58547,1,0.176568,0.003524
58548,1,0.176246,0.003434
58549,1,0.175918,0.003343
58550,1,0.175586,0.003252
58551,1,0.175250,0.003161
58552,1,0.174911,0.003073
58553,1,0.174569,0.002987
58554,1,0.174224,0.002904
58555,1,0.173878,0.002825
58556,1,0.173530,0.002749
58557,1,0.173180,0.002677
58558,1,0.172830,0.002610
58559,1,0.172479,0.002545
58560,1,0.172127,0.002485
58561,1,0.171775,0.002428
58562,1,0.171423,0.002374
58563,1,0.171071,0.002324
58564,1,0.170720,0.002276
58565,1,0.170368,0.002231
58566,1,0.170017,0.002188
58567,1,0.169667,0.002147
58568,1,0.169318,0.002108
58569,1,0.168969,0.002071
58570,1,0.168622,0.002035
58571,1,0.168275,0.002001
58572,1,0.167929,0.001967
58573,1,0.167585,0.001934
58574,1,0.167241,0.001903
58575,1,0.166899,0.001872
58576,1,0.166558,0.001841
58577,1,0.166219,0.001811
58578,1,0.165880,0.001781
58579,1,0.165543,0.001751
58580,1,0.165208,0.001722
58581,1,0.164874,0.001693
58582,1,0.164541,0.001663
58583,1,0.164210,0.001634
58584,1,0.163880,0.001605
58585,1,0.163552,0.001576
58586,1,0.163225,0.001547
58587,1,0.162900,0.001518
58588,1,0.162576,0.001489
58589,1,0.162253,0.001460
58590,1,0.161932,0.001431
58591,1,0.161613,0.001402
58592,1,0.161295,0.001373
58593,1,0.160979,0.001344
58594,1,0.160664,0.001315
58595,1,0.160351,0.001287
58596,1,0.160039,0.001258
58597,1,0.159728,0.001229
58598,1,0.159420,0.001201
58599,1,0.159112,0.001173
58600,1,0.158806,0.001145
58601,1,0.158502,0.001117
58602,1,0.158199,0.001090
58603,1,0.157897,0.001063
58604,1,0.157597,0.001036
58605,1,0.157299,0.001009
58606,1,0.157002,0.000983
58607,1,0.156706,0.000957
58608,1,0.156412,0.000931
58609,1,0.156119,0.000906
58610,1,0.155827,0.000881
58611,1,0.155537,0.000856
58612,1,0.155249,0.000832
58613,1,0.154961,0.000809
58614,1,0.154675,0.000785
58615,1,0.154391,0.000762
58616,1,0.154108,0.000740
58617,1,0.153826,0.000718
58618,1,0.153545,0.000696
58619,1,0.153266,0.000675
58620,1,0.152988,0.000655
58621,1,0.152712,0.000634
58622,1,0.152436,0.000615
58623,1,0.152163,0.000595
58624,1,0.151890,0.000576
58625,1,0.151618,0.000558
58626,1,0.151348,0.000540
58627,1,0.151079,0.000522
58628,1,0.150812,0.000505
58629,1,0.150545,0.000489
58630,1,0.150280,0.000472
58631,1,0.150016,0.000457
58632,1,0.149754,0.000441
58633,1,0.149492,0.000426
58634,1,0.149232,0.000412
58635,1,0.148973,0.000398
58636,1,0.148715,0.000384
58637,1,0.148458,0.000371
58638,1,0.148202,0.000358
58639,1,0.147948,0.000345
58640,1,0.147695,0.000333
58641,1,0.147442,0.000321
58642,1,0.147191,0.000310
58643,1,0.146941,0.000299
58644,1,0.146692,0.000288
58645,1,0.146445,0.000277
58646,1,0.146198,0.000267
58647,1,0.145952,0.000258
58648,1,0.145708,0.000248
58649,1,0.145464,0.000239
58650,1,0.145222,0.000230
58651,1,0.144981,0.000222
58652,1,0.144741,0.000213
58653,1,0.144501,0.000205
58654,1,0.144263,0.000197
58655,1,0.144026,0.000190
58656,1,0.143790,0.000183
58657,1,0.143555,0.000176
58658,1,0.143320,0.000169
58659,1,0.143087,0.000163
58660,1,0.142855,0.000156
58661,1,0.142624,0.000150
58662,1,0.142394,0.000144
58663,1,0.142165,0.000139
58664,1,0.141936,0.000133
58665,1,0.141709,0.000128
58666,1,0.141483,0.000123
58667,1,0.141257,0.000118
58668,1,0.141033,0.000114
58669,1,0.140809,0.000109
58670,1,0.140586,0.000105
58671,1,0.140365,0.000100
58672,1,0.140144,0.000096
58673,1,0.139924,0.000093
58674,1,0.139705,0.000089
58675,1,0.139487,0.000085
58676,1,0.139269,0.000082
58677,1,0.139053,0.000078
58678,1,0.138838,0.000075
58679,1,0.138623,0.000072
58680,1,0.138409,0.000069
58681,1,0.138196,0.000066
58682,1,0.137984,0.000064
58683,1,0.137773,0.000061
58684,1,0.137563,0.000058
58685,1,0.137353,0.000056
58686,1,0.137144,0.000054
58687,1,0.136936,0.000051
58688,1,0.136729,0.000049
58689,1,0.136523,0.000047
58690,1,0.136318,0.000045
58691,1,0.136113,0.000043
58692,1,0.135909,0.000041
58693,1,0.135706,0.000040
58694,1,0.135503,0.000038
58695,1,0.135302,0.000036
58696,1,0.135101,0.000035
58697,1,0.134901,0.000033
58698,1,0.134702,0.000032
58699,1,0.134503,0.000031
58700,1,0.134306,0.000029
58701,1,0.134109,0.000028
58702,1,0.133913,0.000027
58703,1,0.133717,0.000026
58704,1,0.133522,0.000024
58705,1,0.133328,0.000023
58706,1,0.133135,0.000022
58707,1,0.132942,0.000021
58708,1,0.132750,0.000020
58709,1,0.132559,0.000020
58710,1,0.132369,0.000019
58711,1,0.132179,0.000018
58712,1,0.131990,0.000017
58713,1,0.131802,0.000016
58714,1,0.131614,0.000016
58715,1,0.131427,0.000015
58716,1,0.131241,0.000014
58717,1,0.131055,0.000014
58718,1,0.130870,0.000013
58719,1,0.130686,0.000012
58720,1,0.130502,0.000012
58721,1,0.130319,0.000011
58722,1,0.130137,0.000011
58723,1,0.129956,0.000010
58724,1,0.129775,0.000010
58725,1,0.129594,0.000009
58726,1,0.129414,0.000009
58727,0,0.129235,0.000007
58728,1,0.129593,0.000006
58729,1,0.129898,0.000005
58730,1,0.130156,0.000004
58731,1,0.130371,0.000003
58732,1,0.130548,0.000002
58733,1,0.130689,0.000002
58734,1,0.130798,0.000001
58735,1,0.130879,0.000001
58736,1,0.130934,0.000001
58737,1,0.130965,0.000001
58738,1,0.130976,0.000024
58739,1,0.130968,0.000144
58740,1,0.130942,0.000318
58741,1,0.130902,0.000518
58742,1,0.130847,0.000722
58743,1,0.130781,0.000917
58744,1,0.130703,0.001095
58745,1,0.130615,0.001252
58746,1,0.130518,0.001385
58747,1,0.130413,0.001494
58748,1,0.130301,0.001580
58749,1,0.130183,0.001645
58750,1,0.130059,0.001691
58751,0,0.129930,0.001353
58752,1,0.130318,0.001082
58753,1,0.130651,0.000866
58754,1,0.130934,0.000692
58755,1,0.131172,0.000554
58756,1,0.131368,0.000443
58757,1,0.131528,0.000355
58758,1,0.131654,0.000284
58759,1,0.131749,0.000227
58760,1,0.131818,0.000203
58761,1,0.131862,0.000330
58762,1,0.131883,0.000548
58763,1,0.131885,0.000812
58764,1,0.131869,0.001092
58765,1,0.131836,0.001368
58766,1,0.131789,0.001627
58767,1,0.131729,0.001859
58768,1,0.131657,0.002063
58769,1,0.131574,0.002235
58770,1,0.131482,0.002376
58771,1,0.131381,0.002489
58772,1,0.131273,0.002575
58773,1,0.131158,0.002637
58774,1,0.131037,0.002678
58775,1,0.130910,0.002702
58776,1,0.130778,0.002710
58777,1,0.130642,0.002705
58778,1,0.130502,0.002690
58779,1,0.130358,0.002667
58780,1,0.130211,0.002637
58781,1,0.130062,0.002602
58782,1,0.129910,0.002564
58783,1,0.129755,0.002524
58784,1,0.129599,0.002482
58785,1,0.129441,0.002439
58786,1,0.129282,0.002396
58787,1,0.129121,0.002353
58788,1,0.128959,0.002311
58789,1,0.128797,0.002270
58790,1,0.128633,0.002230
58791,1,0.128469,0.002191
58792,1,0.128304,0.002153
58793,1,0.128138,0.002116
58794,1,0.127973,0.002081
58795,1,0.127806,0.002046
58796,1,0.127640,0.002012
58797,1,0.127473,0.001980
58798,1,0.127307,0.001948
58799,1,0.127140,0.001917
58800,1,0.126973,0.001886
58801,1,0.126807,0.001856
58802,1,0.126640,0.001826
58803,1,0.126474,0.001797
58804,1,0.126307,0.001768
58805,1,0.126141,0.001739
58806,1,0.125975,0.001711
58807,1,0.125810,0.001682
58808,1,0.125644,0.001654
58809,1,0.125479,0.001625
58810,1,0.125315,0.001596
58811,1,0.125150,0.001568
58812,1,0.124986,0.001539
58813,1,0.124822,0.001511
58814,1,0.124659,0.001482
58815,1,0.124496,0.001453
58816,1,0.124334,0.001424
58817,1,0.124172,0.001395
58818,1,0.124010,0.001366
58819,1,0.123849,0.001337
58820,1,0.123688,0.001308
58821,1,0.123528,0.001279
58822,1,0.123368,0.001250
58823,1,0.123208,0.001221
58824,1,0.123049,0.001193
58825,1,0.122890,0.001164
58826,1,0.122732,0.001136
58827,1,0.122575,0.001107
58828,1,0.122417,0.001079
58829,1,0.122261,0.001051
58830,1,0.122104,0.001024
58831,1,0.121949,0.000996
58832,1,0.121793,0.000969
58833,1,0.121638,0.000942
58834,1,0.121484,0.000916
58835,1,0.121330,0.000890
58836,1,0.121176,0.000864
58837,1,0.121023,0.000839
58838,1,0.120871,0.000814
58839,1,0.120719,0.000789
58840,1,0.120567,0.000765
58841,1,0.120416,0.000741
58842,1,0.120265,0.000718
58843,1,0.120115,0.000695
58844,1,0.119965,0.000673
58845,1,0.119816,0.000651
58846,1,0.119667,0.000629
58847,1,0.119519,0.000608
58848,1,0.119371,0.000588
58849,1,0.119223,0.000568
58850,1,0.119076,0.000548
58851,1,0.118930,0.000529
58852,1,0.118783,0.000511
58853,0,0.118638,0.000409
58854,1,0.118968,0.000327
58855,1,0.119252,0.000261
58856,1,0.119494,0.000209
58857,1,0.119698,0.000167
58858,1,0.119868,0.000134
58859,1,0.120006,0.000107
58860,1,0.120116,0.000086
58861,1,0.120201,0.000069
58862,1,0.120263,0.000055
58863,1,0.120304,0.000044
58864,1,0.120326,0.000103
58865,1,0.120331,0.000248
58866,1,0.120322,0.000440
58867,1,0.120299,0.000650
58868,1,0.120263,0.000862
58869,1,0.120217,0.001061
58870,1,0.120160,0.001241
58871,1,0.120095,0.001397
58872,1,0.120021,0.001529
58873,1,0.119941,0.001635
58874,1,0.119854,0.001719
58875,1,0.119762,0.001780
58876,1,0.119664,0.001823
58877,1,0.119561,0.001848
58878,1,0.119455,0.001859
58879,1,0.119345,0.001858
58880,1,0.119231,0.001848
58881,1,0.119115,0.001829
58882,1,0.118996,0.001805
58883,1,0.118874,0.001776
58884,1,0.118751,0.001743
58885,1,0.118626,0.001709
58886,1,0.118499,0.001674
58887,1,0.118371,0.001638
58888,1,0.118242,0.001602
58889,1,0.118111,0.001567
58890,1,0.117980,0.001533
58891,1,0.117848,0.001500
58892,1,0.117715,0.001469
58893,1,0.117581,0.001439
58894,1,0.117447,0.001410
58895,1,0.117313,0.001383
58896,1,0.117178,0.001358
58897,1,0.117043,0.001334
58898,1,0.116908,0.001311
58899,1,0.116772,0.001289
58900,1,0.116637,0.001268
58901,1,0.116501,0.001249
58902,1,0.116366,0.001230
58903,1,0.116230,0.001212
58904,1,0.116095,0.001194
58905,1,0.115959,0.001177
58906,1,0.115824,0.001161
58907,1,0.115689,0.001144
58908,1,0.115554,0.001128
58909,1,0.115419,0.001112
58910,1,0.115285,0.001096
58911,1,0.115150,0.001080
58912,1,0.115016,0.001064
58913,1,0.114882,0.001048
58914,1,0.114748,0.001032
58915,1,0.114615,0.001016
58916,1,0.114482,0.001000
58917,1,0.114349,0.000983
58918,1,0.114217,0.000966
58919,1,0.114084,0.000949
58920,1,0.113952,0.000932
58921,1,0.113821,0.000915
58922,1,0.113689,0.000898
58923,1,0.113558,0.000880
58924,1,0.113428,0.000863
58925,1,0.113297,0.000845
58926,1,0.113167,0.000827
58927,1,0.113038,0.000809
58928,1,0.112908,0.000791
58929,1,0.112779,0.000773
58930,1,0.112651,0.000755
58931,1,0.112522,0.000737
58932,1,0.112394,0.000719
58933,1,0.112267,0.000701
58934,1,0.112139,0.000683
58935,1,0.112012,0.000665
58936,1,0.111885,0.000648
58937,1,0.111759,0.000630
58938,1,0.111633,0.000613
58939,1,0.111508,0.000595
58940,1,0.111382,0.000578
58941,1,0.111257,0.000561
58942,1,0.111133,0.000545
58943,1,0.111008,0.000528
58944,1,0.110884,0.000512
58945,1,0.110761,0.000496
58946,1,0.110637,0.000481
58947,1,0.110514,0.000465
58948,1,0.110392,0.000450
58949,1,0.110269,0.000435
58950,1,0.110147,0.000421
58951,1,0.110026,0.000407
58952,1,0.109905,0.000393
58953,1,0.109784,0.000379
58954,1,0.109663,0.000366
58955,1,0.109543,0.000353
58956,1,0.109423,0.000340
58957,1,0.109303,0.000328
58958,1,0.109183,0.000316
58959,1,0.109064,0.000304
58960,1,0.108946,0.000293
58961,1,0.108827,0.000282
58962,1,0.108709,0.000271
58963,1,0.108591,0.000261
58964,1,0.108474,0.000251
58965,1,0.108357,0.000241
58966,1,0.108240,0.000231
58967,1,0.108123,0.000222
58968,1,0.108007,0.000213
58969,1,0.107891,0.000204
58970,1,0.107776,0.000196
58971,1,0.107660,0.000188
58972,1,0.107545,0.000180
58973,1,0.107431,0.000172
58974,1,0.107316,0.000165
58975,1,0.107202,0.000158
58976,1,0.107088,0.000151
58977,1,0.106975,0.000145
58978,1,0.106861,0.000138
58979,1,0.106748,0.000132
58980,1,0.106636,0.000127
58981,1,0.106524,0.000121
58982,1,0.106411,0.000115
58983,1,0.106300,0.000110
58984,1,0.106188,0.000105
58985,1,0.106077,0.000100
58986,1,0.105966,0.000096
58987,1,0.105855,0.000091
58988,1,0.105745,0.000087
58989,1,0.105635,0.000083
58990,1,0.105525,0.000079
58991,1,0.105416,0.000075
58992,1,0.105307,0.000072
58993,1,0.105198,0.000068
58994,1,0.105089,0.000065
58995,1,0.104981,0.000062
58996,1,0.104872,0.000059
58997,1,0.104765,0.000056
58998,1,0.104657,0.000053
58999,1,0.104550,0.000050
59000,1,0.104443,0.000048
59001,1,0.104336,0.000045
59002,1,0.104229,0.000043
59003,1,0.104123,0.000041
59004,1,0.104017,0.000039
59005,1,0.103911,0.000037
59006,1,0.103806,0.000035
59007,1,0.103701,0.000033
59008,1,0.103596,0.000031
59009,1,0.103491,0.000029
59010,1,0.103387,0.000028
59011,1,0.103283,0.000026
59012,1,0.103179,0.000025
59013,1,0.103075,0.000024
59014,1,0.102972,0.000022
59015,1,0.102868,0.000021
59016,1,0.102766,0.000020
59017,1,0.102663,0.000019
59018,1,0.102561,0.000018
59019,1,0.102458,0.000017
59020,1,0.102357,0.000016
59021,1,0.102255,0.000015
59022,1,0.102153,0.000014
59023,1,0.102052,0.000013
59024,1,0.101951,0.000012
59025,1,0.101851,0.000012
59026,1,0.101750,0.000011
59027,1,0.101650,0.000010
59028,1,0.101550,0.000010
59029,1,0.101450,0.000009
59030,1,0.101351,0.000008
59031,1,0.101252,0.000008
59032,0,0.101153,0.000006
59033,1,0.101436,0.000005
59034,1,0.101682,0.000004
59035,1,0.101894,0.000003
59036,1,0.102076,0.000003
59037,1,0.102230,0.000002
59038,1,0.102359,0.000002
59039,1,0.102465,0.000001
59040,1,0.102551,0.000001
59041,1,0.102618,0.000001
59042,1,0.102669,0.000001
59043,1,0.102705,0.000001
59044,1,0.102727,0.000094
59045,1,0.102737,0.000247
59046,1,0.102736,0.000428
59047,1,0.102725,0.000618
59048,1,0.102705,0.000802
59049,1,0.102678,0.000972
59050,1,0.102643,0.001123
59051,1,0.102601,0.001253
59052,1,0.102554,0.001361
59053,1,0.102502,0.001448
59054,1,0.102445,0.001516
59055,1,0.102383,0.001566
59056,1,0.102318,0.001601
59057,1,0.102250,0.001622
59058,1,0.102178,0.001633
59059,1,0.102104,0.001634
59060,1,0.102027,0.001628
59061,1,0.101948,0.001616
59062,1,0.101867,0.001600
59063,1,0.101785,0.001581
59064,1,0.101701,0.001559
59065,1,0.101615,0.001537
59066,1,0.101528,0.001513
59067,1,0.101440,0.001490
59068,1,0.101352,0.001467
59069,1,0.101262,0.001445
59070,1,0.101171,0.001424
59071,1,0.101080,0.001403
59072,1,0.100989,0.001384
59073,1,0.100896,0.001365
59074,1,0.100804,0.001348
59075,1,0.100711,0.001331
59076,1,0.100618,0.001316
59077,1,0.100524,0.001301
59078,1,0.100430,0.001286
59079,1,0.100336,0.001273
59080,1,0.100242,0.001259
59081,1,0.100148,0.001246
59082,1,0.100053,0.001233
59083,1,0.099959,0.001221
59084,1,0.099864,0.001208
59085,1,0.099770,0.001195
59086,1,0.099675,0.001182
59087,1,0.099581,0.001169
59088,1,0.099486,0.001156
59089,1,0.099392,0.001142
59090,1,0.099298,0.001128
59091,1,0.099204,0.001113
59092,1,0.099109,0.001098
59093,1,0.099015,0.001083
59094,1,0.098922,0.001067
59095,1,0.098828,0.001051
59096,1,0.098734,0.001034
59097,1,0.098641,0.001017
59098,1,0.098547,0.001000
59099,1,0.098454,0.000982
59100,1,0.098361,0.000964
59101,1,0.098268,0.000945
59102,1,0.098176,0.000926
59103,1,0.098083,0.000907
59104,1,0.097991,0.000888
59105,1,0.097898,0.000869
59106,1,0.097806,0.000849
59107,1,0.097715,0.000829
59108,1,0.097623,0.000809
59109,1,0.097531,0.000789
59110,1,0.097440,0.000769
59111,1,0.097349,0.000749
59112,1,0.097258,0.000729
59113,1,0.097167,0.000710
59114,1,0.097077,0.000690
59115,1,0.096986,0.000670
59116,1,0.096896,0.000651
59117,1,0.096806,0.000631
59118,1,0.096716,0.000612
59119,1,0.096627,0.000593
59120,1,0.096537,0.000574
59121,1,0.096448,0.000556
59122,1,0.096359,0.000538
59123,1,0.096270,0.000520
59124,1,0.096181,0.000502
59125,1,0.096093,0.000485
59126,1,0.096004,0.000468
59127,1,0.095916,0.000452
59128,1,0.095828,0.000435
59129,1,0.095741,0.000419
59130,1,0.095653,0.000404
59131,1,0.095566,0.000389
59132,1,0.095479,0.000374
59133,1,0.095392,0.000359
59134,1,0.095305,0.000345
59135,1,0.095218,0.000332
59136,1,0.095132,0.000318
59137,1,0.095046,0.000306
59138,1,0.094959,0.000293
59139,1,0.094874,0.000281
59140,1,0.094788,0.000269
59141,1,0.094702,0.000258
59142,1,0.094617,0.000246
59143,1,0.094532,0.000236
59144,1,0.094447,0.000225
59145,1,0.094362,0.000215
59146,1,0.094278,0.000206
59147,1,0.094193,0.000196
59148,1,0.094109,0.000187
59149,1,0.094025,0.000179
59150,1,0.093941,0.000170
59151,1,0.093857,0.000162
59152,1,0.093774,0.000155
59153,1,0.093690,0.000147
59154,1,0.093607,0.000140
59155,1,0.093524,0.000133
59156,1,0.093441,0.000127
59157,1,0.093359,0.000120
59158,1,0.093276,0.000114
59159,1,0.093194,0.000108
59160,1,0.093112,0.000103
59161,1,0.093030,0.000098
59162,1,0.092948,0.000092
59163,1,0.092866,0.000088
59164,1,0.092785,0.000083
59165,1,0.092704,0.000078
59166,1,0.092623,0.000074
59167,1,0.092542,0.000070
59168,1,0.092461,0.000066
59169,1,0.092380,0.000062
59170,1,0.092300,0.000059
59171,1,0.092219,0.000055
59172,1,0.092139,0.000052
59173,1,0.092059,0.000049
59174,1,0.091980,0.000046
59175,1,0.091900,0.000043
59176,1,0.091821,0.000040
59177,1,0.091741,0.000037
59178,1,0.091662,0.000034
59179,1,0.091583,0.000032
59180,1,0.091504,0.000030
59181,1,0.091426,0.000027
59182,1,0.091347,0.000025
59183,1,0.091269,0.000023
59184,1,0.091191,0.000022
59185,1,0.091113,0.000020
59186,1,0.091035,0.000018
59187,1,0.090957,0.000017
59188,1,0.090879,0.000016
59189,1,0.090802,0.000014
59190,1,0.090725,0.000013
59191,1,0.090648,0.000012
59192,1,0.090571,0.000011
59193,1,0.090494,0.000010
59194,1,0.090417,0.000009
59195,1,0.090341,0.000009
59196,1,0.090264,0.000008
59197,1,0.090188,0.000007
59198,1,0.090112,0.000007
59199,1,0.090036,0.000006
59200,1,0.089961,0.000006
59201,1,0.089885,0.000005
59202,1,0.089810,0.000005
59203,1,0.089734,0.000005
59204,1,0.089659,0.000004
59205,1,0.089584,0.000004
59206,1,0.089509,0.000004
59207,1,0.089435,0.000003
59208,1,0.089360,0.000003
59209,1,0.089286,0.000003
59210,1,0.089211,0.000003
59211,1,0.089137,0.000003
59212,1,0.089063,0.000002
59213,1,0.088989,0.000002
59214,1,0.088916,0.000002
59215,1,0.088842,0.000002
59216,1,0.088769,0.000002
59217,1,0.088696,0.000002
59218,1,0.088622,0.000002
59219,1,0.088549,0.000002
59220,1,0.088477,0.000002
59221,1,0.088404,0.000002
59222,1,0.088331,0.000002
59223,1,0.088259,0.000001
59224,1,0.088187,0.000001
59225,1,0.088115,0.000001
59226,1,0.088043,0.000001
59227,1,0.087971,0.000001
59228,1,0.087899,0.000001
59229,1,0.087827,0.000001
59230,1,0.087756,0.000001
59231,1,0.087685,0.000001
59232,1,0.087613,0.000001
59233,1,0.087542,0.000001
59234,1,0.087471,0.000001
59235,1,0.087401,0.000001
59236,1,0.087330,0.000001
59237,1,0.087259,0.000001
59238,1,0.087189,0.000001
59239,1,0.087119,0.000001
59240,1,0.087049,0.000001
59241,1,0.086979,0.000001
59242,1,0.086909,0.000001
59243,1,0.086839,0.000001
59244,1,0.086769,0.000001
59245,1,0.086700,0.000001
59246,1,0.086631,0.000001
59247,1,0.086561,0.000001
59248,1,0.086492,0.000001
59249,1,0.086423,0.000001
59250,1,0.086354,0.000001
59251,1,0.086286,0.000001
59252,1,0.086217,0.000001
59253,1,0.086149,0.000001
59254,1,0.086080,0.000001
59255,1,0.086012,0.000001
59256,1,0.085944,0.000001
59257,1,0.085876,0.000000
59258,1,0.085808,0.000000
59259,1,0.085740,0.000000
59260,1,0.085673,0.000000
59261,1,0.085605,0.000000
59262,1,0.085538,0.000000
59263,1,0.085471,0.000000
59264,1,0.085404,0.000000
59265,1,0.085337,0.000000
59266,1,0.085270,0.000000
59267,1,0.085203,0.000000
59268,1,0.085136,0.000000
59269,1,0.085070,0.000000
59270,1,0.085004,0.000000
59271,1,0.084937,0.000000
59272,1,0.084871,0.000000
59273,1,0.084805,0.000000
59274,1,0.084739,0.000000
59275,1,0.084673,0.000000
59276,1,0.084608,0.000000
59277,1,0.084542,0.000000
59278,1,0.084477,0.000000
59279,1,0.084411,0.000000
59280,1,0.084346,0.000000
59281,1,0.084281,0.000000
59282,1,0.084216,0.000000
59283,1,0.084151,0.000000
59284,1,0.084087,0.000000
59285,1,0.084022,0.000000
59286,1,0.083957,0.000000
59287,1,0.083893,0.000000
59288,1,0.083829,0.000000
59289,1,0.083765,0.000000
59290,1,0.083700,0.000000
59291,1,0.083637,0.000000
59292,1,0.083573,0.000000
59293,1,0.083509,0.000000
59294,1,0.083445,0.000000
59295,1,0.083382,0.000000
59296,1,0.083318,0.000000
59297,1,0.083255,0.000000
59298,1,0.083192,0.000000
59299,1,0.083129,0.000000
59300,1,0.083066,0.000000
59301,1,0.083003,0.000000
59302,1,0.082940,0.000000
59303,1,0.082878,0.000000
59304,1,0.082815,0.000000
59305,1,0.082753,0.000000
59306,1,0.082690,0.000000
59307,1,0.082628,0.000000
59308,1,0.082566,0.000000
59309,1,0.082504,0.000000
59310,1,0.082442,0.000000
59311,1,0.082380,0.000000
59312,1,0.082319,0.000000
59313,0,0.082257,0.000000
59314,1,0.082489,0.000000
59315,1,0.082693,0.000000
59316,1,0.082871,0.000000
59317,1,0.083025,0.000000
59318,1,0.083158,0.000000
59319,1,0.083271,0.000000
59320,1,0.083368,0.000000
59321,1,0.083448,0.000000
59322,1,0.083514,0.000000
59323,1,0.083568,0.000000
59324,1,0.083610,0.000000
59325,1,0.083642,0.000055
59326,1,0.083664,0.000175
59327,1,0.083678,0.000331
59328,1,0.083684,0.000500
59329,1,0.083684,0.000668
59330,1,0.083677,0.000827
59331,1,0.083665,0.000970
59332,1,0.083647,0.001096
59333,1,0.083626,0.001202
59334,1,0.083600,0.001291
59335,1,0.083571,0.001363
59336,1,0.083538,0.001419
59337,1,0.083502,0.001461
59338,1,0.083464,0.001492
59339,1,0.083423,0.001513
59340,1,0.083380,0.001526
59341,1,0.083335,0.001533
59342,1,0.083289,0.001535
59343,1,0.083241,0.001533
59344,1,0.083191,0.001528
59345,1,0.083141,0.001521
59346,1,0.083089,0.001513
59347,1,0.083036,0.001504
59348,1,0.082982,0.001495
59349,1,0.082927,0.001486
59350,1,0.082872,0.001477
59351,1,0.082816,0.001469
59352,1,0.082759,0.001461
59353,0,0.082702,0.001169
59354,1,0.082937,0.000935
59355,1,0.083143,0.000748
59356,1,0.083323,0.000598
59357,1,0.083478,0.000479
59358,1,0.083613,0.000383
59359,1,0.083728,0.000306
59360,1,0.083825,0.000245
59361,1,0.083906,0.000196
59362,1,0.083974,0.000157
59363,1,0.084028,0.000222
59364,1,0.084071,0.000392
59365,1,0.084103,0.000619
59366,1,0.084125,0.000873
59367,1,0.084140,0.001130
59368,1,0.084146,0.001375
59369,1,0.084146,0.001600
59370,1,0.084139,0.001800
59371,1,0.084127,0.001972
59372,1,0.084109,0.002116
59373,1,0.084087,0.002234
59374,1,0.084061,0.002328
59375,1,0.084031,0.002399
59376,1,0.083998,0.002451
59377,1,0.083962,0.002486
59378,1,0.083923,0.002507
59379,1,0.083882,0.002515
59380,1,0.083838,0.002515
59381,1,0.083792,0.002506
59382,1,0.083745,0.002491
59383,1,0.083696,0.002471
59384,1,0.083646,0.002447
59385,1,0.083594,0.002421
59386,1,0.083541,0.002393
59387,1,0.083487,0.002364
59388,1,0.083432,0.002335
59389,1,0.083376,0.002305
59390,1,0.083319,0.002275
59391,1,0.083262,0.002245
59392,1,0.083204,0.002215
59393,1,0.083146,0.002186
59394,1,0.083087,0.002157
59395,1,0.083027,0.002128
59396,1,0.082967,0.002100
59397,1,0.082907,0.002072
59398,1,0.082847,0.002044
59399,1,0.082786,0.002016
59400,1,0.082725,0.001988
59401,1,0.082664,0.001960
59402,1,0.082602,0.001931
59403,1,0.082541,0.001903
59404,1,0.082479,0.001874
59405,1,0.082417,0.001845
59406,1,0.082355,0.001815
59407,1,0.082293,0.001785
59408,1,0.082232,0.001754
59409,1,0.082169,0.001723
59410,1,0.082107,0.001692
59411,1,0.082045,0.001660
59412,1,0.081983,0.001627
59413,1,0.081921,0.001595
59414,1,0.081859,0.001561
59415,1,0.081797,0.001528
59416,1,0.081735,0.001494
59417,1,0.081673,0.001460
59418,1,0.081611,0.001425
59419,1,0.081549,0.001390
59420,1,0.081487,0.001356
59421,1,0.081426,0.001321
59422,1,0.081364,0.001286
59423,1,0.081302,0.001251
59424,1,0.081241,0.001216
59425,1,0.081179,0.001181
59426,1,0.081118,0.001146
59427,1,0.081056,0.001111
59428,1,0.080995,0.001077
59429,1,0.080934,0.001043
59430,1,0.080873,0.001009
59431,1,0.080812,0.000976
59432,1,0.080751,0.000943
59433,1,0.080690,0.000911
59434,1,0.080629,0.000879
59435,1,0.080569,0.000847
59436,1,0.080508,0.000816
59437,1,0.080448,0.000786
59438,1,0.080387,0.000756
59439,1,0.080327,0.000727
59440,1,0.080267,0.000698
59441,1,0.080207,0.000670
59442,1,0.080147,0.000643
59443,1,0.080087,0.000616
59444,0,0.080027,0.000493
59445,1,0.080260,0.000394
59446,1,0.080465,0.000316
59447,1,0.080644,0.000252
59448,1,0.080800,0.000202
59449,1,0.080934,0.000162
59450,1,0.081049,0.000129
59451,1,0.081147,0.000103
59452,1,0.081229,0.000083
59453,1,0.081297,0.000066
59454,1,0.081352,0.000053
59455,1,0.081396,0.000048
59456,1,0.081429,0.000140
59457,1,0.081453,0.000286
59458,1,0.081469,0.000459
59459,1,0.081477,0.000640
59460,1,0.081478,0.000815
59461,1,0.081473,0.000977
59462,1,0.081462,0.001121
59463,1,0.081447,0.001245
59464,1,0.081426,0.001349
59465,1,0.081402,0.001434
59466,1,0.081375,0.001501
59467,1,0.081344,0.001552
59468,1,0.081310,0.001589
59469,1,0.081273,0.001615
59470,1,0.081234,0.001631
59471,1,0.081193,0.001639
59472,1,0.081150,0.001641
59473,1,0.081105,0.001638
59474,1,0.081058,0.001631
59475,1,0.081011,0.001622
59476,1,0.080961,0.001611
59477,1,0.080911,0.001600
59478,1,0.080860,0.001587
59479,1,0.080808,0.001575
59480,1,0.080755,0.001563
59481,1,0.080701,0.001551
59482,1,0.080647,0.001540
59483,1,0.080592,0.001529
59484,1,0.080536,0.001519
59485,1,0.080480,0.001509
59486,1,0.080424,0.001500
59487,1,0.080367,0.001491
59488,1,0.080310,0.001482
59489,1,0.080253,0.001473
59490,1,0.080195,0.001464
59491,1,0.080137,0.001455
59492,1,0.080079,0.001446
59493,1,0.080021,0.001436
59494,1,0.079963,0.001425
59495,1,0.079904,0.001414
59496,1,0.079846,0.001402
59497,1,0.079787,0.001390
59498,1,0.079728,0.001376
59499,1,0.079669,0.001362
59500,1,0.079611,0.001347
59501,1,0.079552,0.001331
59502,1,0.079493,0.001314
59503,1,0.079434,0.001297
59504,1,0.079375,0.001278
59505,1,0.079316,0.001259
59506,1,0.079258,0.001238
59507,1,0.079199,0.001217
59508,1,0.079140,0.001196
59509,1,0.079081,0.001173
59510,1,0.079023,0.001150
59511,1,0.078964,0.001127
59512,1,0.078906,0.001103
59513,1,0.078847,0.001078
59514,1,0.078789,0.001053
59515,1,0.078730,0.001028
59516,1,0.078672,0.001002
59517,1,0.078614,0.000976
59518,1,0.078556,0.000950
59519,1,0.078498,0.000924
59520,1,0.078439,0.000898
59521,1,0.078382,0.000871
59522,1,0.078324,0.000845
59523,1,0.078266,0.000819
59524,1,0.078208,0.000793
59525,1,0.078151,0.000767
59526,1,0.078093,0.000742
59527,1,0.078036,0.000716
59528,1,0.077978,0.000691
59529,1,0.077921,0.000666
59530,1,0.077864,0.000642
59531,1,0.077807,0.000618
59532,1,0.077750,0.000595
59533,1,0.077693,0.000572
59534,1,0.077636,0.000549
59535,1,0.077579,0.000527
59536,1,0.077523,0.000505
59537,1,0.077466,0.000484
59538,1,0.077410,0.000463
59539,1,0.077353,0.000443
59540,1,0.077297,0.000424
59541,1,0.077241,0.000405
59542,1,0.077185,0.000386
59543,1,0.077129,0.000368
59544,1,0.077073,0.000351
59545,1,0.077017,0.000334
59546,1,0.076961,0.000317
59547,1,0.076906,0.000301
59548,1,0.076850,0.000285
59549,1,0.076795,0.000269
59550,1,0.076739,0.000254
59551,1,0.076684,0.000239
59552,1,0.076629,0.000224
59553,1,0.076574,0.000210
59554,1,0.076519,0.000196
59555,1,0.076464,0.000183
59556,1,0.076409,0.000171
59557,1,0.076354,0.000159
59558,1,0.076300,0.000147
59559,1,0.076245,0.000136
59560,1,0.076191,0.000126
59561,1,0.076136,0.000117
59562,1,0.076082,0.000108
59563,1,0.076028,0.000100
59564,1,0.075973,0.000092
59565,1,0.075919,0.000085
59566,1,0.075865,0.000078
59567,1,0.075811,0.000072
59568,1,0.075758,0.000066
59569,1,0.075704,0.000061
59570,1,0.075650,0.000056
59571,1,0.075597,0.000052
59572,1,0.075543,0.000048
59573,1,0.075490,0.000044
59574,1,0.075437,0.000040
59575,1,0.075383,0.000037
59576,1,0.075330,0.000035
59577,1,0.075277,0.000032
59578,1,0.075224,0.000030
59579,1,0.075171,0.000028
59580,1,0.075119,0.000026
59581,1,0.075066,0.000024
59582,1,0.075013,0.000022
59583,1,0.074961,0.000021
59584,1,0.074908,0.000020
59585,1,0.074856,0.000018
59586,1,0.074804,0.000017
59587,1,0.074751,0.000016
59588,1,0.074699,0.000016
59589,1,0.074647,0.000015
59590,1,0.074595,0.000014
59591,1,0.074543,0.000013
59592,1,0.074492,0.000013
59593,1,0.074440,0.000012
59594,1,0.074388,0.000012
59595,1,0.074337,0.000011
59596,1,0.074285,0.000011
59597,1,0.074234,0.000011
59598,1,0.074182,0.000010
59599,1,0.074131,0.000010
59600,1,0.074080,0.000010
59601,1,0.074029,0.000009
59602,1,0.073978,0.000009
59603,1,0.073927,0.000009
59604,1,0.073876,0.000008
59605,1,0.073825,0.000008
59606,1,0.073774,0.000008
59607,1,0.073724,0.000008
59608,1,0.073673,0.000008
59609,1,0.073623,0.000007
59610,1,0.073572,0.000007
59611,1,0.073522,0.000007
59612,1,0.073472,0.000007
59613,1,0.073422,0.000006
59614,1,0.073372,0.000006
59615,1,0.073322,0.000006
59616,1,0.073272,0.000006
59617,1,0.073222,0.000006
59618,1,0.073172,0.000005
59619,1,0.073122,0.000005
59620,1,0.073073,0.000005
59621,1,0.073023,0.000005
59622,1,0.072974,0.000005
59623,1,0.072924,0.000005
59624,1,0.072875,0.000004
59625,1,0.072825,0.000004
59626,1,0.072776,0.000004
59627,1,0.072727,0.000004
59628,1,0.072678,0.000004
59629,1,0.072629,0.000004
59630,1,0.072580,0.000003
59631,1,0.072531,0.000003
59632,1,0.072483,0.000003
59633,1,0.072434,0.000003
59634,1,0.072385,0.000003
59635,1,0.072337,0.000003
59636,0,0.072288,0.000002
59637,1,0.072503,0.000002
59638,1,0.072693,0.000001
59639,1,0.072859,0.000001
59640,1,0.073004,0.000001
59641,1,0.073130,0.000001
59642,1,0.073239,0.000001
59643,1,0.073332,0.000000
59644,1,0.073411,0.000000
59645,1,0.073478,0.000000
59646,1,0.073533,0.000000
59647,1,0.073577,0.000000
59648,1,0.073613,0.000025
59649,1,0.073640,0.000120
59650,1,0.073659,0.000255
59651,1,0.073672,0.000408
59652,1,0.073678,0.000564
59653,1,0.073679,0.000714
59654,1,0.073675,0.000852
59655,1,0.073666,0.000974
59656,1,0.073654,0.001081
59657,1,0.073638,0.001171
59658,1,0.073618,0.001246
59659,1,0.073596,0.001308
59660,1,0.073571,0.001357
59661,1,0.073543,0.001396
59662,1,0.073513,0.001427
59663,1,0.073482,0.001450
59664,1,0.073448,0.001467
59665,1,0.073413,0.001480
59666,1,0.073377,0.001490
59667,1,0.073339,0.001497
59668,1,0.073301,0.001502
59669,1,0.073261,0.001506
59670,1,0.073220,0.001509
59671,1,0.073178,0.001512
59672,1,0.073136,0.001514
59673,1,0.073093,0.001516
59674,1,0.073049,0.001518
59675,1,0.073005,0.001520
59676,1,0.072960,0.001521
59677,1,0.072915,0.001523
59678,1,0.072869,0.001524
59679,1,0.072823,0.001524
59680,1,0.072777,0.001524
59681,1,0.072730,0.001523
59682,1,0.072683,0.001521
59683,1,0.072636,0.001519
59684,1,0.072589,0.001515
59685,1,0.072542,0.001510
59686,1,0.072494,0.001504
59687,1,0.072446,0.001496
59688,1,0.072398,0.001488
59689,0,0.072351,0.001190
59690,1,0.072568,0.000952
59691,1,0.072760,0.000762
59692,1,0.072927,0.000609
59693,1,0.073074,0.000487
59694,1,0.073201,0.000390
59695,1,0.073311,0.000312
59696,1,0.073406,0.000250
59697,1,0.073485,0.000200
59698,1,0.073553,0.000160
59699,1,0.073608,0.000172
59700,1,0.073653,0.000296
59701,1,0.073689,0.000485
59702,1,0.073716,0.000705
59703,1,0.073736,0.000933
59704,1,0.073748,0.001154
59705,1,0.073755,0.001357
59706,1,0.073756,0.001539
59707,1,0.073751,0.001695
59708,1,0.073742,0.001827
59709,1,0.073730,0.001934
59710,1,0.073713,0.002020
59711,1,0.073693,0.002085
59712,1,0.073670,0.002133
59713,1,0.073645,0.002166
59714,1,0.073616,0.002186
59715,1,0.073586,0.002196
59716,1,0.073554,0.002197
59717,1,0.073520,0.002192
59718,1,0.073484,0.002182
59719,1,0.073447,0.002168
59720,1,0.073409,0.002151
59721,1,0.073369,0.002132
59722,1,0.073328,0.002113
59723,1,0.073287,0.002092
59724,1,0.073244,0.002072
59725,1,0.073201,0.002051
59726,1,0.073157,0.002030
59727,1,0.073112,0.002010
59728,1,0.073067,0.001990
59729,1,0.073021,0.001971
59730,1,0.072975,0.001952
59731,1,0.072928,0.001932
59732,1,0.072881,0.001913
59733,1,0.072834,0.001894
59734,1,0.072786,0.001875
59735,1,0.072738,0.001856
59736,1,0.072690,0.001836
59737,1,0.072642,0.001815
59738,1,0.072594,0.001794
59739,1,0.072545,0.001773
59740,1,0.072496,0.001751
59741,1,0.072447,0.001728
59742,1,0.072398,0.001704
59743,1,0.072349,0.001679
59744,1,0.072300,0.001654
59745,1,0.072251,0.001627
59746,1,0.072202,0.001600
59747,1,0.072153,0.001572
59748,1,0.072104,0.001543
59749,1,0.072054,0.001514
59750,1,0.072005,0.001483
59751,1,0.071956,0.001452
59752,1,0.071907,0.001421
59753,1,0.071857,0.001388
59754,1,0.071808,0.001356
59755,1,0.071759,0.001323
59756,1,0.071710,0.001289
59757,1,0.071661,0.001255
59758,1,0.071612,0.001221
59759,1,0.071562,0.001187
59760,1,0.071513,0.001153
59761,1,0.071465,0.001118
59762,1,0.071416,0.001084
59763,1,0.071367,0.001050
59764,1,0.071318,0.001016
59765,1,0.071269,0.000982
59766,1,0.071221,0.000948
59767,1,0.071172,0.000915
59768,1,0.071123,0.000882
59769,1,0.071075,0.000849
59770,1,0.071026,0.000817
59771,1,0.070978,0.000786
59772,1,0.070930,0.000755
59773,1,0.070881,0.000724
59774,1,0.070833,0.000694
59775,1,0.070785,0.000665
59776,1,0.070737,0.000637
59777,1,0.070689,0.000609
59778,1,0.070641,0.000581
59779,1,0.070593,0.000554
59780,1,0.070546,0.000527
59781,1,0.070498,0.000500
59782,1,0.070450,0.000474
59783,1,0.070403,0.000447
59784,1,0.070355,0.000422
59785,1,0.070308,0.000396
59786,1,0.070260,0.000372
59787,1,0.070213,0.000348
59788,1,0.070166,0.000325
59789,1,0.070119,0.000303
59790,1,0.070071,0.000282
59791,1,0.070024,0.000262
59792,1,0.069978,0.000243
59793,1,0.069931,0.000225
59794,0,0.069884,0.000180
59795,1,0.070100,0.000144
59796,1,0.070291,0.000115
59797,1,0.070459,0.000092
59798,1,0.070606,0.000074
59799,1,0.070733,0.000059
59800,1,0.070844,0.000047
59801,1,0.070939,0.000038
59802,1,0.071019,0.000030
59803,1,0.071088,0.000024
59804,1,0.071144,0.000019
59805,1,0.071190,0.000015
59806,1,0.071227,0.000047
59807,1,0.071256,0.000147
59808,1,0.071277,0.000284
59809,1,0.071291,0.000438
59810,1,0.071300,0.000594
59811,1,0.071302,0.000743
59812,1,0.071300,0.000879
59813,1,0.071293,0.001000
59814,1,0.071282,0.001105
59815,1,0.071267,0.001194
59816,1,0.071250,0.001267
59817,1,0.071229,0.001327
59818,1,0.071205,0.001376
59819,1,0.071179,0.001414
59820,1,0.071151,0.001444
59821,1,0.071121,0.001467
59822,1,0.071090,0.001484
59823,1,0.071056,0.001497
59824,1,0.071021,0.001507
59825,1,0.070985,0.001514
59826,1,0.070948,0.001520
59827,1,0.070910,0.001525
59828,1,0.070871,0.001529
59829,1,0.070831,0.001532
59830,1,0.070790,0.001536
59831,1,0.070748,0.001539
59832,1,0.070706,0.001542
59833,1,0.070663,0.001544
59834,1,0.070620,0.001547
59835,1,0.070576,0.001549
59836,1,0.070532,0.001551
59837,1,0.070488,0.001552
59838,1,0.070443,0.001552
59839,1,0.070398,0.001552
59840,1,0.070353,0.001551
59841,1,0.070307,0.001548
59842,1,0.070262,0.001545
59843,1,0.070216,0.001540
59844,1,0.070170,0.001534
59845,1,0.070123,0.001527
59846,1,0.070077,0.001518
59847,1,0.070031,0.001507
59848,1,0.069984,0.001495
59849,1,0.069938,0.001482
59850,1,0.069891,0.001467
59851,1,0.069845,0.001451
59852,1,0.069798,0.001433
59853,1,0.069751,0.001414
59854,1,0.069704,0.001394
59855,1,0.069658,0.001372
59856,1,0.069611,0.001349
59857,1,0.069564,0.001325
59858,1,0.069518,0.001300
59859,1,0.069471,0.001274
59860,1,0.069424,0.001247
59861,1,0.069378,0.001220
59862,1,0.069331,0.001191
59863,1,0.069284,0.001162
59864,1,0.069238,0.001133
59865,1,0.069191,0.001103
59866,1,0.069145,0.001072
59867,1,0.069099,0.001042
59868,1,0.069052,0.001011
59869,1,0.069006,0.000980
59870,1,0.068960,0.000949
59871,0,0.068913,0.000759
59872,1,0.069131,0.000607
59873,1,0.069323,0.000486
59874,1,0.069492,0.000389
59875,1,0.069639,0.000311
59876,1,0.069768,0.000249
59877,1,0.069879,0.000199
59878,1,0.069975,0.000159
59879,1,0.070056,0.000127
59880,1,0.070125,0.000102
59881,1,0.070183,0.000082
59882,1,0.070230,0.000079
59883,1,0.070268,0.000169
59884,1,0.070297,0.000311
59885,1,0.070319,0.000479
59886,1,0.070334,0.000654
59887,1,0.070342,0.000824
59888,1,0.070346,0.000981
59889,1,0.070344,0.001121
59890,1,0.070337,0.001242
59891,1,0.070327,0.001345
59892,1,0.070313,0.001429
59893,1,0.070296,0.001498
59894,1,0.070276,0.001551
59895,1,0.070253,0.001592
59896,1,0.070227,0.001623
59897,1,0.070200,0.001644
59898,1,0.070170,0.001659
59899,1,0.070139,0.001668
59900,1,0.070106,0.001673
59901,1,0.070072,0.001675
59902,1,0.070036,0.001675
59903,1,0.069999,0.001673
59904,1,0.069962,0.001671
59905,1,0.069923,0.001667
59906,1,0.069883,0.001664
59907,1,0.069843,0.001661
59908,1,0.069802,0.001657
59909,1,0.069760,0.001654
59910,1,0.069718,0.001651
59911,1,0.069675,0.001648
59912,1,0.069632,0.001644
59913,1,0.069588,0.001641
59914,1,0.069544,0.001637
59915,1,0.069500,0.001633
59916,1,0.069455,0.001628
59917,0,0.069410,0.001302
59918,1,0.069632,0.001042
59919,1,0.069827,0.000833
59920,1,0.069999,0.000667
59921,1,0.070149,0.000533
59922,1,0.070280,0.000427
59923,1,0.070393,0.000341
59924,1,0.070491,0.000273
59925,1,0.070573,0.000218
59926,1,0.070643,0.000175
59927,1,0.070702,0.000218
59928,1,0.070750,0.000368
59929,1,0.070788,0.000576
59930,1,0.070818,0.000811
59931,1,0.070840,0.001051
59932,1,0.070855,0.001281
59933,1,0.070863,0.001492
59934,1,0.070866,0.001680
59935,1,0.070864,0.001842
59936,1,0.070858,0.001979
59937,1,0.070847,0.002091
59938,1,0.070832,0.002180
59939,1,0.070815,0.002248
59940,1,0.070794,0.002299
59941,1,0.070770,0.002335
59942,1,0.070744,0.002358
59943,1,0.070715,0.002370
59944,1,0.070685,0.002374
59945,1,0.070652,0.002371
59946,1,0.070618,0.002362
59947,1,0.070583,0.002349
59948,1,0.070546,0.002334
59949,1,0.070508,0.002316
59950,1,0.070469,0.002297
59951,1,0.070429,0.002277
59952,1,0.070388,0.002256
59953,1,0.070346,0.002235
59954,1,0.070304,0.002214
59955,1,0.070260,0.002193
59956,1,0.070217,0.002172
59957,1,0.070172,0.002151
59958,1,0.070128,0.002130
59959,1,0.070082,0.002108
59960,1,0.070037,0.002087
59961,1,0.069991,0.002065
59962,1,0.069945,0.002043
59963,1,0.069898,0.002020
59964,1,0.069852,0.001997
59965,1,0.069805,0.001973
59966,1,0.069758,0.001949
59967,1,0.069710,0.001923
59968,1,0.069663,0.001897
59969,1,0.069615,0.001870
59970,1,0.069568,0.001842
59971,1,0.069520,0.001813
59972,1,0.069472,0.001783
59973,1,0.069425,0.001752
59974,1,0.069377,0.001720
59975,1,0.069329,0.001687
59976,1,0.069281,0.001654
59977,1,0.069233,0.001619
59978,1,0.069185,0.001584
59979,1,0.069137,0.001549
59980,1,0.069089,0.001513
59981,1,0.069041,0.001476
59982,1,0.068993,0.001439
59983,1,0.068945,0.001401
59984,1,0.068897,0.001363
59985,1,0.068850,0.001325
59986,1,0.068802,0.001287
59987,1,0.068754,0.001248
59988,1,0.068706,0.001210
59989,1,0.068659,0.001172
59990,1,0.068611,0.001134
59991,1,0.068563,0.001096
59992,1,0.068516,0.001058
59993,1,0.068468,0.001021
59994,1,0.068421,0.000984
59995,1,0.068374,0.000947
59996,1,0.068326,0.000911
59997,1,0.068279,0.000876
59998,1,0.068232,0.000841
59999,1,0.068185,0.000807
60000,1,0.068138,0.000773
